   92,1991,   1,0.3160E-01,0.1403E+02,0.6784E+02,0.3277E+02,0.6841E+01,0.8894E+01,0.1838E+01,0.7812E+01,0.4851E+02,0.9649E+01,0.1054E+03,
   61,1991,   1,0.8538E+00,0.3372E+03,0.6456E+03,0.1116E+04,0.3065E+03,0.1953E+03,0.1845E+02,0.5145E+02,0.1617E+04,0.6989E+02,0.8399E+03,
   86,1991,   1,0.1924E+00,0.1168E+04,0.4060E+03,0.2094E+03,0.2363E+03,0.5485E+02,0.1820E+02,0.6288E+02,0.5006E+03,0.8107E+02,0.1973E+04,
   34,1991,   1,0.2174E+02,0.1286E+05,0.4806E+04,0.8238E+04,0.1799E+05,0.2611E+04,0.1225E+03,0.2193E+03,0.2884E+05,0.3418E+03,0.1554E+05,
   64,1991,   1,0.1404E+02,0.6221E+04,0.1440E+05,0.9948E+04,0.7048E+04,0.2085E+04,0.3710E+03,0.3463E+03,0.1908E+05,0.7173E+03,0.1752E+05,
   63,1991,   1,0.0000E+00,0.0000E+00,0.0000E+00,0.0000E+00,0.0000E+00,0.0000E+00,0.0000E+00,0.0000E+00,0.0000E+00,0.0000E+00,0.0000E+00,
   59,1991,   1,0.1755E+00,0.6818E+02,0.2030E+03,0.7469E+02,0.9196E+02,0.3666E+02,0.7879E+01,0.4363E+02,0.2033E+03,0.5151E+02,0.2954E+03,
   55,1991,   1,0.6676E-01,0.2643E+02,0.3616E+02,0.1027E+02,0.3424E+02,0.3361E+01,0.1036E+01,0.1824E+01,0.4787E+02,0.2860E+01,0.3961E+02,
   65,1991,   1,0.1097E+00,0.4478E+02,0.1327E+03,0.6256E+02,0.1040E+03,0.5491E+02,0.3580E+01,0.1397E+02,0.2214E+03,0.1755E+02,0.1329E+03,
   32,1991,   1,0.6759E+00,0.2645E+03,0.1924E+03,0.2277E+02,0.7654E+03,0.6752E+02,0.5752E+01,0.4165E+02,0.8557E+03,0.4740E+02,0.2621E+03,
   53,1991,   1,0.1802E-01,0.7778E+01,0.2605E+02,0.1030E+02,0.1344E+02,0.2257E+01,0.4178E+00,0.2201E+01,0.2600E+02,0.2619E+01,0.3714E+02,
   47,1991,   1,0.0000E+00,0.0000E+00,0.0000E+00,0.0000E+00,0.0000E+00,0.0000E+00,0.0000E+00,0.0000E+00,0.0000E+00,0.0000E+00,0.0000E+00,
   81,1991,   1,0.0000E+00,0.0000E+00,0.0000E+00,0.0000E+00,0.0000E+00,0.0000E+00,0.0000E+00,0.0000E+00,0.0000E+00,0.0000E+00,0.0000E+00,
   82,1991,   1,0.4383E-01,0.3028E+02,0.0000E+00,0.0000E+00,0.0000E+00,0.1892E+01,0.0000E+00,0.1892E+02,0.1892E+01,0.1892E+02,0.3028E+02,
   79,1991,   1,0.3454E-02,0.1789E+01,0.8947E+01,0.2672E+01,0.1002E+00,0.5677E+00,0.5190E+00,0.1270E+01,0.3340E+01,0.1789E+01,0.4474E+01,
   77,1991,   1,0.3271E+00,0.1279E+03,0.4512E+03,0.8833E+02,0.1349E+03,0.8554E+02,0.1105E+02,0.6281E+02,0.3088E+03,0.7386E+02,0.6133E+03,
   85,1991,   1,0.2218E+00,0.8843E+02,0.4495E+03,0.2482E+03,0.4507E+02,0.5568E+02,0.7968E+01,0.2377E+02,0.3490E+03,0.3174E+02,0.3814E+03,
   52,1991,   1,0.0000E+00,0.0000E+00,0.0000E+00,0.0000E+00,0.0000E+00,0.0000E+00,0.0000E+00,0.0000E+00,0.0000E+00,0.0000E+00,0.0000E+00,
   56,1991,   1,0.0000E+00,0.0000E+00,0.0000E+00,0.0000E+00,0.0000E+00,0.0000E+00,0.0000E+00,0.0000E+00,0.0000E+00,0.0000E+00,0.0000E+00,
   87,1991,   1,0.0000E+00,0.0000E+00,0.0000E+00,0.0000E+00,0.0000E+00,0.0000E+00,0.0000E+00,0.0000E+00,0.0000E+00,0.0000E+00,0.0000E+00,
   44,1991,   1,0.0000E+00,0.0000E+00,0.0000E+00,0.0000E+00,0.0000E+00,0.0000E+00,0.0000E+00,0.0000E+00,0.0000E+00,0.0000E+00,0.0000E+00,
   41,1991,   1,0.0000E+00,0.0000E+00,0.0000E+00,0.0000E+00,0.0000E+00,0.0000E+00,0.0000E+00,0.0000E+00,0.0000E+00,0.0000E+00,0.0000E+00,
   49,1991,   1,0.1490E-02,0.6434E+00,0.9916E+00,0.1738E+01,0.1969E+00,0.3809E+00,0.6177E-01,0.3243E+00,0.2316E+01,0.3860E+00,0.1321E+01,
   91,1991,   1,0.4000E-01,0.1968E+02,0.7673E+01,0.1648E+02,0.3163E+02,0.5898E+01,0.9005E+00,0.3599E+01,0.5402E+02,0.4500E+01,0.4361E+02,
   51,1991,   1,0.4164E-02,0.1798E+01,0.6472E+01,0.4858E+01,0.5501E+00,0.1064E+01,0.1726E+00,0.9061E+00,0.6472E+01,0.1079E+01,0.9708E+01,
   68,1991,   1,0.0000E+00,0.0000E+00,0.0000E+00,0.0000E+00,0.0000E+00,0.0000E+00,0.0000E+00,0.0000E+00,0.0000E+00,0.0000E+00,0.0000E+00,
   54,1991,   1,0.1486E+00,0.5774E+02,0.0000E+00,0.1424E+03,0.3580E+02,0.1668E+02,0.0000E+00,0.2386E+02,0.1949E+03,0.2386E+02,0.2451E+03,
   33,1991,   1,0.0000E+00,0.0000E+00,0.0000E+00,0.0000E+00,0.0000E+00,0.0000E+00,0.0000E+00,0.0000E+00,0.0000E+00,0.0000E+00,0.0000E+00,
   80,1991,   1,0.0000E+00,0.0000E+00,0.0000E+00,0.0000E+00,0.0000E+00,0.0000E+00,0.0000E+00,0.0000E+00,0.0000E+00,0.0000E+00,0.0000E+00,
   50,1991,   1,0.0000E+00,0.0000E+00,0.0000E+00,0.0000E+00,0.0000E+00,0.0000E+00,0.0000E+00,0.0000E+00,0.0000E+00,0.0000E+00,0.0000E+00,
   58,1991,   1,0.4332E-01,0.1804E+02,0.2576E+02,0.2140E+01,0.8738E+01,0.5980E+01,0.5771E+00,0.6433E+00,0.1686E+02,0.1220E+01,0.2517E+02,
   17,1991,   1,0.7018E-01,0.2807E+02,0.5340E+02,0.2114E+02,0.4694E+02,0.1943E+02,0.3579E+01,0.1068E+02,0.8751E+02,0.1426E+02,0.1551E+03,
   95,1991,   1,0.1010E-01,0.4360E+01,0.1875E+02,0.1176E+02,0.1339E+01,0.2577E+01,0.4133E+00,0.2156E+01,0.1568E+02,0.2569E+01,0.2770E+02,
   90,1991,   1,0.0000E+00,0.0000E+00,0.0000E+00,0.0000E+00,0.0000E+00,0.0000E+00,0.0000E+00,0.0000E+00,0.0000E+00,0.0000E+00,0.0000E+00,
   15,1991,   1,0.0000E+00,0.0000E+00,0.0000E+00,0.0000E+00,0.0000E+00,0.0000E+00,0.0000E+00,0.0000E+00,0.0000E+00,0.0000E+00,0.0000E+00,
   14,1991,   1,0.3856E-01,0.1694E+02,0.2514E+02,0.1358E+02,0.1126E+03,0.1150E+02,0.7982E+01,0.1950E+02,0.1377E+03,0.2749E+02,0.2155E+02,
   31,1991,   1,0.3995E+00,0.2134E+03,0.6633E+03,0.3513E+03,0.2719E+02,0.7577E+02,0.2109E+02,0.4924E+02,0.4543E+03,0.7033E+02,0.8626E+03,
   12,1991,   1,0.1574E-01,0.7189E+01,0.2742E+02,0.1292E+02,0.1293E+02,0.3893E+01,0.1233E+01,0.3019E+01,0.2975E+02,0.4252E+01,0.5883E+02,
   23,1991,   1,0.1406E-01,0.5493E+01,0.5096E+01,0.9740E+00,0.1645E+01,0.3324E+00,0.1106E+00,0.2638E+00,0.2951E+01,0.3744E+00,0.6518E+02,
   25,1991,   1,0.8432E+01,0.7425E+04,0.1436E+05,0.1252E+05,0.2276E+04,0.2859E+04,0.3960E+03,0.8874E+03,0.1765E+05,0.1283E+04,0.2265E+05,
   18,1991,   1,0.2017E-01,0.1055E+02,0.1851E+02,0.1439E+02,0.1259E+02,0.3983E+01,0.1065E+01,0.2556E+01,0.3096E+02,0.3621E+01,0.3691E+02,
    4,1991,   1,0.4920E-01,0.2028E+02,0.1520E+02,0.9976E+01,0.4372E+01,0.2427E+01,0.6788E+00,0.1732E+01,0.1677E+02,0.2411E+01,0.1443E+03,
   74,1991,   1,0.6465E+00,0.2804E+03,0.1191E+04,0.3847E+02,0.6835E+01,0.8331E+03,0.3954E+02,0.9676E+02,0.8784E+03,0.1363E+03,0.1658E+04,
   73,1991,   1,0.1227E-03,0.4769E-01,0.3179E+00,0.4993E+00,0.6062E+01,0.5706E+00,0.2257E+00,0.5267E+00,0.7132E+01,0.7524E+00,0.9481E+00,
   69,1991,   1,0.1812E-01,0.7040E+01,0.7443E+01,0.1999E+01,0.2408E+02,0.2270E+01,0.9261E+00,0.2161E+01,0.2835E+02,0.3087E+01,0.7343E+01,
   20,1991,   1,0.8079E+00,0.4250E+03,0.1263E+04,0.1066E+04,0.4631E+03,0.2586E+03,0.1274E+03,0.3117E+03,0.1787E+04,0.4390E+03,0.1746E+04,
   36,1991,   1,0.0000E+00,0.0000E+00,0.0000E+00,0.0000E+00,0.0000E+00,0.0000E+00,0.0000E+00,0.0000E+00,0.0000E+00,0.0000E+00,0.0000E+00,
   16,1991,   1,0.3871E-03,0.1541E+00,0.1003E+01,0.1597E+01,0.1806E+02,0.1723E+01,0.6770E+00,0.1580E+01,0.2138E+02,0.2257E+01,0.2557E+01,
   26,1991,   1,0.3268E-01,0.1620E+02,0.2030E+02,0.1174E+02,0.3972E+02,0.5608E+01,0.8114E+00,0.1969E+01,0.5707E+02,0.2780E+01,0.4981E+02,
   30,1991,   1,0.4082E-02,0.1928E+01,0.9059E+01,0.4681E+01,0.4023E+01,0.1347E+01,0.3602E+00,0.8817E+00,0.1005E+02,0.1242E+01,0.9171E+01,
   66,1991,   1,0.0000E+00,0.0000E+00,0.0000E+00,0.0000E+00,0.0000E+00,0.0000E+00,0.0000E+00,0.0000E+00,0.0000E+00,0.0000E+00,0.0000E+00,
   24,1991,   1,0.1739E-02,0.7508E+00,0.4505E+01,0.2246E+01,0.8424E-01,0.4773E+00,0.1089E+00,0.2665E+00,0.2808E+01,0.3754E+00,0.3754E+01,
   10,1991,   1,0.3678E+01,0.1611E+04,0.7224E+03,0.4347E+03,0.6569E+02,0.9615E+02,0.2728E+02,0.6645E+02,0.5965E+03,0.9373E+02,0.9522E+04,
   19,1991,   1,0.3004E+01,0.1549E+04,0.4369E+04,0.2814E+04,0.3965E+03,0.6249E+03,0.1677E+03,0.4104E+03,0.3836E+04,0.5781E+03,0.5743E+04,
   11,1991,   1,0.6296E+00,0.3390E+03,0.1056E+04,0.8824E+03,0.3651E+02,0.1878E+03,0.3840E+02,0.9397E+02,0.1107E+04,0.1324E+03,0.1331E+04,
    0,1991,   1,0.5957E-02,0.2315E+01,0.6498E+01,0.2479E+00,0.3010E+01,0.2832E+00,0.1417E+00,0.3305E+00,0.3541E+01,0.4722E+00,0.1301E-02,
   62,1991,   1,0.0000E+00,0.0000E+00,0.0000E+00,0.0000E+00,0.0000E+00,0.0000E+00,0.0000E+00,0.0000E+00,0.0000E+00,0.0000E+00,0.0000E+00,
   92,1991,   2,0.2534E-01,0.1132E+02,0.7498E+02,0.2536E+02,0.6064E+01,0.7080E+01,0.1572E+01,0.6412E+01,0.3850E+02,0.7984E+01,0.1196E+03,
   61,1991,   2,0.6581E+00,0.2610E+03,0.6970E+03,0.8443E+03,0.3414E+03,0.1691E+03,0.1773E+02,0.4530E+02,0.1355E+04,0.6303E+02,0.7129E+03,
   86,1991,   2,0.1605E+00,0.1062E+04,0.4346E+03,0.1726E+03,0.2119E+03,0.4564E+02,0.1605E+02,0.5570E+02,0.4302E+03,0.7175E+02,0.1679E+04,
   34,1991,   2,0.1981E+02,0.1214E+05,0.3960E+04,0.7674E+04,0.1839E+05,0.2299E+04,0.4705E+02,0.1955E+03,0.2836E+05,0.2425E+03,0.1417E+05,
   64,1991,   2,0.1275E+02,0.5788E+04,0.1214E+05,0.1005E+05,0.5406E+04,0.1314E+04,0.3126E+03,0.3490E+03,0.1677E+05,0.6616E+03,0.1412E+05,
   63,1991,   2,0.0000E+00,0.0000E+00,0.0000E+00,0.0000E+00,0.0000E+00,0.0000E+00,0.0000E+00,0.0000E+00,0.0000E+00,0.0000E+00,0.0000E+00,
   59,1991,   2,0.1613E+00,0.6268E+02,0.3245E+03,0.2075E+03,0.5028E+02,0.2674E+02,0.1059E+02,0.3064E+02,0.2845E+03,0.4123E+02,0.3566E+03,
   55,1991,   2,0.5076E-01,0.2014E+02,0.1800E+02,0.9855E+01,0.4825E+02,0.5458E+01,0.1905E+01,0.2021E+01,0.6356E+02,0.3926E+01,0.1317E+02,
   65,1991,   2,0.1054E+00,0.4299E+02,0.1275E+03,0.6005E+02,0.9249E+02,0.5362E+02,0.5401E+01,0.1437E+02,0.2062E+03,0.1977E+02,0.1755E+03,
   32,1991,   2,0.6304E+00,0.2467E+03,0.1284E+03,0.1678E+02,0.7702E+03,0.5296E+02,0.3351E+01,0.5244E+02,0.8399E+03,0.5579E+02,0.1930E+03,
   53,1991,   2,0.1526E-01,0.6587E+01,0.1587E+02,0.8786E+01,0.1132E+02,0.1926E+01,0.3559E+00,0.1874E+01,0.2203E+02,0.2230E+01,0.1286E+02,
   47,1991,   2,0.0000E+00,0.0000E+00,0.0000E+00,0.0000E+00,0.0000E+00,0.0000E+00,0.0000E+00,0.0000E+00,0.0000E+00,0.0000E+00,0.0000E+00,
   81,1991,   2,0.0000E+00,0.0000E+00,0.0000E+00,0.0000E+00,0.0000E+00,0.0000E+00,0.0000E+00,0.0000E+00,0.0000E+00,0.0000E+00,0.0000E+00,
   82,1991,   2,0.4383E-01,0.3028E+02,0.0000E+00,0.0000E+00,0.0000E+00,0.1892E+01,0.0000E+00,0.1892E+02,0.1892E+01,0.1892E+02,0.3028E+02,
   79,1991,   2,0.3454E-02,0.1789E+01,0.8947E+01,0.2672E+01,0.1002E+00,0.5677E+00,0.5190E+00,0.1270E+01,0.3340E+01,0.1789E+01,0.4474E+01,
   77,1991,   2,0.1962E+00,0.7681E+02,0.3174E+03,0.3957E+02,0.9880E+02,0.3743E+02,0.4891E+01,0.3999E+02,0.1758E+03,0.4488E+02,0.3863E+03,
   85,1991,   2,0.2224E+00,0.8865E+02,0.4102E+03,0.2490E+03,0.4516E+02,0.5585E+02,0.8996E+01,0.2677E+02,0.3500E+03,0.3577E+02,0.3568E+03,
   52,1991,   2,0.0000E+00,0.0000E+00,0.0000E+00,0.0000E+00,0.0000E+00,0.0000E+00,0.0000E+00,0.0000E+00,0.0000E+00,0.0000E+00,0.0000E+00,
   56,1991,   2,0.0000E+00,0.0000E+00,0.0000E+00,0.0000E+00,0.0000E+00,0.0000E+00,0.0000E+00,0.0000E+00,0.0000E+00,0.0000E+00,0.0000E+00,
   87,1991,   2,0.0000E+00,0.0000E+00,0.0000E+00,0.0000E+00,0.0000E+00,0.0000E+00,0.0000E+00,0.0000E+00,0.0000E+00,0.0000E+00,0.0000E+00,
   44,1991,   2,0.0000E+00,0.0000E+00,0.0000E+00,0.0000E+00,0.0000E+00,0.0000E+00,0.0000E+00,0.0000E+00,0.0000E+00,0.0000E+00,0.0000E+00,
   41,1991,   2,0.0000E+00,0.0000E+00,0.0000E+00,0.0000E+00,0.0000E+00,0.0000E+00,0.0000E+00,0.0000E+00,0.0000E+00,0.0000E+00,0.0000E+00,
   49,1991,   2,0.1183E-02,0.5109E+00,0.9538E+00,0.1381E+01,0.1563E+00,0.3025E+00,0.4905E-01,0.2575E+00,0.1839E+01,0.3066E+00,0.1113E+01,
   91,1991,   2,0.3658E-01,0.1821E+02,0.6129E+01,0.1250E+02,0.3118E+02,0.5024E+01,0.7588E+00,0.2855E+01,0.4870E+02,0.3614E+01,0.4071E+02,
   51,1991,   2,0.3156E-02,0.1363E+01,0.4905E+01,0.3682E+01,0.4169E+00,0.8065E+00,0.1308E+00,0.6867E+00,0.4905E+01,0.8175E+00,0.1226E+02,
   68,1991,   2,0.0000E+00,0.0000E+00,0.0000E+00,0.0000E+00,0.0000E+00,0.0000E+00,0.0000E+00,0.0000E+00,0.0000E+00,0.0000E+00,0.0000E+00,
   54,1991,   2,0.1205E+00,0.4684E+02,0.0000E+00,0.1488E+03,0.2935E+02,0.7494E+02,0.0000E+00,0.2696E+02,0.2531E+03,0.2696E+02,0.1697E+03,
   33,1991,   2,0.0000E+00,0.0000E+00,0.0000E+00,0.0000E+00,0.0000E+00,0.0000E+00,0.0000E+00,0.0000E+00,0.0000E+00,0.0000E+00,0.0000E+00,
   80,1991,   2,0.0000E+00,0.0000E+00,0.0000E+00,0.0000E+00,0.0000E+00,0.0000E+00,0.0000E+00,0.0000E+00,0.0000E+00,0.0000E+00,0.0000E+00,
   50,1991,   2,0.0000E+00,0.0000E+00,0.0000E+00,0.0000E+00,0.0000E+00,0.0000E+00,0.0000E+00,0.0000E+00,0.0000E+00,0.0000E+00,0.0000E+00,
   58,1991,   2,0.4178E-01,0.1744E+02,0.2560E+02,0.1929E+01,0.8594E+01,0.5725E+01,0.5534E+00,0.6028E+00,0.1625E+02,0.1156E+01,0.2409E+02,
   17,1991,   2,0.9757E-01,0.3876E+02,0.1031E+03,0.3708E+02,0.2121E+02,0.2968E+02,0.6941E+01,0.1659E+02,0.8797E+02,0.2353E+02,0.1897E+03,
   95,1991,   2,0.8298E-02,0.3584E+01,0.1075E+02,0.9665E+01,0.1102E+01,0.2118E+01,0.3395E+00,0.1771E+01,0.1288E+02,0.2110E+01,0.1997E+02,
   90,1991,   2,0.0000E+00,0.0000E+00,0.0000E+00,0.0000E+00,0.0000E+00,0.0000E+00,0.0000E+00,0.0000E+00,0.0000E+00,0.0000E+00,0.0000E+00,
   15,1991,   2,0.0000E+00,0.0000E+00,0.0000E+00,0.0000E+00,0.0000E+00,0.0000E+00,0.0000E+00,0.0000E+00,0.0000E+00,0.0000E+00,0.0000E+00,
   14,1991,   2,0.3856E-01,0.1694E+02,0.1906E+02,0.1358E+02,0.1126E+03,0.1150E+02,0.7982E+01,0.1950E+02,0.1377E+03,0.2749E+02,0.2542E+02,
   31,1991,   2,0.3995E+00,0.2134E+03,0.6633E+03,0.3513E+03,0.2719E+02,0.7577E+02,0.2109E+02,0.4924E+02,0.4543E+03,0.7033E+02,0.8626E+03,
   12,1991,   2,0.1688E-01,0.7681E+01,0.3185E+02,0.1465E+02,0.1300E+02,0.4261E+01,0.1418E+01,0.3473E+01,0.3191E+02,0.4891E+01,0.6473E+02,
   23,1991,   2,0.1406E-01,0.5493E+01,0.5096E+01,0.9740E+00,0.1645E+01,0.3324E+00,0.1106E+00,0.2638E+00,0.2951E+01,0.3744E+00,0.6518E+02,
   25,1991,   2,0.8432E+01,0.7425E+04,0.1436E+05,0.1252E+05,0.2276E+04,0.2859E+04,0.3960E+03,0.8874E+03,0.1765E+05,0.1283E+04,0.2265E+05,
   18,1991,   2,0.2017E-01,0.1055E+02,0.1851E+02,0.1439E+02,0.1259E+02,0.3983E+01,0.1065E+01,0.2556E+01,0.3096E+02,0.3621E+01,0.3691E+02,
    4,1991,   2,0.4920E-01,0.2028E+02,0.1520E+02,0.9976E+01,0.4372E+01,0.2427E+01,0.6788E+00,0.1732E+01,0.1677E+02,0.2411E+01,0.1443E+03,
   74,1991,   2,0.6465E+00,0.2804E+03,0.1191E+04,0.3847E+02,0.6835E+01,0.8331E+03,0.3954E+02,0.9676E+02,0.8784E+03,0.1363E+03,0.1658E+04,
   73,1991,   2,0.1227E-03,0.4769E-01,0.3179E+00,0.4993E+00,0.6062E+01,0.5706E+00,0.2257E+00,0.5267E+00,0.7132E+01,0.7524E+00,0.9481E+00,
   69,1991,   2,0.1812E-01,0.7040E+01,0.7443E+01,0.1999E+01,0.2408E+02,0.2270E+01,0.9261E+00,0.2161E+01,0.2835E+02,0.3087E+01,0.7343E+01,
   20,1991,   2,0.8079E+00,0.4250E+03,0.1263E+04,0.1066E+04,0.4631E+03,0.2586E+03,0.1274E+03,0.3117E+03,0.1787E+04,0.4390E+03,0.1746E+04,
   36,1991,   2,0.0000E+00,0.0000E+00,0.0000E+00,0.0000E+00,0.0000E+00,0.0000E+00,0.0000E+00,0.0000E+00,0.0000E+00,0.0000E+00,0.0000E+00,
   16,1991,   2,0.3871E-03,0.1541E+00,0.1003E+01,0.1597E+01,0.1806E+02,0.1723E+01,0.6770E+00,0.1580E+01,0.2138E+02,0.2257E+01,0.2557E+01,
   26,1991,   2,0.3268E-01,0.1620E+02,0.2030E+02,0.1174E+02,0.3972E+02,0.5608E+01,0.8114E+00,0.1969E+01,0.5707E+02,0.2780E+01,0.4981E+02,
   30,1991,   2,0.4082E-02,0.1928E+01,0.9059E+01,0.4681E+01,0.4023E+01,0.1347E+01,0.3602E+00,0.8817E+00,0.1005E+02,0.1242E+01,0.9171E+01,
   66,1991,   2,0.0000E+00,0.0000E+00,0.0000E+00,0.0000E+00,0.0000E+00,0.0000E+00,0.0000E+00,0.0000E+00,0.0000E+00,0.0000E+00,0.0000E+00,
   24,1991,   2,0.1739E-02,0.7508E+00,0.4505E+01,0.2246E+01,0.8424E-01,0.4773E+00,0.1089E+00,0.2665E+00,0.2808E+01,0.3754E+00,0.3754E+01,
   10,1991,   2,0.3678E+01,0.1611E+04,0.7224E+03,0.4347E+03,0.6569E+02,0.9615E+02,0.2728E+02,0.6645E+02,0.5965E+03,0.9373E+02,0.9522E+04,
   19,1991,   2,0.3012E+01,0.1553E+04,0.4443E+04,0.2884E+04,0.4454E+03,0.6380E+03,0.1716E+03,0.4198E+03,0.3968E+04,0.5914E+03,0.5831E+04,
   11,1991,   2,0.6296E+00,0.3390E+03,0.1056E+04,0.8824E+03,0.3651E+02,0.1878E+03,0.3840E+02,0.9397E+02,0.1107E+04,0.1324E+03,0.1331E+04,
    0,1991,   2,0.5957E-02,0.2315E+01,0.6498E+01,0.2479E+00,0.3010E+01,0.2832E+00,0.1417E+00,0.3305E+00,0.3541E+01,0.4722E+00,0.1301E-02,
   62,1991,   2,0.0000E+00,0.0000E+00,0.0000E+00,0.0000E+00,0.0000E+00,0.0000E+00,0.0000E+00,0.0000E+00,0.0000E+00,0.0000E+00,0.0000E+00,
   92,1991,   3,0.2437E-01,0.1090E+02,0.6308E+02,0.2425E+02,0.5928E+01,0.6870E+01,0.1533E+01,0.6209E+01,0.3705E+02,0.7741E+01,0.9724E+02,
   61,1991,   3,0.7537E+00,0.2983E+03,0.6191E+03,0.9542E+03,0.4454E+03,0.1797E+03,0.1632E+02,0.4848E+02,0.1579E+04,0.6479E+02,0.6638E+03,
   86,1991,   3,0.1460E+00,0.1111E+04,0.4228E+03,0.1687E+03,0.2212E+03,0.4437E+02,0.1584E+02,0.5142E+02,0.4342E+03,0.6726E+02,0.1730E+04,
   34,1991,   3,0.2029E+02,0.1093E+05,0.4415E+04,0.8312E+04,0.1561E+05,0.2722E+04,0.6317E+02,0.1395E+03,0.2664E+05,0.2027E+03,0.1424E+05,
   64,1991,   3,0.1409E+02,0.6346E+04,0.1367E+05,0.1126E+05,0.6036E+04,0.2543E+04,0.3495E+03,0.4007E+03,0.1984E+05,0.7503E+03,0.1612E+05,
   63,1991,   3,0.0000E+00,0.0000E+00,0.0000E+00,0.0000E+00,0.0000E+00,0.0000E+00,0.0000E+00,0.0000E+00,0.0000E+00,0.0000E+00,0.0000E+00,
   59,1991,   3,0.1794E+00,0.6971E+02,0.1921E+03,0.4152E+02,0.2943E+02,0.2711E+02,0.7746E+01,0.3377E+02,0.9806E+02,0.4152E+02,0.1952E+03,
   55,1991,   3,0.5962E-01,0.2362E+02,0.2330E+02,0.1530E+02,0.4283E+02,0.7785E+01,0.2324E+00,0.1311E+01,0.6591E+02,0.1544E+01,0.3496E+02,
   65,1991,   3,0.1137E+00,0.4622E+02,0.2023E+03,0.5592E+02,0.1058E+03,0.6550E+02,0.5341E+01,0.1958E+02,0.2272E+03,0.2492E+02,0.2929E+03,
   32,1991,   3,0.6619E+00,0.2591E+03,0.2324E+02,0.1744E+02,0.7511E+03,0.4457E+02,0.2459E+01,0.4801E+02,0.8132E+03,0.5047E+02,0.1462E+03,
   53,1991,   3,0.1735E-01,0.7492E+01,0.3016E+02,0.1002E+02,0.1285E+02,0.2195E+01,0.4055E+00,0.2136E+01,0.2506E+02,0.2541E+01,0.6673E+02,
   47,1991,   3,0.0000E+00,0.0000E+00,0.0000E+00,0.0000E+00,0.0000E+00,0.0000E+00,0.0000E+00,0.0000E+00,0.0000E+00,0.0000E+00,0.0000E+00,
   81,1991,   3,0.0000E+00,0.0000E+00,0.0000E+00,0.0000E+00,0.0000E+00,0.0000E+00,0.0000E+00,0.0000E+00,0.0000E+00,0.0000E+00,0.0000E+00,
   82,1991,   3,0.4383E-01,0.3028E+02,0.0000E+00,0.0000E+00,0.0000E+00,0.1892E+01,0.0000E+00,0.1892E+02,0.1892E+01,0.1892E+02,0.3028E+02,
   79,1991,   3,0.3454E-02,0.1789E+01,0.8947E+01,0.2672E+01,0.1002E+00,0.5677E+00,0.5190E+00,0.1270E+01,0.3340E+01,0.1789E+01,0.4474E+01,
   77,1991,   3,0.3936E+00,0.1536E+03,0.6834E+03,0.5057E+02,0.2376E+03,0.5945E+02,0.6891E+01,0.8359E+02,0.3476E+03,0.9048E+02,0.8816E+03,
   85,1991,   3,0.2107E+00,0.8414E+02,0.3641E+03,0.2354E+03,0.4362E+02,0.5286E+02,0.8385E+01,0.2540E+02,0.3318E+03,0.3378E+02,0.3361E+03,
   52,1991,   3,0.0000E+00,0.0000E+00,0.0000E+00,0.0000E+00,0.0000E+00,0.0000E+00,0.0000E+00,0.0000E+00,0.0000E+00,0.0000E+00,0.0000E+00,
   56,1991,   3,0.0000E+00,0.0000E+00,0.0000E+00,0.0000E+00,0.0000E+00,0.0000E+00,0.0000E+00,0.0000E+00,0.0000E+00,0.0000E+00,0.0000E+00,
   87,1991,   3,0.0000E+00,0.0000E+00,0.0000E+00,0.0000E+00,0.0000E+00,0.0000E+00,0.0000E+00,0.0000E+00,0.0000E+00,0.0000E+00,0.0000E+00,
   44,1991,   3,0.0000E+00,0.0000E+00,0.0000E+00,0.0000E+00,0.0000E+00,0.0000E+00,0.0000E+00,0.0000E+00,0.0000E+00,0.0000E+00,0.0000E+00,
   41,1991,   3,0.0000E+00,0.0000E+00,0.0000E+00,0.0000E+00,0.0000E+00,0.0000E+00,0.0000E+00,0.0000E+00,0.0000E+00,0.0000E+00,0.0000E+00,
   49,1991,   3,0.1446E-02,0.6245E+00,0.1858E+01,0.1687E+01,0.1911E+00,0.3697E+00,0.5995E-01,0.3147E+00,0.2248E+01,0.3747E+00,0.1949E+01,
   91,1991,   3,0.4166E-01,0.2040E+02,0.1530E+02,0.1843E+02,0.3185E+02,0.6323E+01,0.9695E+00,0.3962E+01,0.5661E+02,0.4931E+01,0.4579E+02,
   51,1991,   3,0.2849E-02,0.1230E+01,0.3690E+01,0.3324E+01,0.3764E+00,0.7281E+00,0.1181E+00,0.6199E+00,0.4428E+01,0.7380E+00,0.3690E+01,
   68,1991,   3,0.0000E+00,0.0000E+00,0.0000E+00,0.0000E+00,0.0000E+00,0.0000E+00,0.0000E+00,0.0000E+00,0.0000E+00,0.0000E+00,0.0000E+00,
   54,1991,   3,0.1341E+00,0.5212E+02,0.0000E+00,0.1946E+03,0.3498E+02,0.5327E+02,0.0000E+00,0.3741E+02,0.2828E+03,0.3741E+02,0.1876E+03,
   33,1991,   3,0.0000E+00,0.0000E+00,0.0000E+00,0.0000E+00,0.0000E+00,0.0000E+00,0.0000E+00,0.0000E+00,0.0000E+00,0.0000E+00,0.0000E+00,
   80,1991,   3,0.0000E+00,0.0000E+00,0.0000E+00,0.0000E+00,0.0000E+00,0.0000E+00,0.0000E+00,0.0000E+00,0.0000E+00,0.0000E+00,0.0000E+00,
   50,1991,   3,0.0000E+00,0.0000E+00,0.0000E+00,0.0000E+00,0.0000E+00,0.0000E+00,0.0000E+00,0.0000E+00,0.0000E+00,0.0000E+00,0.0000E+00,
   58,1991,   3,0.4262E-01,0.1777E+02,0.3073E+02,0.2137E+01,0.8675E+01,0.5871E+01,0.2303E+01,0.9497E+00,0.1668E+02,0.3252E+01,0.1924E+02,
   17,1991,   3,0.5856E-01,0.2364E+02,0.5704E+02,0.2313E+02,0.3438E+02,0.1234E+02,0.1902E+01,0.7818E+01,0.6985E+02,0.9720E+01,0.6193E+02,
   95,1991,   3,0.9044E-02,0.3906E+01,0.1395E+02,0.1053E+02,0.1200E+01,0.2308E+01,0.3703E+00,0.1931E+01,0.1404E+02,0.2301E+01,0.4658E+02,
   90,1991,   3,0.0000E+00,0.0000E+00,0.0000E+00,0.0000E+00,0.0000E+00,0.0000E+00,0.0000E+00,0.0000E+00,0.0000E+00,0.0000E+00,0.0000E+00,
   15,1991,   3,0.0000E+00,0.0000E+00,0.0000E+00,0.0000E+00,0.0000E+00,0.0000E+00,0.0000E+00,0.0000E+00,0.0000E+00,0.0000E+00,0.0000E+00,
   14,1991,   3,0.3856E-01,0.1694E+02,0.1869E+02,0.1358E+02,0.1126E+03,0.1150E+02,0.7982E+01,0.1950E+02,0.1377E+03,0.2749E+02,0.2239E+02,
   31,1991,   3,0.3995E+00,0.2134E+03,0.6633E+03,0.3513E+03,0.2719E+02,0.7577E+02,0.2109E+02,0.4924E+02,0.4543E+03,0.7033E+02,0.8626E+03,
   12,1991,   3,0.1658E-01,0.7548E+01,0.3066E+02,0.1419E+02,0.1298E+02,0.4162E+01,0.1368E+01,0.3351E+01,0.3133E+02,0.4719E+01,0.6314E+02,
   23,1991,   3,0.1406E-01,0.5493E+01,0.5096E+01,0.9740E+00,0.1645E+01,0.3324E+00,0.1106E+00,0.2638E+00,0.2951E+01,0.3744E+00,0.6518E+02,
   25,1991,   3,0.8432E+01,0.7425E+04,0.1436E+05,0.1252E+05,0.2276E+04,0.2859E+04,0.3960E+03,0.8874E+03,0.1765E+05,0.1283E+04,0.2265E+05,
   18,1991,   3,0.2017E-01,0.1055E+02,0.1851E+02,0.1439E+02,0.1259E+02,0.3983E+01,0.1065E+01,0.2556E+01,0.3096E+02,0.3621E+01,0.3691E+02,
    4,1991,   3,0.4920E-01,0.2028E+02,0.1520E+02,0.9976E+01,0.4372E+01,0.2427E+01,0.6788E+00,0.1732E+01,0.1677E+02,0.2411E+01,0.1443E+03,
   74,1991,   3,0.6465E+00,0.2804E+03,0.1191E+04,0.3847E+02,0.6835E+01,0.8331E+03,0.3954E+02,0.9676E+02,0.8784E+03,0.1363E+03,0.1658E+04,
   73,1991,   3,0.1227E-03,0.4769E-01,0.3179E+00,0.4993E+00,0.6062E+01,0.5706E+00,0.2257E+00,0.5267E+00,0.7132E+01,0.7524E+00,0.9481E+00,
   69,1991,   3,0.1812E-01,0.7040E+01,0.7443E+01,0.1999E+01,0.2408E+02,0.2270E+01,0.9261E+00,0.2161E+01,0.2835E+02,0.3087E+01,0.7343E+01,
   20,1991,   3,0.8079E+00,0.4250E+03,0.1263E+04,0.1066E+04,0.4631E+03,0.2586E+03,0.1274E+03,0.3117E+03,0.1787E+04,0.4390E+03,0.1746E+04,
   36,1991,   3,0.0000E+00,0.0000E+00,0.0000E+00,0.0000E+00,0.0000E+00,0.0000E+00,0.0000E+00,0.0000E+00,0.0000E+00,0.0000E+00,0.0000E+00,
   16,1991,   3,0.3871E-03,0.1541E+00,0.1003E+01,0.1597E+01,0.1806E+02,0.1723E+01,0.6770E+00,0.1580E+01,0.2138E+02,0.2257E+01,0.2557E+01,
   26,1991,   3,0.3268E-01,0.1620E+02,0.2030E+02,0.1174E+02,0.3972E+02,0.5608E+01,0.8114E+00,0.1969E+01,0.5707E+02,0.2780E+01,0.4981E+02,
   30,1991,   3,0.4082E-02,0.1928E+01,0.9059E+01,0.4681E+01,0.4023E+01,0.1347E+01,0.3602E+00,0.8817E+00,0.1005E+02,0.1242E+01,0.9171E+01,
   66,1991,   3,0.0000E+00,0.0000E+00,0.0000E+00,0.0000E+00,0.0000E+00,0.0000E+00,0.0000E+00,0.0000E+00,0.0000E+00,0.0000E+00,0.0000E+00,
   24,1991,   3,0.1739E-02,0.7508E+00,0.4505E+01,0.2246E+01,0.8424E-01,0.4773E+00,0.1089E+00,0.2665E+00,0.2808E+01,0.3754E+00,0.3754E+01,
   10,1991,   3,0.3678E+01,0.1611E+04,0.7224E+03,0.4347E+03,0.6569E+02,0.9615E+02,0.2728E+02,0.6645E+02,0.5965E+03,0.9373E+02,0.9522E+04,
   19,1991,   3,0.3003E+01,0.1549E+04,0.4364E+04,0.2810E+04,0.3934E+03,0.6240E+03,0.1675E+03,0.4098E+03,0.3827E+04,0.5772E+03,0.5737E+04,
   11,1991,   3,0.6296E+00,0.3390E+03,0.1056E+04,0.8824E+03,0.3651E+02,0.1878E+03,0.3840E+02,0.9397E+02,0.1107E+04,0.1324E+03,0.1331E+04,
    0,1991,   3,0.5957E-02,0.2315E+01,0.6498E+01,0.2479E+00,0.3010E+01,0.2832E+00,0.1417E+00,0.3305E+00,0.3541E+01,0.4722E+00,0.1301E-02,
   62,1991,   3,0.0000E+00,0.0000E+00,0.0000E+00,0.0000E+00,0.0000E+00,0.0000E+00,0.0000E+00,0.0000E+00,0.0000E+00,0.0000E+00,0.0000E+00,
   92,1991,   4,0.2748E-01,0.1225E+02,0.9533E+02,0.2788E+02,0.6339E+01,0.7665E+01,0.1662E+01,0.6886E+01,0.4189E+02,0.8548E+01,0.9900E+02,
   61,1991,   4,0.6649E+00,0.2639E+03,0.5180E+03,0.7929E+03,0.2841E+03,0.1413E+03,0.1352E+02,0.3789E+02,0.1218E+04,0.5141E+02,0.5536E+03,
   86,1991,   4,0.1286E+00,0.1046E+04,0.2945E+03,0.1451E+03,0.2096E+03,0.3940E+02,0.1448E+02,0.4743E+02,0.3941E+03,0.6191E+02,0.1485E+04,
   34,1991,   4,0.1941E+02,0.1110E+05,0.3920E+04,0.7640E+04,0.1807E+05,0.2453E+04,0.5814E+02,0.1768E+03,0.2816E+05,0.2350E+03,0.1410E+05,
   64,1991,   4,0.1350E+02,0.6070E+04,0.1295E+05,0.7646E+04,0.6698E+04,0.1625E+04,0.3240E+03,0.5557E+03,0.1597E+05,0.8797E+03,0.1215E+05,
   63,1991,   4,0.0000E+00,0.0000E+00,0.0000E+00,0.0000E+00,0.0000E+00,0.0000E+00,0.0000E+00,0.0000E+00,0.0000E+00,0.0000E+00,0.0000E+00,
   59,1991,   4,0.2262E+00,0.8788E+02,0.1465E+03,0.2812E+02,0.5937E+02,0.3124E+02,0.3320E+01,0.4004E+02,0.1187E+03,0.4336E+02,0.1328E+03,
   55,1991,   4,0.5213E-01,0.2069E+02,0.3538E+02,0.2489E+02,0.2298E+02,0.5375E+01,0.7039E+00,0.2107E+01,0.5325E+02,0.2811E+01,0.2075E+02,
   65,1991,   4,0.9398E-01,0.3849E+02,0.8457E+02,0.3375E+02,0.9980E+02,0.4222E+02,0.3006E+01,0.1322E+02,0.1758E+03,0.1622E+02,0.2094E+03,
   32,1991,   4,0.6417E+00,0.2513E+03,0.2751E+02,0.1776E+02,0.8069E+03,0.4342E+02,0.2629E+01,0.5165E+02,0.8681E+03,0.5428E+02,0.1504E+03,
   53,1991,   4,0.1813E-01,0.7829E+01,0.2289E+02,0.1055E+02,0.1334E+02,0.2313E+01,0.4263E+00,0.2245E+01,0.2620E+02,0.2672E+01,0.2804E+02,
   47,1991,   4,0.0000E+00,0.0000E+00,0.0000E+00,0.0000E+00,0.0000E+00,0.0000E+00,0.0000E+00,0.0000E+00,0.0000E+00,0.0000E+00,0.0000E+00,
   81,1991,   4,0.0000E+00,0.0000E+00,0.0000E+00,0.0000E+00,0.0000E+00,0.0000E+00,0.0000E+00,0.0000E+00,0.0000E+00,0.0000E+00,0.0000E+00,
   82,1991,   4,0.4383E-01,0.3028E+02,0.0000E+00,0.0000E+00,0.0000E+00,0.1892E+01,0.0000E+00,0.1892E+02,0.1892E+01,0.1892E+02,0.3028E+02,
   79,1991,   4,0.3454E-02,0.1789E+01,0.8947E+01,0.2672E+01,0.1002E+00,0.5677E+00,0.5190E+00,0.1270E+01,0.3340E+01,0.1789E+01,0.4474E+01,
   77,1991,   4,0.2747E+00,0.1074E+03,0.3071E+03,0.5487E+02,0.1332E+03,0.5379E+02,0.8415E+01,0.5382E+02,0.2418E+03,0.6224E+02,0.3684E+03,
   85,1991,   4,0.2075E+00,0.8289E+02,0.2802E+03,0.2316E+03,0.4319E+02,0.5203E+02,0.7644E+01,0.2276E+02,0.3268E+03,0.3040E+02,0.2602E+03,
   52,1991,   4,0.0000E+00,0.0000E+00,0.0000E+00,0.0000E+00,0.0000E+00,0.0000E+00,0.0000E+00,0.0000E+00,0.0000E+00,0.0000E+00,0.0000E+00,
   56,1991,   4,0.0000E+00,0.0000E+00,0.0000E+00,0.0000E+00,0.0000E+00,0.0000E+00,0.0000E+00,0.0000E+00,0.0000E+00,0.0000E+00,0.0000E+00,
   87,1991,   4,0.0000E+00,0.0000E+00,0.0000E+00,0.0000E+00,0.0000E+00,0.0000E+00,0.0000E+00,0.0000E+00,0.0000E+00,0.0000E+00,0.0000E+00,
   44,1991,   4,0.0000E+00,0.0000E+00,0.0000E+00,0.0000E+00,0.0000E+00,0.0000E+00,0.0000E+00,0.0000E+00,0.0000E+00,0.0000E+00,0.0000E+00,
   41,1991,   4,0.0000E+00,0.0000E+00,0.0000E+00,0.0000E+00,0.0000E+00,0.0000E+00,0.0000E+00,0.0000E+00,0.0000E+00,0.0000E+00,0.0000E+00,
   49,1991,   4,0.1359E-02,0.5866E+00,0.1745E+01,0.1585E+01,0.1795E+00,0.3473E+00,0.5632E-01,0.2957E+00,0.2112E+01,0.3520E+00,0.2256E+01,
   91,1991,   4,0.4127E-01,0.2023E+02,0.1500E+02,0.1797E+02,0.3180E+02,0.6222E+01,0.9532E+00,0.3876E+01,0.5599E+02,0.4829E+01,0.4539E+02,
   51,1991,   4,0.2542E-02,0.1098E+01,0.2854E+01,0.2966E+01,0.3359E+00,0.6497E+00,0.1054E+00,0.5532E+00,0.3951E+01,0.6586E+00,0.1756E+01,
   68,1991,   4,0.0000E+00,0.0000E+00,0.0000E+00,0.0000E+00,0.0000E+00,0.0000E+00,0.0000E+00,0.0000E+00,0.0000E+00,0.0000E+00,0.0000E+00,
   54,1991,   4,0.1254E+00,0.4871E+02,0.0000E+00,0.1104E+03,0.8356E+02,0.7685E+02,0.0000E+00,0.3323E+02,0.2708E+03,0.3323E+02,0.1570E+03,
   33,1991,   4,0.0000E+00,0.0000E+00,0.0000E+00,0.0000E+00,0.0000E+00,0.0000E+00,0.0000E+00,0.0000E+00,0.0000E+00,0.0000E+00,0.0000E+00,
   80,1991,   4,0.0000E+00,0.0000E+00,0.0000E+00,0.0000E+00,0.0000E+00,0.0000E+00,0.0000E+00,0.0000E+00,0.0000E+00,0.0000E+00,0.0000E+00,
   50,1991,   4,0.0000E+00,0.0000E+00,0.0000E+00,0.0000E+00,0.0000E+00,0.0000E+00,0.0000E+00,0.0000E+00,0.0000E+00,0.0000E+00,0.0000E+00,
   58,1991,   4,0.4248E-01,0.1771E+02,0.2866E+02,0.2034E+01,0.8660E+01,0.5842E+01,0.4528E+00,0.6229E+00,0.1654E+02,0.1076E+01,0.2301E+02,
   17,1991,   4,0.1021E+00,0.4051E+02,0.1534E+03,0.2185E+02,0.3925E+02,0.3018E+02,0.7233E+01,0.1632E+02,0.9127E+02,0.2355E+02,0.2402E+03,
   95,1991,   4,0.8167E-02,0.3527E+01,0.1442E+02,0.9511E+01,0.1084E+01,0.2084E+01,0.3346E+00,0.1746E+01,0.1268E+02,0.2080E+01,0.2416E+02,
   90,1991,   4,0.0000E+00,0.0000E+00,0.0000E+00,0.0000E+00,0.0000E+00,0.0000E+00,0.0000E+00,0.0000E+00,0.0000E+00,0.0000E+00,0.0000E+00,
   15,1991,   4,0.0000E+00,0.0000E+00,0.0000E+00,0.0000E+00,0.0000E+00,0.0000E+00,0.0000E+00,0.0000E+00,0.0000E+00,0.0000E+00,0.0000E+00,
   14,1991,   4,0.3856E-01,0.1694E+02,0.1957E+02,0.1358E+02,0.1126E+03,0.1150E+02,0.7982E+01,0.1950E+02,0.1377E+03,0.2749E+02,0.2091E+02,
   31,1991,   4,0.3995E+00,0.2134E+03,0.6633E+03,0.3513E+03,0.2719E+02,0.7577E+02,0.2109E+02,0.4924E+02,0.4543E+03,0.7033E+02,0.8626E+03,
   12,1991,   4,0.1662E-01,0.7567E+01,0.3083E+02,0.1425E+02,0.1298E+02,0.4176E+01,0.1376E+01,0.3368E+01,0.3141E+02,0.4744E+01,0.6337E+02,
   23,1991,   4,0.1406E-01,0.5493E+01,0.5096E+01,0.9740E+00,0.1645E+01,0.3324E+00,0.1106E+00,0.2638E+00,0.2951E+01,0.3744E+00,0.6518E+02,
   25,1991,   4,0.8432E+01,0.7425E+04,0.1436E+05,0.1252E+05,0.2276E+04,0.2859E+04,0.3960E+03,0.8874E+03,0.1765E+05,0.1283E+04,0.2265E+05,
   18,1991,   4,0.2017E-01,0.1055E+02,0.1851E+02,0.1439E+02,0.1259E+02,0.3983E+01,0.1065E+01,0.2556E+01,0.3096E+02,0.3621E+01,0.3691E+02,
    4,1991,   4,0.4920E-01,0.2028E+02,0.1520E+02,0.9976E+01,0.4372E+01,0.2427E+01,0.6788E+00,0.1732E+01,0.1677E+02,0.2411E+01,0.1443E+03,
   74,1991,   4,0.6465E+00,0.2804E+03,0.1191E+04,0.3847E+02,0.6835E+01,0.8331E+03,0.3954E+02,0.9676E+02,0.8784E+03,0.1363E+03,0.1658E+04,
   73,1991,   4,0.1227E-03,0.4769E-01,0.3179E+00,0.4993E+00,0.6062E+01,0.5706E+00,0.2257E+00,0.5267E+00,0.7132E+01,0.7524E+00,0.9481E+00,
   69,1991,   4,0.1812E-01,0.7040E+01,0.7443E+01,0.1999E+01,0.2408E+02,0.2270E+01,0.9261E+00,0.2161E+01,0.2835E+02,0.3087E+01,0.7343E+01,
   20,1991,   4,0.8079E+00,0.4250E+03,0.1263E+04,0.1066E+04,0.4631E+03,0.2586E+03,0.1274E+03,0.3117E+03,0.1787E+04,0.4390E+03,0.1746E+04,
   36,1991,   4,0.0000E+00,0.0000E+00,0.0000E+00,0.0000E+00,0.0000E+00,0.0000E+00,0.0000E+00,0.0000E+00,0.0000E+00,0.0000E+00,0.0000E+00,
   16,1991,   4,0.3871E-03,0.1541E+00,0.1003E+01,0.1597E+01,0.1806E+02,0.1723E+01,0.6770E+00,0.1580E+01,0.2138E+02,0.2257E+01,0.2557E+01,
   26,1991,   4,0.3268E-01,0.1620E+02,0.2030E+02,0.1174E+02,0.3972E+02,0.5608E+01,0.8114E+00,0.1969E+01,0.5707E+02,0.2780E+01,0.4981E+02,
   30,1991,   4,0.4082E-02,0.1928E+01,0.9059E+01,0.4681E+01,0.4023E+01,0.1347E+01,0.3602E+00,0.8817E+00,0.1005E+02,0.1242E+01,0.9171E+01,
   66,1991,   4,0.0000E+00,0.0000E+00,0.0000E+00,0.0000E+00,0.0000E+00,0.0000E+00,0.0000E+00,0.0000E+00,0.0000E+00,0.0000E+00,0.0000E+00,
   24,1991,   4,0.1739E-02,0.7508E+00,0.4505E+01,0.2246E+01,0.8424E-01,0.4773E+00,0.1089E+00,0.2665E+00,0.2808E+01,0.3754E+00,0.3754E+01,
   10,1991,   4,0.3678E+01,0.1611E+04,0.7224E+03,0.4347E+03,0.6569E+02,0.9615E+02,0.2728E+02,0.6645E+02,0.5965E+03,0.9373E+02,0.9522E+04,
   19,1991,   4,0.3006E+01,0.1550E+04,0.4387E+04,0.2831E+04,0.4081E+03,0.6280E+03,0.1686E+03,0.4126E+03,0.3867E+04,0.5812E+03,0.5764E+04,
   11,1991,   4,0.6296E+00,0.3390E+03,0.1056E+04,0.8824E+03,0.3651E+02,0.1878E+03,0.3840E+02,0.9397E+02,0.1107E+04,0.1324E+03,0.1331E+04,
    0,1991,   4,0.5957E-02,0.2315E+01,0.6498E+01,0.2479E+00,0.3010E+01,0.2832E+00,0.1417E+00,0.3305E+00,0.3541E+01,0.4722E+00,0.1301E-02,
   62,1991,   4,0.0000E+00,0.0000E+00,0.0000E+00,0.0000E+00,0.0000E+00,0.0000E+00,0.0000E+00,0.0000E+00,0.0000E+00,0.0000E+00,0.0000E+00,
   92,1991,   5,0.2301E-01,0.1032E+02,0.6636E+02,0.2264E+02,0.5764E+01,0.6458E+01,0.1475E+01,0.5902E+01,0.3486E+02,0.7377E+01,0.7623E+02,
   61,1991,   5,0.6953E+00,0.2765E+03,0.5028E+03,0.6995E+03,0.2786E+03,0.1931E+03,0.9261E+01,0.4203E+02,0.1171E+04,0.5129E+02,0.5050E+03,
   86,1991,   5,0.1229E+00,0.1016E+04,0.2608E+03,0.1419E+03,0.1976E+03,0.3949E+02,0.1423E+02,0.4602E+02,0.3790E+03,0.6025E+02,0.1416E+04,
   34,1991,   5,0.1963E+02,0.1156E+05,0.3976E+04,0.7610E+04,0.2043E+05,0.2486E+04,0.1336E+03,0.1829E+03,0.3052E+05,0.3166E+03,0.1429E+05,
   64,1991,   5,0.1289E+02,0.5873E+04,0.1169E+05,0.8831E+04,0.5836E+04,0.2329E+04,0.2499E+03,0.5036E+03,0.1700E+05,0.7536E+03,0.9943E+04,
   63,1991,   5,0.0000E+00,0.0000E+00,0.0000E+00,0.0000E+00,0.0000E+00,0.0000E+00,0.0000E+00,0.0000E+00,0.0000E+00,0.0000E+00,0.0000E+00,
   59,1991,   5,0.1810E+00,0.7034E+02,0.0000E+00,0.1047E+03,0.1719E+02,0.4689E+02,0.0000E+00,0.2501E+02,0.1688E+03,0.2501E+02,0.1219E+03,
   55,1991,   5,0.4275E-01,0.1683E+02,0.4377E+02,0.1366E+02,0.4993E+02,0.6699E+01,0.1860E+01,0.3303E+01,0.7029E+02,0.5163E+01,0.1550E+02,
   65,1991,   5,0.8469E-01,0.3472E+02,0.1005E+03,0.2793E+02,0.9808E+02,0.8834E+02,0.3118E+01,0.1199E+02,0.2144E+03,0.1510E+02,0.1718E+03,
   32,1991,   5,0.6172E+00,0.2418E+03,0.7747E+02,0.2241E+02,0.8311E+03,0.4708E+02,0.7005E+01,0.4148E+02,0.9006E+03,0.4848E+02,0.1540E+03,
   53,1991,   5,0.1730E-01,0.7470E+01,0.2178E+02,0.1010E+02,0.1270E+02,0.2213E+01,0.4076E+00,0.2147E+01,0.2501E+02,0.2554E+01,0.3304E+02,
   47,1991,   5,0.0000E+00,0.0000E+00,0.0000E+00,0.0000E+00,0.0000E+00,0.0000E+00,0.0000E+00,0.0000E+00,0.0000E+00,0.0000E+00,0.0000E+00,
   81,1991,   5,0.0000E+00,0.0000E+00,0.0000E+00,0.0000E+00,0.0000E+00,0.0000E+00,0.0000E+00,0.0000E+00,0.0000E+00,0.0000E+00,0.0000E+00,
   82,1991,   5,0.4383E-01,0.3028E+02,0.0000E+00,0.0000E+00,0.0000E+00,0.1892E+01,0.0000E+00,0.1892E+02,0.1892E+01,0.1892E+02,0.3028E+02,
   79,1991,   5,0.3454E-02,0.1789E+01,0.8947E+01,0.2672E+01,0.1002E+00,0.5677E+00,0.5190E+00,0.1270E+01,0.3340E+01,0.1789E+01,0.4474E+01,
   77,1991,   5,0.2222E+00,0.8694E+02,0.3057E+03,0.3249E+02,0.1055E+03,0.5228E+02,0.6734E+01,0.4252E+02,0.1903E+03,0.4925E+02,0.3784E+03,
   85,1991,   5,0.2373E+00,0.9447E+02,0.3045E+03,0.2664E+03,0.4713E+02,0.5966E+02,0.8672E+01,0.2559E+02,0.3732E+03,0.3426E+02,0.2793E+03,
   52,1991,   5,0.0000E+00,0.0000E+00,0.0000E+00,0.0000E+00,0.0000E+00,0.0000E+00,0.0000E+00,0.0000E+00,0.0000E+00,0.0000E+00,0.0000E+00,
   56,1991,   5,0.0000E+00,0.0000E+00,0.0000E+00,0.0000E+00,0.0000E+00,0.0000E+00,0.0000E+00,0.0000E+00,0.0000E+00,0.0000E+00,0.0000E+00,
   87,1991,   5,0.0000E+00,0.0000E+00,0.0000E+00,0.0000E+00,0.0000E+00,0.0000E+00,0.0000E+00,0.0000E+00,0.0000E+00,0.0000E+00,0.0000E+00,
   44,1991,   5,0.0000E+00,0.0000E+00,0.0000E+00,0.0000E+00,0.0000E+00,0.0000E+00,0.0000E+00,0.0000E+00,0.0000E+00,0.0000E+00,0.0000E+00,
   41,1991,   5,0.0000E+00,0.0000E+00,0.0000E+00,0.0000E+00,0.0000E+00,0.0000E+00,0.0000E+00,0.0000E+00,0.0000E+00,0.0000E+00,0.0000E+00,
   49,1991,   5,0.1403E-02,0.6056E+00,0.2301E+01,0.1636E+01,0.1853E+00,0.3585E+00,0.5814E-01,0.3052E+00,0.2180E+01,0.3633E+00,0.1904E+01,
   91,1991,   5,0.4166E-01,0.2040E+02,0.2242E+02,0.1843E+02,0.3185E+02,0.6323E+01,0.9696E+00,0.3962E+01,0.5661E+02,0.4931E+01,0.4464E+02,
   51,1991,   5,0.2455E-02,0.1060E+01,0.3179E+01,0.2863E+01,0.3243E+00,0.6273E+00,0.1017E+00,0.5341E+00,0.3815E+01,0.6358E+00,0.4451E+01,
   68,1991,   5,0.0000E+00,0.0000E+00,0.0000E+00,0.0000E+00,0.0000E+00,0.0000E+00,0.0000E+00,0.0000E+00,0.0000E+00,0.0000E+00,0.0000E+00,
   54,1991,   5,0.1153E+00,0.4479E+02,0.0000E+00,0.1065E+03,0.4987E+02,0.1991E+02,0.0000E+00,0.3066E+02,0.1763E+03,0.3066E+02,0.1155E+03,
   33,1991,   5,0.0000E+00,0.0000E+00,0.0000E+00,0.0000E+00,0.0000E+00,0.0000E+00,0.0000E+00,0.0000E+00,0.0000E+00,0.0000E+00,0.0000E+00,
   80,1991,   5,0.0000E+00,0.0000E+00,0.0000E+00,0.0000E+00,0.0000E+00,0.0000E+00,0.0000E+00,0.0000E+00,0.0000E+00,0.0000E+00,0.0000E+00,
   50,1991,   5,0.0000E+00,0.0000E+00,0.0000E+00,0.0000E+00,0.0000E+00,0.0000E+00,0.0000E+00,0.0000E+00,0.0000E+00,0.0000E+00,0.0000E+00,
   58,1991,   5,0.3902E-01,0.1636E+02,0.3120E+02,0.1765E+01,0.9549E+01,0.4135E+01,0.4171E+00,0.5791E+00,0.1545E+02,0.9962E+00,0.1574E+02,
   17,1991,   5,0.7018E-01,0.2813E+02,0.9076E+02,0.2284E+02,0.1004E+02,0.3935E+02,0.3552E+01,0.1172E+02,0.7224E+02,0.1527E+02,0.1214E+03,
   95,1991,   5,0.9044E-02,0.3906E+01,0.1555E+02,0.1053E+02,0.1200E+01,0.2308E+01,0.3698E+00,0.1927E+01,0.1404E+02,0.2297E+01,0.3155E+02,
   90,1991,   5,0.0000E+00,0.0000E+00,0.0000E+00,0.0000E+00,0.0000E+00,0.0000E+00,0.0000E+00,0.0000E+00,0.0000E+00,0.0000E+00,0.0000E+00,
   15,1991,   5,0.0000E+00,0.0000E+00,0.0000E+00,0.0000E+00,0.0000E+00,0.0000E+00,0.0000E+00,0.0000E+00,0.0000E+00,0.0000E+00,0.0000E+00,
   14,1991,   5,0.3856E-01,0.1694E+02,0.1966E+02,0.1358E+02,0.1126E+03,0.1150E+02,0.7982E+01,0.1950E+02,0.1377E+03,0.2749E+02,0.2091E+02,
   31,1991,   5,0.3995E+00,0.2134E+03,0.6633E+03,0.3513E+03,0.2719E+02,0.7577E+02,0.2109E+02,0.4924E+02,0.4543E+03,0.7033E+02,0.8626E+03,
   12,1991,   5,0.1701E-01,0.7737E+01,0.3236E+02,0.1485E+02,0.1301E+02,0.4303E+01,0.1440E+01,0.3525E+01,0.3216E+02,0.4965E+01,0.6542E+02,
   23,1991,   5,0.1406E-01,0.5493E+01,0.5096E+01,0.9740E+00,0.1645E+01,0.3324E+00,0.1106E+00,0.2638E+00,0.2951E+01,0.3744E+00,0.6518E+02,
   25,1991,   5,0.8432E+01,0.7425E+04,0.1436E+05,0.1252E+05,0.2276E+04,0.2859E+04,0.3960E+03,0.8874E+03,0.1765E+05,0.1283E+04,0.2265E+05,
   18,1991,   5,0.2017E-01,0.1055E+02,0.1851E+02,0.1439E+02,0.1259E+02,0.3983E+01,0.1065E+01,0.2556E+01,0.3096E+02,0.3621E+01,0.3691E+02,
    4,1991,   5,0.4920E-01,0.2028E+02,0.1520E+02,0.9976E+01,0.4372E+01,0.2427E+01,0.6788E+00,0.1732E+01,0.1677E+02,0.2411E+01,0.1443E+03,
   74,1991,   5,0.6465E+00,0.2804E+03,0.1191E+04,0.3847E+02,0.6835E+01,0.8331E+03,0.3954E+02,0.9676E+02,0.8784E+03,0.1363E+03,0.1658E+04,
   73,1991,   5,0.1227E-03,0.4769E-01,0.3179E+00,0.4993E+00,0.6062E+01,0.5706E+00,0.2257E+00,0.5267E+00,0.7132E+01,0.7524E+00,0.9481E+00,
   69,1991,   5,0.1812E-01,0.7040E+01,0.7443E+01,0.1999E+01,0.2408E+02,0.2270E+01,0.9261E+00,0.2161E+01,0.2835E+02,0.3087E+01,0.7343E+01,
   20,1991,   5,0.8079E+00,0.4250E+03,0.1263E+04,0.1066E+04,0.4631E+03,0.2586E+03,0.1274E+03,0.3117E+03,0.1787E+04,0.4390E+03,0.1746E+04,
   36,1991,   5,0.0000E+00,0.0000E+00,0.0000E+00,0.0000E+00,0.0000E+00,0.0000E+00,0.0000E+00,0.0000E+00,0.0000E+00,0.0000E+00,0.0000E+00,
   16,1991,   5,0.3871E-03,0.1541E+00,0.1003E+01,0.1597E+01,0.1806E+02,0.1723E+01,0.6770E+00,0.1580E+01,0.2138E+02,0.2257E+01,0.2557E+01,
   26,1991,   5,0.3268E-01,0.1620E+02,0.2030E+02,0.1174E+02,0.3972E+02,0.5608E+01,0.8114E+00,0.1969E+01,0.5707E+02,0.2780E+01,0.4981E+02,
   30,1991,   5,0.4082E-02,0.1928E+01,0.9059E+01,0.4681E+01,0.4023E+01,0.1347E+01,0.3602E+00,0.8817E+00,0.1005E+02,0.1242E+01,0.9171E+01,
   66,1991,   5,0.0000E+00,0.0000E+00,0.0000E+00,0.0000E+00,0.0000E+00,0.0000E+00,0.0000E+00,0.0000E+00,0.0000E+00,0.0000E+00,0.0000E+00,
   24,1991,   5,0.1739E-02,0.7508E+00,0.4505E+01,0.2246E+01,0.8424E-01,0.4773E+00,0.1089E+00,0.2665E+00,0.2808E+01,0.3754E+00,0.3754E+01,
   10,1991,   5,0.3678E+01,0.1611E+04,0.7224E+03,0.4347E+03,0.6569E+02,0.9615E+02,0.2728E+02,0.6645E+02,0.5965E+03,0.9373E+02,0.9522E+04,
   19,1991,   5,0.3004E+01,0.1549E+04,0.4370E+04,0.2816E+04,0.3975E+03,0.6251E+03,0.1678E+03,0.4106E+03,0.3838E+04,0.5783E+03,0.5745E+04,
   11,1991,   5,0.6296E+00,0.3390E+03,0.1056E+04,0.8824E+03,0.3651E+02,0.1878E+03,0.3840E+02,0.9397E+02,0.1107E+04,0.1324E+03,0.1331E+04,
    0,1991,   5,0.5957E-02,0.2315E+01,0.6498E+01,0.2479E+00,0.3010E+01,0.2832E+00,0.1417E+00,0.3305E+00,0.3541E+01,0.4722E+00,0.1301E-02,
   62,1991,   5,0.0000E+00,0.0000E+00,0.0000E+00,0.0000E+00,0.0000E+00,0.0000E+00,0.0000E+00,0.0000E+00,0.0000E+00,0.0000E+00,0.0000E+00,
   92,1991,   6,0.2818E-01,0.1255E+02,0.6860E+02,0.2866E+02,0.6454E+01,0.7753E+01,0.1688E+01,0.7023E+01,0.4286E+02,0.8711E+01,0.1007E+03,
   61,1991,   6,0.6507E+00,0.2578E+03,0.5964E+03,0.7131E+03,0.3463E+03,0.1550E+03,0.1681E+02,0.3059E+02,0.1214E+04,0.4740E+02,0.5431E+03,
   86,1991,   6,0.1314E+00,0.1567E+04,0.3348E+03,0.1570E+03,0.3007E+03,0.4393E+02,0.1481E+02,0.5643E+02,0.5017E+03,0.7124E+02,0.2167E+04,
   34,1991,   6,0.2096E+02,0.1191E+05,0.6538E+04,0.7647E+04,0.1919E+05,0.2695E+04,0.1635E+03,0.2244E+03,0.2954E+05,0.3879E+03,0.2288E+05,
   64,1991,   6,0.1215E+02,0.5417E+04,0.8163E+04,0.6371E+04,0.6196E+04,0.1404E+04,0.2018E+03,0.4516E+03,0.1397E+05,0.6534E+03,0.1124E+05,
   63,1991,   6,0.0000E+00,0.0000E+00,0.0000E+00,0.0000E+00,0.0000E+00,0.0000E+00,0.0000E+00,0.0000E+00,0.0000E+00,0.0000E+00,0.0000E+00,
   59,1991,   6,0.1699E+00,0.6601E+02,0.0000E+00,0.1012E+03,0.2611E+02,0.1907E+02,0.0000E+00,0.2831E+02,0.1464E+03,0.2831E+02,0.8802E+02,
   55,1991,   6,0.3928E-01,0.1548E+02,0.1069E+02,0.1358E+01,0.5262E+02,0.8267E+01,0.1292E+01,0.4423E+01,0.6225E+02,0.5715E+01,0.9827E+01,
   65,1991,   6,0.6063E-01,0.2501E+02,0.8118E+02,0.2465E+02,0.7462E+02,0.2632E+02,0.2063E+01,0.9410E+01,0.1256E+03,0.1147E+02,0.1267E+03,
   32,1991,   6,0.5928E+00,0.2324E+03,0.2737E+02,0.1683E+02,0.8521E+03,0.4963E+02,0.2721E+01,0.5342E+02,0.9186E+03,0.5614E+02,0.8922E+02,
   53,1991,   6,0.1635E-01,0.7057E+01,0.1578E+02,0.9518E+01,0.1202E+02,0.2086E+01,0.3845E+00,0.2025E+01,0.2362E+02,0.2409E+01,0.1499E+02,
   47,1991,   6,0.0000E+00,0.0000E+00,0.0000E+00,0.0000E+00,0.0000E+00,0.0000E+00,0.0000E+00,0.0000E+00,0.0000E+00,0.0000E+00,0.0000E+00,
   81,1991,   6,0.0000E+00,0.0000E+00,0.0000E+00,0.0000E+00,0.0000E+00,0.0000E+00,0.0000E+00,0.0000E+00,0.0000E+00,0.0000E+00,0.0000E+00,
   82,1991,   6,0.4383E-01,0.3028E+02,0.0000E+00,0.0000E+00,0.0000E+00,0.1892E+01,0.0000E+00,0.1892E+02,0.1892E+01,0.1892E+02,0.3028E+02,
   79,1991,   6,0.3454E-02,0.1789E+01,0.8947E+01,0.2672E+01,0.1002E+00,0.5677E+00,0.5190E+00,0.1270E+01,0.3340E+01,0.1789E+01,0.4474E+01,
   77,1991,   6,0.1723E+00,0.6743E+02,0.1154E+03,0.2528E+02,0.9177E+02,0.2582E+02,0.4590E+01,0.3538E+02,0.1429E+03,0.3997E+02,0.1459E+03,
   85,1991,   6,0.2360E+00,0.9371E+02,0.2930E+03,0.2649E+03,0.4696E+02,0.5933E+02,0.9140E+01,0.2642E+02,0.3712E+03,0.3556E+02,0.3259E+03,
   52,1991,   6,0.0000E+00,0.0000E+00,0.0000E+00,0.0000E+00,0.0000E+00,0.0000E+00,0.0000E+00,0.0000E+00,0.0000E+00,0.0000E+00,0.0000E+00,
   56,1991,   6,0.0000E+00,0.0000E+00,0.0000E+00,0.0000E+00,0.0000E+00,0.0000E+00,0.0000E+00,0.0000E+00,0.0000E+00,0.0000E+00,0.0000E+00,
   87,1991,   6,0.0000E+00,0.0000E+00,0.0000E+00,0.0000E+00,0.0000E+00,0.0000E+00,0.0000E+00,0.0000E+00,0.0000E+00,0.0000E+00,0.0000E+00,
   44,1991,   6,0.0000E+00,0.0000E+00,0.0000E+00,0.0000E+00,0.0000E+00,0.0000E+00,0.0000E+00,0.0000E+00,0.0000E+00,0.0000E+00,0.0000E+00,
   41,1991,   6,0.0000E+00,0.0000E+00,0.0000E+00,0.0000E+00,0.0000E+00,0.0000E+00,0.0000E+00,0.0000E+00,0.0000E+00,0.0000E+00,0.0000E+00,
   49,1991,   6,0.1403E-02,0.6056E+00,0.2335E+01,0.1636E+01,0.1853E+00,0.3585E+00,0.5814E-01,0.3052E+00,0.2180E+01,0.3633E+00,0.2437E+01,
   91,1991,   6,0.4228E-01,0.2067E+02,0.1601E+02,0.1914E+02,0.3194E+02,0.6480E+01,0.9950E+00,0.4095E+01,0.5756E+02,0.5090E+01,0.4606E+02,
   51,1991,   6,0.2235E-02,0.9651E+00,0.2123E+01,0.2608E+01,0.2953E+00,0.5713E+00,0.9265E-01,0.4864E+00,0.3474E+01,0.5791E+00,0.2123E+01,
   68,1991,   6,0.0000E+00,0.0000E+00,0.0000E+00,0.0000E+00,0.0000E+00,0.0000E+00,0.0000E+00,0.0000E+00,0.0000E+00,0.0000E+00,0.0000E+00,
   54,1991,   6,0.1087E+00,0.4224E+02,0.0000E+00,0.1427E+03,0.0000E+00,0.7884E+02,0.0000E+00,0.3670E+02,0.2215E+03,0.3670E+02,0.1070E+03,
   33,1991,   6,0.0000E+00,0.0000E+00,0.0000E+00,0.0000E+00,0.0000E+00,0.0000E+00,0.0000E+00,0.0000E+00,0.0000E+00,0.0000E+00,0.0000E+00,
   80,1991,   6,0.0000E+00,0.0000E+00,0.0000E+00,0.0000E+00,0.0000E+00,0.0000E+00,0.0000E+00,0.0000E+00,0.0000E+00,0.0000E+00,0.0000E+00,
   50,1991,   6,0.0000E+00,0.0000E+00,0.0000E+00,0.0000E+00,0.0000E+00,0.0000E+00,0.0000E+00,0.0000E+00,0.0000E+00,0.0000E+00,0.0000E+00,
   58,1991,   6,0.4064E-01,0.1699E+02,0.2170E+02,0.1770E+01,0.1008E+02,0.4003E+01,0.4311E+00,0.5819E+00,0.1585E+02,0.1013E+01,0.1648E+02,
   17,1991,   6,0.4541E-01,0.1836E+02,0.2864E+02,0.1882E+02,0.1213E+02,0.1387E+02,0.1723E+01,0.8203E+01,0.4481E+02,0.9926E+01,0.3108E+02,
   95,1991,   6,0.7992E-02,0.3451E+01,0.1109E+02,0.9307E+01,0.1061E+01,0.2039E+01,0.3267E+00,0.1703E+01,0.1241E+02,0.2029E+01,0.2264E+02,
   90,1991,   6,0.0000E+00,0.0000E+00,0.0000E+00,0.0000E+00,0.0000E+00,0.0000E+00,0.0000E+00,0.0000E+00,0.0000E+00,0.0000E+00,0.0000E+00,
   15,1991,   6,0.0000E+00,0.0000E+00,0.0000E+00,0.0000E+00,0.0000E+00,0.0000E+00,0.0000E+00,0.0000E+00,0.0000E+00,0.0000E+00,0.0000E+00,
   14,1991,   6,0.3856E-01,0.1694E+02,0.1719E+02,0.1358E+02,0.1126E+03,0.1150E+02,0.7982E+01,0.1950E+02,0.1377E+03,0.2749E+02,0.2333E+02,
   31,1991,   6,0.3995E+00,0.2134E+03,0.6633E+03,0.3513E+03,0.2719E+02,0.7577E+02,0.2109E+02,0.4924E+02,0.4543E+03,0.7033E+02,0.8626E+03,
   12,1991,   6,0.1680E-01,0.7643E+01,0.3151E+02,0.1452E+02,0.1299E+02,0.4233E+01,0.1404E+01,0.3438E+01,0.3175E+02,0.4842E+01,0.6428E+02,
   23,1991,   6,0.1406E-01,0.5493E+01,0.5096E+01,0.9740E+00,0.1645E+01,0.3324E+00,0.1106E+00,0.2638E+00,0.2951E+01,0.3744E+00,0.6518E+02,
   25,1991,   6,0.8432E+01,0.7425E+04,0.1436E+05,0.1252E+05,0.2276E+04,0.2859E+04,0.3960E+03,0.8874E+03,0.1765E+05,0.1283E+04,0.2265E+05,
   18,1991,   6,0.2017E-01,0.7582E+02,0.3509E+03,0.9519E+02,0.5608E+02,0.3142E+02,0.3070E+01,0.8569E+01,0.1827E+03,0.1164E+02,0.2633E+03,
    4,1991,   6,0.4920E-01,0.2028E+02,0.1520E+02,0.9976E+01,0.4372E+01,0.2427E+01,0.6788E+00,0.1732E+01,0.1677E+02,0.2411E+01,0.1443E+03,
   74,1991,   6,0.6465E+00,0.2804E+03,0.1191E+04,0.3847E+02,0.6835E+01,0.8331E+03,0.3954E+02,0.9676E+02,0.8784E+03,0.1363E+03,0.1658E+04,
   73,1991,   6,0.1227E-03,0.4769E-01,0.3179E+00,0.4993E+00,0.6062E+01,0.5706E+00,0.2257E+00,0.5267E+00,0.7132E+01,0.7524E+00,0.9481E+00,
   69,1991,   6,0.1812E-01,0.7040E+01,0.7443E+01,0.1999E+01,0.2408E+02,0.2270E+01,0.9261E+00,0.2161E+01,0.2835E+02,0.3087E+01,0.7343E+01,
   20,1991,   6,0.8079E+00,0.4250E+03,0.1263E+04,0.1066E+04,0.4631E+03,0.2586E+03,0.1274E+03,0.3117E+03,0.1787E+04,0.4390E+03,0.1746E+04,
   36,1991,   6,0.0000E+00,0.0000E+00,0.0000E+00,0.0000E+00,0.0000E+00,0.0000E+00,0.0000E+00,0.0000E+00,0.0000E+00,0.0000E+00,0.0000E+00,
   16,1991,   6,0.3871E-03,0.1541E+00,0.1003E+01,0.1597E+01,0.1806E+02,0.1723E+01,0.6770E+00,0.1580E+01,0.2138E+02,0.2257E+01,0.2557E+01,
   26,1991,   6,0.3268E-01,0.1620E+02,0.2030E+02,0.1174E+02,0.3972E+02,0.5608E+01,0.8114E+00,0.1969E+01,0.5707E+02,0.2780E+01,0.4981E+02,
   30,1991,   6,0.4082E-02,0.1928E+01,0.9059E+01,0.4681E+01,0.4023E+01,0.1347E+01,0.3602E+00,0.8817E+00,0.1005E+02,0.1242E+01,0.9171E+01,
   66,1991,   6,0.0000E+00,0.0000E+00,0.0000E+00,0.0000E+00,0.0000E+00,0.0000E+00,0.0000E+00,0.0000E+00,0.0000E+00,0.0000E+00,0.0000E+00,
   24,1991,   6,0.1739E-02,0.7508E+00,0.4505E+01,0.2246E+01,0.8424E-01,0.4773E+00,0.1089E+00,0.2665E+00,0.2808E+01,0.3754E+00,0.3754E+01,
   10,1991,   6,0.3678E+01,0.1611E+04,0.7224E+03,0.4347E+03,0.6569E+02,0.9615E+02,0.2728E+02,0.6645E+02,0.5965E+03,0.9373E+02,0.9522E+04,
   19,1991,   6,0.3004E+01,0.1549E+04,0.4369E+04,0.2814E+04,0.3965E+03,0.6249E+03,0.1677E+03,0.4104E+03,0.3836E+04,0.5781E+03,0.5743E+04,
   11,1991,   6,0.6296E+00,0.3390E+03,0.1056E+04,0.8824E+03,0.3651E+02,0.1878E+03,0.3840E+02,0.9397E+02,0.1107E+04,0.1324E+03,0.1331E+04,
    0,1991,   6,0.5957E-02,0.2315E+01,0.6498E+01,0.2479E+00,0.3010E+01,0.2832E+00,0.1417E+00,0.3305E+00,0.3541E+01,0.4722E+00,0.1301E-02,
   62,1991,   6,0.0000E+00,0.0000E+00,0.0000E+00,0.0000E+00,0.0000E+00,0.0000E+00,0.0000E+00,0.0000E+00,0.0000E+00,0.0000E+00,0.0000E+00,
   92,1991,   7,0.2665E-01,0.1189E+02,0.7844E+02,0.2684E+02,0.6262E+01,0.7314E+01,0.1623E+01,0.6681E+01,0.4042E+02,0.8305E+01,0.1244E+03,
   61,1991,   7,0.6747E+00,0.2673E+03,0.5956E+03,0.8088E+03,0.3303E+03,0.1454E+03,0.1294E+02,0.3687E+02,0.1284E+04,0.4981E+02,0.5071E+03,
   86,1991,   7,0.1309E+00,0.1628E+04,0.3684E+03,0.1577E+03,0.3143E+03,0.4290E+02,0.1485E+02,0.5709E+02,0.5149E+03,0.7194E+02,0.2271E+04,
   34,1991,   7,0.2072E+02,0.1169E+05,0.3784E+04,0.7599E+04,0.1871E+05,0.2418E+04,0.1260E+03,0.1934E+03,0.2873E+05,0.3194E+03,0.1411E+05,
   64,1991,   7,0.1265E+02,0.5648E+04,0.8212E+04,0.6985E+04,0.6504E+04,0.2632E+04,0.2122E+03,0.4907E+03,0.1612E+05,0.7029E+03,0.9471E+04,
   63,1991,   7,0.0000E+00,0.0000E+00,0.0000E+00,0.0000E+00,0.0000E+00,0.0000E+00,0.0000E+00,0.0000E+00,0.0000E+00,0.0000E+00,0.0000E+00,
   59,1991,   7,0.1752E+00,0.6809E+02,0.2509E+03,0.3692E+03,0.1816E+02,0.2723E+02,0.1514E+01,0.1967E+02,0.4146E+03,0.2118E+02,0.8171E+02,
   55,1991,   7,0.3355E-01,0.1322E+02,0.2691E+02,0.1030E+01,0.5576E+02,0.6040E+01,0.6818E+00,0.1023E+02,0.6283E+02,0.1091E+02,0.1218E+02,
   65,1991,   7,0.8417E-01,0.3442E+02,0.9929E+02,0.2910E+02,0.7893E+02,0.4239E+02,0.3049E+01,0.1251E+02,0.1504E+03,0.1555E+02,0.2185E+03,
   32,1991,   7,0.6023E+00,0.2361E+03,0.7596E+02,0.1820E+02,0.8203E+03,0.4117E+02,0.6626E+01,0.4599E+02,0.8797E+03,0.5261E+02,0.1448E+03,
   53,1991,   7,0.1256E-01,0.5422E+01,0.6037E+01,0.7418E+01,0.9123E+01,0.1626E+01,0.2986E+00,0.1573E+01,0.1817E+02,0.1871E+01,0.9260E+01,
   47,1991,   7,0.0000E+00,0.0000E+00,0.0000E+00,0.0000E+00,0.0000E+00,0.0000E+00,0.0000E+00,0.0000E+00,0.0000E+00,0.0000E+00,0.0000E+00,
   81,1991,   7,0.0000E+00,0.0000E+00,0.0000E+00,0.0000E+00,0.0000E+00,0.0000E+00,0.0000E+00,0.0000E+00,0.0000E+00,0.0000E+00,0.0000E+00,
   82,1991,   7,0.4383E-01,0.3028E+02,0.0000E+00,0.0000E+00,0.0000E+00,0.1892E+01,0.0000E+00,0.1892E+02,0.1892E+01,0.1892E+02,0.3028E+02,
   79,1991,   7,0.3454E-02,0.1789E+01,0.8947E+01,0.2672E+01,0.1002E+00,0.5677E+00,0.5190E+00,0.1270E+01,0.3340E+01,0.1789E+01,0.4474E+01,
   77,1991,   7,0.1787E+00,0.6991E+02,0.1433E+03,0.2861E+02,0.7792E+02,0.2824E+02,0.4421E+01,0.3723E+02,0.1348E+03,0.4165E+02,0.1823E+03,
   85,1991,   7,0.2241E+00,0.8921E+02,0.2484E+03,0.2510E+03,0.4538E+02,0.5628E+02,0.5962E+01,0.1779E+02,0.3526E+03,0.2375E+02,0.2409E+03,
   52,1991,   7,0.0000E+00,0.0000E+00,0.0000E+00,0.0000E+00,0.0000E+00,0.0000E+00,0.0000E+00,0.0000E+00,0.0000E+00,0.0000E+00,0.0000E+00,
   56,1991,   7,0.0000E+00,0.0000E+00,0.0000E+00,0.0000E+00,0.0000E+00,0.0000E+00,0.0000E+00,0.0000E+00,0.0000E+00,0.0000E+00,0.0000E+00,
   87,1991,   7,0.0000E+00,0.0000E+00,0.0000E+00,0.0000E+00,0.0000E+00,0.0000E+00,0.0000E+00,0.0000E+00,0.0000E+00,0.0000E+00,0.0000E+00,
   44,1991,   7,0.0000E+00,0.0000E+00,0.0000E+00,0.0000E+00,0.0000E+00,0.0000E+00,0.0000E+00,0.0000E+00,0.0000E+00,0.0000E+00,0.0000E+00,
   41,1991,   7,0.0000E+00,0.0000E+00,0.0000E+00,0.0000E+00,0.0000E+00,0.0000E+00,0.0000E+00,0.0000E+00,0.0000E+00,0.0000E+00,0.0000E+00,
   49,1991,   7,0.1622E-02,0.7002E+00,0.2294E+01,0.1892E+01,0.2143E+00,0.4145E+00,0.6722E-01,0.3529E+00,0.2521E+01,0.4201E+00,0.2672E+01,
   91,1991,   7,0.4188E-01,0.2050E+02,0.1077E+02,0.1868E+02,0.3188E+02,0.6379E+01,0.9786E+00,0.4009E+01,0.5695E+02,0.4988E+01,0.4339E+02,
   51,1991,   7,0.2323E-02,0.1003E+01,0.1805E+01,0.2710E+01,0.3069E+00,0.5937E+00,0.9629E-01,0.5055E+00,0.3611E+01,0.6018E+00,0.4413E+01,
   68,1991,   7,0.0000E+00,0.0000E+00,0.0000E+00,0.0000E+00,0.0000E+00,0.0000E+00,0.0000E+00,0.0000E+00,0.0000E+00,0.0000E+00,0.0000E+00,
   54,1991,   7,0.1070E+00,0.4156E+02,0.1745E+03,0.1080E+03,0.6372E+01,0.3694E+02,0.1847E+01,0.3029E+02,0.1514E+03,0.3214E+02,0.9974E+02,
   33,1991,   7,0.0000E+00,0.0000E+00,0.0000E+00,0.0000E+00,0.0000E+00,0.0000E+00,0.0000E+00,0.0000E+00,0.0000E+00,0.0000E+00,0.0000E+00,
   80,1991,   7,0.0000E+00,0.0000E+00,0.0000E+00,0.0000E+00,0.0000E+00,0.0000E+00,0.0000E+00,0.0000E+00,0.0000E+00,0.0000E+00,0.0000E+00,
   50,1991,   7,0.0000E+00,0.0000E+00,0.0000E+00,0.0000E+00,0.0000E+00,0.0000E+00,0.0000E+00,0.0000E+00,0.0000E+00,0.0000E+00,0.0000E+00,
   58,1991,   7,0.4380E-01,0.1822E+02,0.2642E+02,0.1880E+01,0.1116E+02,0.3705E+01,0.4321E+00,0.6062E+00,0.1675E+02,0.1038E+01,0.1992E+02,
   17,1991,   7,0.5194E-01,0.2096E+02,0.3476E+02,0.2134E+02,0.3288E+02,0.1159E+02,0.1670E+01,0.7912E+01,0.6582E+02,0.9582E+01,0.3427E+02,
   95,1991,   7,0.7992E-02,0.3451E+01,0.9711E+01,0.9307E+01,0.1061E+01,0.2039E+01,0.3266E+00,0.1702E+01,0.1241E+02,0.2029E+01,0.2713E+02,
   90,1991,   7,0.0000E+00,0.0000E+00,0.0000E+00,0.0000E+00,0.0000E+00,0.0000E+00,0.0000E+00,0.0000E+00,0.0000E+00,0.0000E+00,0.0000E+00,
   15,1991,   7,0.0000E+00,0.0000E+00,0.0000E+00,0.0000E+00,0.0000E+00,0.0000E+00,0.0000E+00,0.0000E+00,0.0000E+00,0.0000E+00,0.0000E+00,
   14,1991,   7,0.3856E-01,0.1694E+02,0.2049E+02,0.1358E+02,0.1126E+03,0.1150E+02,0.7982E+01,0.1950E+02,0.1377E+03,0.2749E+02,0.2562E+02,
   31,1991,   7,0.3881E+00,0.2072E+03,0.6436E+03,0.3356E+03,0.2660E+02,0.7241E+02,0.2043E+02,0.4791E+02,0.4346E+03,0.6834E+02,0.8380E+03,
   12,1991,   7,0.1618E-01,0.7378E+01,0.2913E+02,0.1359E+02,0.1296E+02,0.4034E+01,0.1304E+01,0.3193E+01,0.3058E+02,0.4498E+01,0.6110E+02,
   23,1991,   7,0.1406E-01,0.5493E+01,0.5096E+01,0.9740E+00,0.1645E+01,0.3324E+00,0.1106E+00,0.2638E+00,0.2951E+01,0.3744E+00,0.6518E+02,
   25,1991,   7,0.8432E+01,0.7425E+04,0.1436E+05,0.1252E+05,0.2276E+04,0.2859E+04,0.3960E+03,0.8874E+03,0.1765E+05,0.1283E+04,0.2265E+05,
   18,1991,   7,0.2017E-01,0.7582E+02,0.3509E+03,0.9519E+02,0.5608E+02,0.3142E+02,0.3070E+01,0.8569E+01,0.1827E+03,0.1164E+02,0.2633E+03,
    4,1991,   7,0.4920E-01,0.2028E+02,0.1520E+02,0.9976E+01,0.4372E+01,0.2427E+01,0.6788E+00,0.1732E+01,0.1677E+02,0.2411E+01,0.1443E+03,
   74,1991,   7,0.6465E+00,0.2804E+03,0.1191E+04,0.3847E+02,0.6835E+01,0.8331E+03,0.3954E+02,0.9676E+02,0.8784E+03,0.1363E+03,0.1658E+04,
   73,1991,   7,0.1227E-03,0.4769E-01,0.3179E+00,0.4993E+00,0.6062E+01,0.5706E+00,0.2257E+00,0.5267E+00,0.7132E+01,0.7524E+00,0.9481E+00,
   69,1991,   7,0.1812E-01,0.7040E+01,0.7443E+01,0.1999E+01,0.2408E+02,0.2270E+01,0.9261E+00,0.2161E+01,0.2835E+02,0.3087E+01,0.7343E+01,
   20,1991,   7,0.8079E+00,0.4250E+03,0.1263E+04,0.1066E+04,0.4631E+03,0.2586E+03,0.1274E+03,0.3117E+03,0.1787E+04,0.4390E+03,0.1746E+04,
   36,1991,   7,0.0000E+00,0.0000E+00,0.0000E+00,0.0000E+00,0.0000E+00,0.0000E+00,0.0000E+00,0.0000E+00,0.0000E+00,0.0000E+00,0.0000E+00,
   16,1991,   7,0.3871E-03,0.1541E+00,0.1003E+01,0.1597E+01,0.1806E+02,0.1723E+01,0.6770E+00,0.1580E+01,0.2138E+02,0.2257E+01,0.2557E+01,
   26,1991,   7,0.3268E-01,0.1620E+02,0.2030E+02,0.1174E+02,0.3972E+02,0.5608E+01,0.8114E+00,0.1969E+01,0.5707E+02,0.2780E+01,0.4981E+02,
   30,1991,   7,0.4082E-02,0.1928E+01,0.9059E+01,0.4681E+01,0.4023E+01,0.1347E+01,0.3602E+00,0.8817E+00,0.1005E+02,0.1242E+01,0.9171E+01,
   66,1991,   7,0.0000E+00,0.0000E+00,0.0000E+00,0.0000E+00,0.0000E+00,0.0000E+00,0.0000E+00,0.0000E+00,0.0000E+00,0.0000E+00,0.0000E+00,
   24,1991,   7,0.1739E-02,0.7508E+00,0.4505E+01,0.2246E+01,0.8424E-01,0.4773E+00,0.1089E+00,0.2665E+00,0.2808E+01,0.3754E+00,0.3754E+01,
   10,1991,   7,0.3678E+01,0.1611E+04,0.7224E+03,0.4347E+03,0.6569E+02,0.9615E+02,0.2728E+02,0.6645E+02,0.5965E+03,0.9373E+02,0.9522E+04,
   19,1991,   7,0.3003E+01,0.1549E+04,0.4366E+04,0.2811E+04,0.3944E+03,0.6243E+03,0.1675E+03,0.4100E+03,0.3830E+04,0.5775E+03,0.5739E+04,
   11,1991,   7,0.6296E+00,0.3390E+03,0.1056E+04,0.8824E+03,0.3651E+02,0.1878E+03,0.3840E+02,0.9397E+02,0.1107E+04,0.1324E+03,0.1331E+04,
    0,1991,   7,0.5957E-02,0.2315E+01,0.6498E+01,0.2479E+00,0.3010E+01,0.2832E+00,0.1417E+00,0.3305E+00,0.3541E+01,0.4722E+00,0.1301E-02,
   62,1991,   7,0.0000E+00,0.0000E+00,0.0000E+00,0.0000E+00,0.0000E+00,0.0000E+00,0.0000E+00,0.0000E+00,0.0000E+00,0.0000E+00,0.0000E+00,
   92,1991,   8,0.2577E-01,0.1151E+02,0.8134E+02,0.2584E+02,0.6138E+01,0.7127E+01,0.1588E+01,0.6497E+01,0.3910E+02,0.8085E+01,0.9337E+02,
   61,1991,   8,0.6928E+00,0.2741E+03,0.7974E+03,0.6465E+03,0.1112E+04,0.1499E+03,0.1625E+02,0.3788E+02,0.1908E+04,0.5413E+02,0.5990E+03,
   86,1991,   8,0.1342E+00,0.1337E+04,0.3198E+03,0.1519E+03,0.2614E+03,0.4041E+02,0.1468E+02,0.5422E+02,0.4538E+03,0.6890E+02,0.1894E+04,
   34,1991,   8,0.2015E+02,0.1067E+05,0.3637E+04,0.7704E+04,0.1775E+05,0.2514E+04,0.1066E+03,0.2617E+03,0.2797E+05,0.3683E+03,0.1496E+05,
   64,1991,   8,0.1346E+02,0.5970E+04,0.8579E+04,0.5735E+04,0.6114E+04,0.4694E+04,0.2027E+03,0.4374E+03,0.1654E+05,0.6400E+03,0.8998E+04,
   63,1991,   8,0.0000E+00,0.0000E+00,0.0000E+00,0.0000E+00,0.0000E+00,0.0000E+00,0.0000E+00,0.0000E+00,0.0000E+00,0.0000E+00,0.0000E+00,
   59,1991,   8,0.1638E+00,0.6363E+02,0.1946E+03,0.2828E+03,0.2687E+02,0.8481E+01,0.1273E+02,0.8484E+01,0.3181E+03,0.2121E+02,0.9050E+02,
   55,1991,   8,0.3263E-01,0.1287E+02,0.1774E+02,0.9488E+01,0.4256E+02,0.2155E+01,0.3147E+00,0.7678E+01,0.5420E+02,0.7993E+01,0.1263E+02,
   65,1991,   8,0.7965E-01,0.3257E+02,0.8699E+02,0.2649E+02,0.8510E+02,0.2336E+02,0.2482E+01,0.1034E+02,0.1349E+03,0.1282E+02,0.1487E+03,
   32,1991,   8,0.6070E+00,0.2379E+03,0.2226E+02,0.1843E+02,0.7186E+03,0.3154E+02,0.2703E+01,0.4478E+02,0.7686E+03,0.4749E+02,0.1352E+03,
   53,1991,   8,0.1343E-01,0.5800E+01,0.3847E+01,0.7924E+01,0.9770E+01,0.1737E+01,0.3191E+00,0.1681E+01,0.1943E+02,0.2000E+01,0.3923E+01,
   47,1991,   8,0.0000E+00,0.0000E+00,0.0000E+00,0.0000E+00,0.0000E+00,0.0000E+00,0.0000E+00,0.0000E+00,0.0000E+00,0.0000E+00,0.0000E+00,
   81,1991,   8,0.0000E+00,0.0000E+00,0.0000E+00,0.0000E+00,0.0000E+00,0.0000E+00,0.0000E+00,0.0000E+00,0.0000E+00,0.0000E+00,0.0000E+00,
   82,1991,   8,0.4383E-01,0.3028E+02,0.0000E+00,0.0000E+00,0.0000E+00,0.1892E+01,0.0000E+00,0.1892E+02,0.1892E+01,0.1892E+02,0.3028E+02,
   79,1991,   8,0.3454E-02,0.1789E+01,0.8947E+01,0.2672E+01,0.1002E+00,0.5677E+00,0.5190E+00,0.1270E+01,0.3340E+01,0.1789E+01,0.4474E+01,
   77,1991,   8,0.2370E+00,0.9259E+02,0.1615E+03,0.3531E+02,0.1112E+03,0.4079E+02,0.1101E+02,0.4284E+02,0.1873E+03,0.5386E+02,0.2789E+03,
   85,1991,   8,0.2454E+00,0.9756E+02,0.3088E+03,0.2759E+03,0.4820E+02,0.6174E+02,0.7241E+01,0.2167E+02,0.3858E+03,0.2891E+02,0.3046E+03,
   52,1991,   8,0.0000E+00,0.0000E+00,0.0000E+00,0.0000E+00,0.0000E+00,0.0000E+00,0.0000E+00,0.0000E+00,0.0000E+00,0.0000E+00,0.0000E+00,
   56,1991,   8,0.0000E+00,0.0000E+00,0.0000E+00,0.0000E+00,0.0000E+00,0.0000E+00,0.0000E+00,0.0000E+00,0.0000E+00,0.0000E+00,0.0000E+00,
   87,1991,   8,0.0000E+00,0.0000E+00,0.0000E+00,0.0000E+00,0.0000E+00,0.0000E+00,0.0000E+00,0.0000E+00,0.0000E+00,0.0000E+00,0.0000E+00,
   44,1991,   8,0.0000E+00,0.0000E+00,0.0000E+00,0.0000E+00,0.0000E+00,0.0000E+00,0.0000E+00,0.0000E+00,0.0000E+00,0.0000E+00,0.0000E+00,
   41,1991,   8,0.0000E+00,0.0000E+00,0.0000E+00,0.0000E+00,0.0000E+00,0.0000E+00,0.0000E+00,0.0000E+00,0.0000E+00,0.0000E+00,0.0000E+00,
   49,1991,   8,0.1315E-02,0.5677E+00,0.8894E+00,0.1534E+01,0.1737E+00,0.3361E+00,0.5450E-01,0.2861E+00,0.2044E+01,0.3406E+00,0.4920E+00,
   91,1991,   8,0.4188E-01,0.2050E+02,0.9611E+01,0.1868E+02,0.3188E+02,0.6379E+01,0.9786E+00,0.4009E+01,0.5695E+02,0.4988E+01,0.4462E+02,
   51,1991,   8,0.2016E-02,0.8705E+00,0.1045E+01,0.2352E+01,0.2664E+00,0.5153E+00,0.8357E-01,0.4387E+00,0.3134E+01,0.5223E+00,0.1567E+01,
   68,1991,   8,0.0000E+00,0.0000E+00,0.0000E+00,0.0000E+00,0.0000E+00,0.0000E+00,0.0000E+00,0.0000E+00,0.0000E+00,0.0000E+00,0.0000E+00,
   54,1991,   8,0.1126E+00,0.4377E+02,0.6452E+02,0.1016E+03,0.5145E+02,0.4620E+02,0.3892E+00,0.3151E+02,0.1993E+03,0.3190E+02,0.1148E+03,
   33,1991,   8,0.0000E+00,0.0000E+00,0.0000E+00,0.0000E+00,0.0000E+00,0.0000E+00,0.0000E+00,0.0000E+00,0.0000E+00,0.0000E+00,0.0000E+00,
   80,1991,   8,0.0000E+00,0.0000E+00,0.0000E+00,0.0000E+00,0.0000E+00,0.0000E+00,0.0000E+00,0.0000E+00,0.0000E+00,0.0000E+00,0.0000E+00,
   50,1991,   8,0.0000E+00,0.0000E+00,0.0000E+00,0.0000E+00,0.0000E+00,0.0000E+00,0.0000E+00,0.0000E+00,0.0000E+00,0.0000E+00,0.0000E+00,
   58,1991,   8,0.4051E-01,0.1695E+02,0.2466E+02,0.2181E+01,0.5789E+01,0.9785E+01,0.5943E+00,0.6551E+00,0.1775E+02,0.1249E+01,0.2059E+02,
   17,1991,   8,0.5330E-01,0.2148E+02,0.2316E+02,0.2034E+02,0.3985E+02,0.6851E+01,0.1102E+01,0.8670E+01,0.6704E+02,0.9772E+01,0.2671E+02,
   95,1991,   8,0.6589E-02,0.2846E+01,0.8679E+01,0.7670E+01,0.8759E+00,0.1681E+01,0.2296E+00,0.1201E+01,0.1023E+02,0.1431E+01,0.1593E+02,
   90,1991,   8,0.0000E+00,0.0000E+00,0.0000E+00,0.0000E+00,0.0000E+00,0.0000E+00,0.0000E+00,0.0000E+00,0.0000E+00,0.0000E+00,0.0000E+00,
   15,1991,   8,0.0000E+00,0.0000E+00,0.0000E+00,0.0000E+00,0.0000E+00,0.0000E+00,0.0000E+00,0.0000E+00,0.0000E+00,0.0000E+00,0.0000E+00,
   14,1991,   8,0.3856E-01,0.1694E+02,0.2143E+02,0.1358E+02,0.1126E+03,0.1150E+02,0.7982E+01,0.1950E+02,0.1377E+03,0.2749E+02,0.2514E+02,
   31,1991,   8,0.3881E+00,0.2072E+03,0.6436E+03,0.3356E+03,0.2660E+02,0.7241E+02,0.2043E+02,0.4791E+02,0.4346E+03,0.6834E+02,0.8380E+03,
   12,1991,   8,0.1623E-01,0.7397E+01,0.2930E+02,0.1365E+02,0.1296E+02,0.4049E+01,0.1311E+01,0.3211E+01,0.3067E+02,0.4522E+01,0.6133E+02,
   23,1991,   8,0.1406E-01,0.5493E+01,0.5096E+01,0.9740E+00,0.1645E+01,0.3324E+00,0.1106E+00,0.2638E+00,0.2951E+01,0.3744E+00,0.6518E+02,
   25,1991,   8,0.8432E+01,0.7425E+04,0.1436E+05,0.1252E+05,0.2276E+04,0.2859E+04,0.3960E+03,0.8874E+03,0.1765E+05,0.1283E+04,0.2265E+05,
   18,1991,   8,0.2017E-01,0.7582E+02,0.3509E+03,0.9519E+02,0.5608E+02,0.3142E+02,0.3070E+01,0.8569E+01,0.1827E+03,0.1164E+02,0.2633E+03,
    4,1991,   8,0.4920E-01,0.2028E+02,0.1520E+02,0.9976E+01,0.4372E+01,0.2427E+01,0.6788E+00,0.1732E+01,0.1677E+02,0.2411E+01,0.1443E+03,
   74,1991,   8,0.6465E+00,0.2804E+03,0.1191E+04,0.3847E+02,0.6835E+01,0.8331E+03,0.3954E+02,0.9676E+02,0.8784E+03,0.1363E+03,0.1658E+04,
   73,1991,   8,0.1227E-03,0.4769E-01,0.3179E+00,0.4993E+00,0.6062E+01,0.5706E+00,0.2257E+00,0.5267E+00,0.7132E+01,0.7524E+00,0.9481E+00,
   69,1991,   8,0.1812E-01,0.7040E+01,0.7443E+01,0.1999E+01,0.2408E+02,0.2270E+01,0.9261E+00,0.2161E+01,0.2835E+02,0.3087E+01,0.7343E+01,
   20,1991,   8,0.8079E+00,0.4250E+03,0.1263E+04,0.1066E+04,0.4631E+03,0.2586E+03,0.1274E+03,0.3117E+03,0.1787E+04,0.4390E+03,0.1746E+04,
   36,1991,   8,0.0000E+00,0.0000E+00,0.0000E+00,0.0000E+00,0.0000E+00,0.0000E+00,0.0000E+00,0.0000E+00,0.0000E+00,0.0000E+00,0.0000E+00,
   16,1991,   8,0.3871E-03,0.1541E+00,0.1003E+01,0.1597E+01,0.1806E+02,0.1723E+01,0.6770E+00,0.1580E+01,0.2138E+02,0.2257E+01,0.2557E+01,
   26,1991,   8,0.3268E-01,0.1620E+02,0.2030E+02,0.1174E+02,0.3972E+02,0.5608E+01,0.8114E+00,0.1969E+01,0.5707E+02,0.2780E+01,0.4981E+02,
   30,1991,   8,0.4082E-02,0.1928E+01,0.9059E+01,0.4681E+01,0.4023E+01,0.1347E+01,0.3602E+00,0.8817E+00,0.1005E+02,0.1242E+01,0.9171E+01,
   66,1991,   8,0.0000E+00,0.0000E+00,0.0000E+00,0.0000E+00,0.0000E+00,0.0000E+00,0.0000E+00,0.0000E+00,0.0000E+00,0.0000E+00,0.0000E+00,
   24,1991,   8,0.1739E-02,0.7508E+00,0.4505E+01,0.2246E+01,0.8424E-01,0.4773E+00,0.1089E+00,0.2665E+00,0.2808E+01,0.3754E+00,0.3754E+01,
   10,1991,   8,0.3678E+01,0.1611E+04,0.7224E+03,0.4347E+03,0.6569E+02,0.9615E+02,0.2728E+02,0.6645E+02,0.5965E+03,0.9373E+02,0.9522E+04,
   19,1991,   8,0.3005E+01,0.1550E+04,0.4385E+04,0.2829E+04,0.4071E+03,0.6277E+03,0.1685E+03,0.4124E+03,0.3864E+04,0.5809E+03,0.5762E+04,
   11,1991,   8,0.6296E+00,0.3390E+03,0.1056E+04,0.8824E+03,0.3651E+02,0.1878E+03,0.3840E+02,0.9397E+02,0.1107E+04,0.1324E+03,0.1331E+04,
    0,1991,   8,0.5957E-02,0.2315E+01,0.6498E+01,0.2479E+00,0.3010E+01,0.2832E+00,0.1417E+00,0.3305E+00,0.3541E+01,0.4722E+00,0.1301E-02,
   62,1991,   8,0.0000E+00,0.0000E+00,0.0000E+00,0.0000E+00,0.0000E+00,0.0000E+00,0.0000E+00,0.0000E+00,0.0000E+00,0.0000E+00,0.0000E+00,
   92,1991,   9,0.2117E-01,0.9522E+01,0.6241E+02,0.2047E+02,0.5527E+01,0.5960E+01,0.1398E+01,0.5497E+01,0.3196E+02,0.6894E+01,0.6223E+02,
   61,1991,   9,0.6754E+00,0.2672E+03,0.6095E+03,0.8124E+03,0.3136E+03,0.1180E+03,0.1018E+02,0.4146E+02,0.1244E+04,0.5163E+02,0.5870E+03,
   86,1991,   9,0.1212E+00,0.1373E+04,0.3522E+03,0.1491E+03,0.2683E+03,0.3945E+02,0.1457E+02,0.5008E+02,0.4568E+03,0.6466E+02,0.1946E+04,
   34,1991,   9,0.1991E+02,0.1211E+05,0.2288E+04,0.7707E+04,0.1879E+05,0.2301E+04,0.7660E+02,0.1803E+03,0.2880E+05,0.2569E+03,0.1420E+05,
   64,1991,   9,0.1380E+02,0.6179E+04,0.9221E+04,0.6671E+04,0.5306E+04,0.3068E+04,0.1873E+03,0.5564E+03,0.1505E+05,0.7437E+03,0.1267E+05,
   63,1991,   9,0.0000E+00,0.0000E+00,0.0000E+00,0.0000E+00,0.0000E+00,0.0000E+00,0.0000E+00,0.0000E+00,0.0000E+00,0.0000E+00,0.0000E+00,
   59,1991,   9,0.1631E+00,0.6336E+02,0.1338E+03,0.9940E+02,0.2239E+02,0.1337E+02,0.4224E+01,0.2534E+02,0.1352E+03,0.2957E+02,0.9715E+02,
   55,1991,   9,0.3384E-01,0.1337E+02,0.1146E+02,0.1467E+01,0.7042E+02,0.5425E+01,0.5947E+00,0.9694E+01,0.7731E+02,0.1029E+02,0.1648E+02,
   65,1991,   9,0.8088E-01,0.3311E+02,0.7561E+02,0.3105E+02,0.7124E+02,0.3166E+02,0.2264E+01,0.1116E+02,0.1340E+03,0.1342E+02,0.1374E+03,
   32,1991,   9,0.5795E+00,0.2270E+03,0.1023E+03,0.1723E+02,0.7621E+02,0.3052E+02,0.3570E+01,0.4444E+02,0.1240E+03,0.4801E+02,0.1351E+03,
   53,1991,   9,0.1635E-01,0.7057E+01,0.7393E+01,0.9518E+01,0.1202E+02,0.2086E+01,0.3844E+00,0.2025E+01,0.2362E+02,0.2409E+01,0.1166E+02,
   47,1991,   9,0.0000E+00,0.0000E+00,0.0000E+00,0.0000E+00,0.0000E+00,0.0000E+00,0.0000E+00,0.0000E+00,0.0000E+00,0.0000E+00,0.0000E+00,
   81,1991,   9,0.0000E+00,0.0000E+00,0.0000E+00,0.0000E+00,0.0000E+00,0.0000E+00,0.0000E+00,0.0000E+00,0.0000E+00,0.0000E+00,0.0000E+00,
   82,1991,   9,0.4383E-01,0.3028E+02,0.0000E+00,0.0000E+00,0.0000E+00,0.1892E+01,0.0000E+00,0.1892E+02,0.1892E+01,0.1892E+02,0.3028E+02,
   79,1991,   9,0.3454E-02,0.1789E+01,0.8947E+01,0.2672E+01,0.1002E+00,0.5677E+00,0.5190E+00,0.1270E+01,0.3340E+01,0.1789E+01,0.4474E+01,
   77,1991,   9,0.2195E+00,0.8585E+02,0.8081E+02,0.4578E+02,0.1102E+03,0.3171E+02,0.2144E+01,0.4752E+02,0.1877E+03,0.4966E+02,0.3113E+03,
   85,1991,   9,0.2415E+00,0.9606E+02,0.3352E+03,0.2713E+03,0.4769E+02,0.6074E+02,0.6769E+01,0.2030E+02,0.3797E+03,0.2707E+02,0.4219E+03,
   52,1991,   9,0.0000E+00,0.0000E+00,0.0000E+00,0.0000E+00,0.0000E+00,0.0000E+00,0.0000E+00,0.0000E+00,0.0000E+00,0.0000E+00,0.0000E+00,
   56,1991,   9,0.0000E+00,0.0000E+00,0.0000E+00,0.0000E+00,0.0000E+00,0.0000E+00,0.0000E+00,0.0000E+00,0.0000E+00,0.0000E+00,0.0000E+00,
   87,1991,   9,0.0000E+00,0.0000E+00,0.0000E+00,0.0000E+00,0.0000E+00,0.0000E+00,0.0000E+00,0.0000E+00,0.0000E+00,0.0000E+00,0.0000E+00,
   44,1991,   9,0.0000E+00,0.0000E+00,0.0000E+00,0.0000E+00,0.0000E+00,0.0000E+00,0.0000E+00,0.0000E+00,0.0000E+00,0.0000E+00,0.0000E+00,
   41,1991,   9,0.0000E+00,0.0000E+00,0.0000E+00,0.0000E+00,0.0000E+00,0.0000E+00,0.0000E+00,0.0000E+00,0.0000E+00,0.0000E+00,0.0000E+00,
   49,1991,   9,0.1315E-02,0.5677E+00,0.1192E+01,0.1534E+01,0.1737E+00,0.3361E+00,0.5450E-01,0.2861E+00,0.2044E+01,0.3406E+00,0.3368E+01,
   91,1991,   9,0.4127E-01,0.2023E+02,0.1487E+02,0.1797E+02,0.3180E+02,0.6222E+01,0.9532E+00,0.3876E+01,0.5599E+02,0.4829E+01,0.4537E+02,
   51,1991,   9,0.2323E-02,0.1003E+01,0.1003E+01,0.2710E+01,0.3069E+00,0.5937E+00,0.9629E-01,0.5055E+00,0.3611E+01,0.6018E+00,0.2808E+01,
   68,1991,   9,0.0000E+00,0.0000E+00,0.0000E+00,0.0000E+00,0.0000E+00,0.0000E+00,0.0000E+00,0.0000E+00,0.0000E+00,0.0000E+00,0.0000E+00,
   54,1991,   9,0.1166E+00,0.4530E+02,0.0000E+00,0.1067E+03,0.3574E+02,0.3826E+02,0.0000E+00,0.3352E+02,0.1807E+03,0.3352E+02,0.1208E+03,
   33,1991,   9,0.0000E+00,0.0000E+00,0.0000E+00,0.0000E+00,0.0000E+00,0.0000E+00,0.0000E+00,0.0000E+00,0.0000E+00,0.0000E+00,0.0000E+00,
   80,1991,   9,0.0000E+00,0.0000E+00,0.0000E+00,0.0000E+00,0.0000E+00,0.0000E+00,0.0000E+00,0.0000E+00,0.0000E+00,0.0000E+00,0.0000E+00,
   50,1991,   9,0.0000E+00,0.0000E+00,0.0000E+00,0.0000E+00,0.0000E+00,0.0000E+00,0.0000E+00,0.0000E+00,0.0000E+00,0.0000E+00,0.0000E+00,
   58,1991,   9,0.4603E-01,0.1909E+02,0.2766E+02,0.1917E+01,0.9500E+01,0.5885E+01,0.6670E+00,0.6412E+00,0.1730E+02,0.1308E+01,0.1821E+02,
   17,1991,   9,0.4931E-01,0.1992E+02,0.3297E+02,0.1988E+02,0.4628E+02,0.6140E+01,0.1058E+01,0.8364E+01,0.7230E+02,0.9421E+01,0.2764E+02,
   95,1991,   9,0.6457E-02,0.2789E+01,0.7540E+01,0.7517E+01,0.8586E+00,0.1647E+01,0.3097E+00,0.1620E+01,0.1002E+02,0.1930E+01,0.1146E+02,
   90,1991,   9,0.0000E+00,0.0000E+00,0.0000E+00,0.0000E+00,0.0000E+00,0.0000E+00,0.0000E+00,0.0000E+00,0.0000E+00,0.0000E+00,0.0000E+00,
   15,1991,   9,0.0000E+00,0.0000E+00,0.0000E+00,0.0000E+00,0.0000E+00,0.0000E+00,0.0000E+00,0.0000E+00,0.0000E+00,0.0000E+00,0.0000E+00,
   14,1991,   9,0.3856E-01,0.1694E+02,0.2129E+02,0.1358E+02,0.1126E+03,0.1150E+02,0.7982E+01,0.1950E+02,0.1377E+03,0.2749E+02,0.2356E+02,
   31,1991,   9,0.3881E+00,0.2072E+03,0.6436E+03,0.3356E+03,0.2660E+02,0.7241E+02,0.2043E+02,0.4791E+02,0.4346E+03,0.6834E+02,0.8380E+03,
   12,1991,   9,0.1623E-01,0.7397E+01,0.2930E+02,0.1365E+02,0.1296E+02,0.4049E+01,0.1311E+01,0.3211E+01,0.3067E+02,0.4522E+01,0.6133E+02,
   23,1991,   9,0.1406E-01,0.5493E+01,0.5096E+01,0.9740E+00,0.1645E+01,0.3324E+00,0.1106E+00,0.2638E+00,0.2951E+01,0.3744E+00,0.6518E+02,
   25,1991,   9,0.9045E+01,0.7721E+04,0.1700E+05,0.1259E+05,0.2334E+04,0.3150E+04,0.4383E+03,0.8980E+03,0.1808E+05,0.1336E+04,0.2953E+05,
   18,1991,   9,0.2017E-01,0.7582E+02,0.3509E+03,0.9519E+02,0.5608E+02,0.3142E+02,0.3070E+01,0.8569E+01,0.1827E+03,0.1164E+02,0.2633E+03,
    4,1991,   9,0.4920E-01,0.2028E+02,0.1520E+02,0.9976E+01,0.4372E+01,0.2427E+01,0.6788E+00,0.1732E+01,0.1677E+02,0.2411E+01,0.1443E+03,
   74,1991,   9,0.6465E+00,0.2804E+03,0.1191E+04,0.3847E+02,0.6835E+01,0.8331E+03,0.3954E+02,0.9676E+02,0.8784E+03,0.1363E+03,0.1658E+04,
   73,1991,   9,0.1227E-03,0.4769E-01,0.3179E+00,0.4993E+00,0.6062E+01,0.5706E+00,0.2257E+00,0.5267E+00,0.7132E+01,0.7524E+00,0.9481E+00,
   69,1991,   9,0.1812E-01,0.7040E+01,0.7443E+01,0.1999E+01,0.2408E+02,0.2270E+01,0.9261E+00,0.2161E+01,0.2835E+02,0.3087E+01,0.7343E+01,
   20,1991,   9,0.8079E+00,0.4250E+03,0.1263E+04,0.1066E+04,0.4631E+03,0.2586E+03,0.1274E+03,0.3117E+03,0.1787E+04,0.4390E+03,0.1746E+04,
   36,1991,   9,0.0000E+00,0.0000E+00,0.0000E+00,0.0000E+00,0.0000E+00,0.0000E+00,0.0000E+00,0.0000E+00,0.0000E+00,0.0000E+00,0.0000E+00,
   16,1991,   9,0.3871E-03,0.1541E+00,0.1003E+01,0.1597E+01,0.1806E+02,0.1723E+01,0.6770E+00,0.1580E+01,0.2138E+02,0.2257E+01,0.2557E+01,
   26,1991,   9,0.3268E-01,0.1620E+02,0.2030E+02,0.1174E+02,0.3972E+02,0.5608E+01,0.8114E+00,0.1969E+01,0.5707E+02,0.2780E+01,0.4981E+02,
   30,1991,   9,0.4082E-02,0.1928E+01,0.9059E+01,0.4681E+01,0.4023E+01,0.1347E+01,0.3602E+00,0.8817E+00,0.1005E+02,0.1242E+01,0.9171E+01,
   66,1991,   9,0.0000E+00,0.0000E+00,0.0000E+00,0.0000E+00,0.0000E+00,0.0000E+00,0.0000E+00,0.0000E+00,0.0000E+00,0.0000E+00,0.0000E+00,
   24,1991,   9,0.1739E-02,0.7508E+00,0.4505E+01,0.2246E+01,0.8424E-01,0.4773E+00,0.1089E+00,0.2665E+00,0.2808E+01,0.3754E+00,0.3754E+01,
   10,1991,   9,0.3678E+01,0.1611E+04,0.7224E+03,0.4347E+03,0.6569E+02,0.9615E+02,0.2728E+02,0.6645E+02,0.5965E+03,0.9373E+02,0.9522E+04,
   19,1991,   9,0.2998E+01,0.1547E+04,0.4320E+04,0.2768E+04,0.3643E+03,0.6162E+03,0.1652E+03,0.4041E+03,0.3749E+04,0.5693E+03,0.5685E+04,
   11,1991,   9,0.6296E+00,0.3390E+03,0.1056E+04,0.8824E+03,0.3651E+02,0.1878E+03,0.3840E+02,0.9397E+02,0.1107E+04,0.1324E+03,0.1331E+04,
    0,1991,   9,0.5957E-02,0.2315E+01,0.6498E+01,0.2479E+00,0.3010E+01,0.2832E+00,0.1417E+00,0.3305E+00,0.3541E+01,0.4722E+00,0.1301E-02,
   62,1991,   9,0.0000E+00,0.0000E+00,0.0000E+00,0.0000E+00,0.0000E+00,0.0000E+00,0.0000E+00,0.0000E+00,0.0000E+00,0.0000E+00,0.0000E+00,
   92,1991,  10,0.2328E-01,0.1043E+02,0.4013E+02,0.2290E+02,0.5821E+01,0.6434E+01,0.1483E+01,0.5944E+01,0.3515E+02,0.7427E+01,0.5874E+02,
   61,1991,  10,0.6330E+00,0.2507E+03,0.7103E+03,0.7333E+03,0.3555E+03,0.1897E+03,0.1344E+02,0.4003E+02,0.1278E+04,0.5347E+02,0.6237E+03,
   86,1991,  10,0.1216E+00,0.1183E+04,0.3048E+03,0.1458E+03,0.2301E+03,0.3856E+02,0.1438E+02,0.4788E+02,0.4144E+03,0.6226E+02,0.1664E+04,
   34,1991,  10,0.1914E+02,0.1227E+05,0.3746E+04,0.7615E+04,0.1992E+05,0.2333E+04,0.5901E+02,0.1654E+03,0.2986E+05,0.2245E+03,0.1437E+05,
   64,1991,  10,0.1335E+02,0.6011E+04,0.9218E+04,0.7222E+04,0.5974E+04,0.1599E+04,0.2270E+03,0.4954E+03,0.1479E+05,0.7224E+03,0.1378E+05,
   63,1991,  10,0.0000E+00,0.0000E+00,0.0000E+00,0.0000E+00,0.0000E+00,0.0000E+00,0.0000E+00,0.0000E+00,0.0000E+00,0.0000E+00,0.0000E+00,
   59,1991,  10,0.1489E+00,0.5786E+02,0.1067E+03,0.2173E+03,0.6428E+01,0.1826E+02,0.7071E+01,0.5400E+01,0.2420E+03,0.1247E+02,0.8743E+02,
   55,1991,  10,0.3525E-01,0.1390E+02,0.7712E+01,0.1224E+01,0.6198E+02,0.3186E+01,0.3801E+00,0.9892E+01,0.6639E+02,0.1027E+02,0.1484E+02,
   65,1991,  10,0.8592E-01,0.3498E+02,0.1158E+03,0.2822E+02,0.1033E+03,0.3576E+02,0.4744E+01,0.1418E+02,0.1673E+03,0.1893E+02,0.1954E+03,
   32,1991,  10,0.5753E+00,0.2254E+03,0.8661E+02,0.1740E+02,0.2211E+03,0.3489E+02,0.2951E+01,0.3885E+02,0.2733E+03,0.4180E+02,0.1087E+03,
   53,1991,  10,0.1555E-01,0.6714E+01,0.8341E+01,0.8540E+01,0.1377E+02,0.1865E+01,0.4172E+00,0.2222E+01,0.2417E+02,0.2639E+01,0.4117E+02,
   47,1991,  10,0.0000E+00,0.0000E+00,0.0000E+00,0.0000E+00,0.0000E+00,0.0000E+00,0.0000E+00,0.0000E+00,0.0000E+00,0.0000E+00,0.0000E+00,
   81,1991,  10,0.0000E+00,0.0000E+00,0.0000E+00,0.0000E+00,0.0000E+00,0.0000E+00,0.0000E+00,0.0000E+00,0.0000E+00,0.0000E+00,0.0000E+00,
   82,1991,  10,0.4383E-01,0.3028E+02,0.0000E+00,0.0000E+00,0.0000E+00,0.1892E+01,0.0000E+00,0.1892E+02,0.1892E+01,0.1892E+02,0.3028E+02,
   79,1991,  10,0.3454E-02,0.1789E+01,0.8947E+01,0.2672E+01,0.1002E+00,0.5677E+00,0.5190E+00,0.1270E+01,0.3340E+01,0.1789E+01,0.4474E+01,
   77,1991,  10,0.2379E+00,0.9298E+02,0.1143E+03,0.3080E+02,0.1653E+03,0.3142E+02,0.5664E+01,0.4726E+02,0.2275E+03,0.5293E+02,0.3183E+03,
   85,1991,  10,0.2370E+00,0.9428E+02,0.3207E+03,0.2660E+03,0.4708E+02,0.5957E+02,0.7561E+01,0.2268E+02,0.3726E+03,0.3024E+02,0.3614E+03,
   52,1991,  10,0.0000E+00,0.0000E+00,0.0000E+00,0.0000E+00,0.0000E+00,0.0000E+00,0.0000E+00,0.0000E+00,0.0000E+00,0.0000E+00,0.0000E+00,
   56,1991,  10,0.0000E+00,0.0000E+00,0.0000E+00,0.0000E+00,0.0000E+00,0.0000E+00,0.0000E+00,0.0000E+00,0.0000E+00,0.0000E+00,0.0000E+00,
   87,1991,  10,0.0000E+00,0.0000E+00,0.0000E+00,0.0000E+00,0.0000E+00,0.0000E+00,0.0000E+00,0.0000E+00,0.0000E+00,0.0000E+00,0.0000E+00,
   44,1991,  10,0.0000E+00,0.0000E+00,0.0000E+00,0.0000E+00,0.0000E+00,0.0000E+00,0.0000E+00,0.0000E+00,0.0000E+00,0.0000E+00,0.0000E+00,
   41,1991,  10,0.0000E+00,0.0000E+00,0.0000E+00,0.0000E+00,0.0000E+00,0.0000E+00,0.0000E+00,0.0000E+00,0.0000E+00,0.0000E+00,0.0000E+00,
   49,1991,  10,0.1315E-02,0.5677E+00,0.8175E+00,0.1534E+01,0.1737E+00,0.3361E+00,0.5450E-01,0.2861E+00,0.2044E+01,0.3406E+00,0.8629E+00,
   91,1991,  10,0.4096E-01,0.2010E+02,0.2121E+02,0.1761E+02,0.3176E+02,0.6144E+01,0.9405E+00,0.3809E+01,0.5552E+02,0.4750E+01,0.5395E+02,
   51,1991,  10,0.3507E-02,0.1514E+01,0.1211E+01,0.4091E+01,0.4633E+00,0.8962E+00,0.1453E+00,0.7630E+00,0.5450E+01,0.9083E+00,0.3028E+01,
   68,1991,  10,0.0000E+00,0.0000E+00,0.0000E+00,0.0000E+00,0.0000E+00,0.0000E+00,0.0000E+00,0.0000E+00,0.0000E+00,0.0000E+00,0.0000E+00,
   54,1991,  10,0.1179E+00,0.4581E+02,0.2036E+03,0.1181E+03,0.5314E+02,0.4683E+02,0.7229E+01,0.3238E+02,0.2181E+03,0.3960E+02,0.1425E+03,
   33,1991,  10,0.0000E+00,0.0000E+00,0.0000E+00,0.0000E+00,0.0000E+00,0.0000E+00,0.0000E+00,0.0000E+00,0.0000E+00,0.0000E+00,0.0000E+00,
   80,1991,  10,0.0000E+00,0.0000E+00,0.0000E+00,0.0000E+00,0.0000E+00,0.0000E+00,0.0000E+00,0.0000E+00,0.0000E+00,0.0000E+00,0.0000E+00,
   50,1991,  10,0.0000E+00,0.0000E+00,0.0000E+00,0.0000E+00,0.0000E+00,0.0000E+00,0.0000E+00,0.0000E+00,0.0000E+00,0.0000E+00,0.0000E+00,
   58,1991,  10,0.4362E-01,0.1816E+02,0.2077E+02,0.2039E+01,0.8761E+01,0.6018E+01,0.4915E+00,0.6249E+00,0.1682E+02,0.1116E+01,0.1848E+02,
   17,1991,  10,0.7171E-01,0.2866E+02,0.6081E+02,0.2091E+02,0.4674E+02,0.1547E+02,0.2332E+01,0.1425E+02,0.8312E+02,0.1658E+02,0.7493E+02,
   95,1991,  10,0.1010E-01,0.4360E+01,0.1229E+02,0.1176E+02,0.1339E+01,0.2577E+01,0.4822E+00,0.2524E+01,0.1568E+02,0.3006E+01,0.2292E+02,
   90,1991,  10,0.0000E+00,0.0000E+00,0.0000E+00,0.0000E+00,0.0000E+00,0.0000E+00,0.0000E+00,0.0000E+00,0.0000E+00,0.0000E+00,0.0000E+00,
   15,1991,  10,0.0000E+00,0.0000E+00,0.0000E+00,0.0000E+00,0.0000E+00,0.0000E+00,0.0000E+00,0.0000E+00,0.0000E+00,0.0000E+00,0.0000E+00,
   14,1991,  10,0.3856E-01,0.1694E+02,0.1847E+02,0.1358E+02,0.1126E+03,0.1150E+02,0.7982E+01,0.1950E+02,0.1377E+03,0.2749E+02,0.2189E+02,
   31,1991,  10,0.3881E+00,0.2072E+03,0.6436E+03,0.3356E+03,0.2660E+02,0.7241E+02,0.2043E+02,0.4791E+02,0.4346E+03,0.6834E+02,0.8380E+03,
   12,1991,  10,0.1623E-01,0.7397E+01,0.2930E+02,0.1365E+02,0.1296E+02,0.4049E+01,0.1311E+01,0.3211E+01,0.3067E+02,0.4522E+01,0.6133E+02,
   23,1991,  10,0.1406E-01,0.5493E+01,0.5096E+01,0.9740E+00,0.1645E+01,0.3324E+00,0.1106E+00,0.2638E+00,0.2951E+01,0.3744E+00,0.6518E+02,
   25,1991,  10,0.8432E+01,0.7425E+04,0.1436E+05,0.1252E+05,0.2276E+04,0.2859E+04,0.3960E+03,0.8874E+03,0.1765E+05,0.1283E+04,0.2265E+05,
   18,1991,  10,0.2017E-01,0.1055E+02,0.1851E+02,0.1439E+02,0.1259E+02,0.3983E+01,0.1065E+01,0.2556E+01,0.3096E+02,0.3621E+01,0.3691E+02,
    4,1991,  10,0.4920E-01,0.2028E+02,0.1520E+02,0.9976E+01,0.4372E+01,0.2427E+01,0.6788E+00,0.1732E+01,0.1677E+02,0.2411E+01,0.1443E+03,
   74,1991,  10,0.6465E+00,0.2804E+03,0.1191E+04,0.3847E+02,0.6835E+01,0.8331E+03,0.3954E+02,0.9676E+02,0.8784E+03,0.1363E+03,0.1658E+04,
   73,1991,  10,0.1227E-03,0.4769E-01,0.3179E+00,0.4993E+00,0.6062E+01,0.5706E+00,0.2257E+00,0.5267E+00,0.7132E+01,0.7524E+00,0.9481E+00,
   69,1991,  10,0.1812E-01,0.7040E+01,0.7443E+01,0.1999E+01,0.2408E+02,0.2270E+01,0.9261E+00,0.2161E+01,0.2835E+02,0.3087E+01,0.7343E+01,
   20,1991,  10,0.8079E+00,0.4250E+03,0.1263E+04,0.1066E+04,0.4631E+03,0.2586E+03,0.1274E+03,0.3117E+03,0.1787E+04,0.4390E+03,0.1746E+04,
   36,1991,  10,0.0000E+00,0.0000E+00,0.0000E+00,0.0000E+00,0.0000E+00,0.0000E+00,0.0000E+00,0.0000E+00,0.0000E+00,0.0000E+00,0.0000E+00,
   16,1991,  10,0.3871E-03,0.1541E+00,0.1003E+01,0.1597E+01,0.1806E+02,0.1723E+01,0.6770E+00,0.1580E+01,0.2138E+02,0.2257E+01,0.2557E+01,
   26,1991,  10,0.3268E-01,0.1620E+02,0.2030E+02,0.1174E+02,0.3972E+02,0.5608E+01,0.8114E+00,0.1969E+01,0.5707E+02,0.2780E+01,0.4981E+02,
   30,1991,  10,0.4082E-02,0.1928E+01,0.9059E+01,0.4681E+01,0.4023E+01,0.1347E+01,0.3602E+00,0.8817E+00,0.1005E+02,0.1242E+01,0.9171E+01,
   66,1991,  10,0.0000E+00,0.0000E+00,0.0000E+00,0.0000E+00,0.0000E+00,0.0000E+00,0.0000E+00,0.0000E+00,0.0000E+00,0.0000E+00,0.0000E+00,
   24,1991,  10,0.1739E-02,0.7508E+00,0.4505E+01,0.2246E+01,0.8424E-01,0.4773E+00,0.1089E+00,0.2665E+00,0.2808E+01,0.3754E+00,0.3754E+01,
   10,1991,  10,0.3678E+01,0.1611E+04,0.7224E+03,0.4347E+03,0.6569E+02,0.9615E+02,0.2728E+02,0.6645E+02,0.5965E+03,0.9373E+02,0.9522E+04,
   19,1991,  10,0.2555E+01,0.1305E+04,0.3606E+04,0.2351E+04,0.3887E+03,0.5260E+03,0.1352E+03,0.3308E+03,0.3265E+04,0.4660E+03,0.4789E+04,
   11,1991,  10,0.6296E+00,0.3390E+03,0.1056E+04,0.8824E+03,0.3651E+02,0.1878E+03,0.3840E+02,0.9397E+02,0.1107E+04,0.1324E+03,0.1331E+04,
    0,1991,  10,0.5957E-02,0.2315E+01,0.6498E+01,0.2479E+00,0.3010E+01,0.2832E+00,0.1417E+00,0.3305E+00,0.3541E+01,0.4722E+00,0.1301E-02,
   62,1991,  10,0.0000E+00,0.0000E+00,0.0000E+00,0.0000E+00,0.0000E+00,0.0000E+00,0.0000E+00,0.0000E+00,0.0000E+00,0.0000E+00,0.0000E+00,
   92,1991,  11,0.2047E-01,0.9220E+01,0.3290E+02,0.1962E+02,0.5453E+01,0.5707E+01,0.1366E+01,0.5332E+01,0.3078E+02,0.6698E+01,0.3566E+02,
   61,1991,  11,0.6362E+00,0.2519E+03,0.4796E+03,0.8094E+03,0.2634E+03,0.1422E+03,0.8643E+01,0.3861E+02,0.1215E+04,0.4726E+02,0.5509E+03,
   86,1991,  11,0.1389E+00,0.1166E+04,0.3406E+03,0.1681E+03,0.2251E+03,0.4264E+02,0.1566E+02,0.5089E+02,0.4358E+03,0.6655E+02,0.1745E+04,
   34,1991,  11,0.1896E+02,0.1034E+05,0.4110E+04,0.8105E+04,0.1754E+05,0.2536E+04,0.1186E+03,0.1335E+03,0.2818E+05,0.2521E+03,0.1497E+05,
   64,1991,  11,0.1249E+02,0.5647E+04,0.5933E+04,0.7324E+04,0.6146E+04,0.1212E+04,0.2342E+03,0.3784E+03,0.1468E+05,0.6126E+03,0.1469E+05,
   63,1991,  11,0.0000E+00,0.0000E+00,0.0000E+00,0.0000E+00,0.0000E+00,0.0000E+00,0.0000E+00,0.0000E+00,0.0000E+00,0.0000E+00,0.0000E+00,
   59,1991,  11,0.1515E+00,0.5888E+02,0.1635E+03,0.2492E+03,0.4710E+02,0.4121E+02,0.7720E+01,0.1099E+02,0.3376E+03,0.1871E+02,0.1099E+03,
   55,1991,  11,0.3477E-01,0.1368E+02,0.1481E+02,0.3649E+02,0.3029E+02,0.7986E+00,0.1960E+01,0.7196E+01,0.6758E+02,0.9156E+01,0.3255E+02,
   65,1991,  11,0.7834E-01,0.3204E+02,0.7341E+02,0.2609E+02,0.9149E+02,0.6981E+02,0.3015E+01,0.1257E+02,0.1874E+03,0.1559E+02,0.1281E+03,
   32,1991,  11,0.5697E+00,0.2231E+03,0.7472E+02,0.1984E+02,0.4296E+03,0.5272E+02,0.6870E+01,0.4011E+02,0.5021E+03,0.4698E+02,0.1265E+03,
   53,1991,  11,0.1182E-01,0.5104E+01,0.9925E+01,0.7144E+01,0.9663E+01,0.1568E+01,0.3370E+00,0.1769E+01,0.1837E+02,0.2106E+01,0.6727E+02,
   47,1991,  11,0.0000E+00,0.0000E+00,0.0000E+00,0.0000E+00,0.0000E+00,0.0000E+00,0.0000E+00,0.0000E+00,0.0000E+00,0.0000E+00,0.0000E+00,
   81,1991,  11,0.0000E+00,0.0000E+00,0.0000E+00,0.0000E+00,0.0000E+00,0.0000E+00,0.0000E+00,0.0000E+00,0.0000E+00,0.0000E+00,0.0000E+00,
   82,1991,  11,0.4383E-01,0.3028E+02,0.0000E+00,0.0000E+00,0.0000E+00,0.1892E+01,0.0000E+00,0.1892E+02,0.1892E+01,0.1892E+02,0.3028E+02,
   79,1991,  11,0.3454E-02,0.1789E+01,0.8947E+01,0.2672E+01,0.1002E+00,0.5677E+00,0.5190E+00,0.1270E+01,0.3340E+01,0.1789E+01,0.4474E+01,
   77,1991,  11,0.2036E+00,0.7961E+02,0.1029E+03,0.5093E+02,0.1086E+03,0.4249E+02,0.1183E+02,0.3841E+02,0.2021E+03,0.5024E+02,0.2336E+03,
   85,1991,  11,0.2049E+00,0.8177E+02,0.3170E+03,0.2286E+03,0.4285E+02,0.5138E+02,0.5983E+01,0.1811E+02,0.3228E+03,0.2409E+02,0.3597E+03,
   52,1991,  11,0.0000E+00,0.0000E+00,0.0000E+00,0.0000E+00,0.0000E+00,0.0000E+00,0.0000E+00,0.0000E+00,0.0000E+00,0.0000E+00,0.0000E+00,
   56,1991,  11,0.0000E+00,0.0000E+00,0.0000E+00,0.0000E+00,0.0000E+00,0.0000E+00,0.0000E+00,0.0000E+00,0.0000E+00,0.0000E+00,0.0000E+00,
   87,1991,  11,0.0000E+00,0.0000E+00,0.0000E+00,0.0000E+00,0.0000E+00,0.0000E+00,0.0000E+00,0.0000E+00,0.0000E+00,0.0000E+00,0.0000E+00,
   44,1991,  11,0.0000E+00,0.0000E+00,0.0000E+00,0.0000E+00,0.0000E+00,0.0000E+00,0.0000E+00,0.0000E+00,0.0000E+00,0.0000E+00,0.0000E+00,
   41,1991,  11,0.0000E+00,0.0000E+00,0.0000E+00,0.0000E+00,0.0000E+00,0.0000E+00,0.0000E+00,0.0000E+00,0.0000E+00,0.0000E+00,0.0000E+00,
   49,1991,  11,0.1622E-02,0.7002E+00,0.3508E+01,0.1892E+01,0.2143E+00,0.4145E+00,0.6722E-01,0.3529E+00,0.2521E+01,0.4201E+00,0.3262E+01,
   91,1991,  11,0.3943E-01,0.1944E+02,0.9319E+01,0.1582E+02,0.3156E+02,0.5752E+01,0.8769E+00,0.3475E+01,0.5313E+02,0.4352E+01,0.5378E+02,
   51,1991,  11,0.2805E-02,0.1211E+01,0.1453E+01,0.3272E+01,0.3706E+00,0.7170E+00,0.1163E+00,0.6104E+00,0.4360E+01,0.7267E+00,0.2907E+01,
   68,1991,  11,0.0000E+00,0.0000E+00,0.0000E+00,0.0000E+00,0.0000E+00,0.0000E+00,0.0000E+00,0.0000E+00,0.0000E+00,0.0000E+00,0.0000E+00,
   54,1991,  11,0.1153E+00,0.4479E+02,0.0000E+00,0.1553E+03,0.2628E+02,0.5773E+02,0.0000E+00,0.3225E+02,0.2393E+03,0.3225E+02,0.1991E+03,
   33,1991,  11,0.0000E+00,0.0000E+00,0.0000E+00,0.0000E+00,0.0000E+00,0.0000E+00,0.0000E+00,0.0000E+00,0.0000E+00,0.0000E+00,0.0000E+00,
   80,1991,  11,0.0000E+00,0.0000E+00,0.0000E+00,0.0000E+00,0.0000E+00,0.0000E+00,0.0000E+00,0.0000E+00,0.0000E+00,0.0000E+00,0.0000E+00,
   50,1991,  11,0.0000E+00,0.0000E+00,0.0000E+00,0.0000E+00,0.0000E+00,0.0000E+00,0.0000E+00,0.0000E+00,0.0000E+00,0.0000E+00,0.0000E+00,
   58,1991,  11,0.4099E-01,0.1713E+02,0.2211E+02,0.1792E+01,0.8524E+01,0.5496E+01,0.4103E+00,0.6816E+00,0.1581E+02,0.1092E+01,0.2104E+02,
   17,1991,  11,0.8591E-01,0.3418E+02,0.7583E+02,0.2101E+02,0.4090E+02,0.3010E+02,0.5192E+01,0.1286E+02,0.9201E+02,0.1805E+02,0.3814E+03,
   95,1991,  11,0.8035E-02,0.3470E+01,0.6832E+01,0.9358E+01,0.1067E+01,0.2051E+01,0.3404E+00,0.1777E+01,0.1248E+02,0.2117E+01,0.1619E+02,
   90,1991,  11,0.0000E+00,0.0000E+00,0.0000E+00,0.0000E+00,0.0000E+00,0.0000E+00,0.0000E+00,0.0000E+00,0.0000E+00,0.0000E+00,0.0000E+00,
   15,1991,  11,0.0000E+00,0.0000E+00,0.0000E+00,0.0000E+00,0.0000E+00,0.0000E+00,0.0000E+00,0.0000E+00,0.0000E+00,0.0000E+00,0.0000E+00,
   14,1991,  11,0.3856E-01,0.1694E+02,0.2288E+02,0.1358E+02,0.1126E+03,0.1150E+02,0.7982E+01,0.1950E+02,0.1377E+03,0.2749E+02,0.2063E+02,
   31,1991,  11,0.3881E+00,0.2072E+03,0.6436E+03,0.3356E+03,0.2660E+02,0.7241E+02,0.2043E+02,0.4791E+02,0.4346E+03,0.6834E+02,0.8380E+03,
   12,1991,  11,0.1623E-01,0.7397E+01,0.2930E+02,0.1365E+02,0.1296E+02,0.4049E+01,0.1311E+01,0.3211E+01,0.3067E+02,0.4522E+01,0.6133E+02,
   23,1991,  11,0.1406E-01,0.5493E+01,0.5096E+01,0.9740E+00,0.1645E+01,0.3324E+00,0.1106E+00,0.2638E+00,0.2951E+01,0.3744E+00,0.6518E+02,
   25,1991,  11,0.8432E+01,0.7425E+04,0.1436E+05,0.1252E+05,0.2276E+04,0.2859E+04,0.3960E+03,0.8874E+03,0.1765E+05,0.1283E+04,0.2265E+05,
   18,1991,  11,0.2017E-01,0.1055E+02,0.1851E+02,0.1439E+02,0.1259E+02,0.3983E+01,0.1065E+01,0.2556E+01,0.3096E+02,0.3621E+01,0.3691E+02,
    4,1991,  11,0.4920E-01,0.2028E+02,0.1520E+02,0.9976E+01,0.4372E+01,0.2427E+01,0.6788E+00,0.1732E+01,0.1677E+02,0.2411E+01,0.1443E+03,
   74,1991,  11,0.6465E+00,0.2804E+03,0.1191E+04,0.3847E+02,0.6835E+01,0.8331E+03,0.3954E+02,0.9676E+02,0.8784E+03,0.1363E+03,0.1658E+04,
   73,1991,  11,0.1227E-03,0.4769E-01,0.3179E+00,0.4993E+00,0.6062E+01,0.5706E+00,0.2257E+00,0.5267E+00,0.7132E+01,0.7524E+00,0.9481E+00,
   69,1991,  11,0.1812E-01,0.7040E+01,0.7443E+01,0.1999E+01,0.2408E+02,0.2270E+01,0.9261E+00,0.2161E+01,0.2835E+02,0.3087E+01,0.7343E+01,
   20,1991,  11,0.8079E+00,0.4250E+03,0.1263E+04,0.1066E+04,0.4631E+03,0.2586E+03,0.1274E+03,0.3117E+03,0.1787E+04,0.4390E+03,0.1746E+04,
   36,1991,  11,0.0000E+00,0.0000E+00,0.0000E+00,0.0000E+00,0.0000E+00,0.0000E+00,0.0000E+00,0.0000E+00,0.0000E+00,0.0000E+00,0.0000E+00,
   16,1991,  11,0.3871E-03,0.1541E+00,0.1003E+01,0.1597E+01,0.1806E+02,0.1723E+01,0.6770E+00,0.1580E+01,0.2138E+02,0.2257E+01,0.2557E+01,
   26,1991,  11,0.3268E-01,0.1620E+02,0.2030E+02,0.1174E+02,0.3972E+02,0.5608E+01,0.8114E+00,0.1969E+01,0.5707E+02,0.2780E+01,0.4981E+02,
   30,1991,  11,0.4082E-02,0.1928E+01,0.9059E+01,0.4681E+01,0.4023E+01,0.1347E+01,0.3602E+00,0.8817E+00,0.1005E+02,0.1242E+01,0.9171E+01,
   66,1991,  11,0.0000E+00,0.0000E+00,0.0000E+00,0.0000E+00,0.0000E+00,0.0000E+00,0.0000E+00,0.0000E+00,0.0000E+00,0.0000E+00,0.0000E+00,
   24,1991,  11,0.1739E-02,0.7508E+00,0.4505E+01,0.2246E+01,0.8424E-01,0.4773E+00,0.1089E+00,0.2665E+00,0.2808E+01,0.3754E+00,0.3754E+01,
   10,1991,  11,0.3678E+01,0.1611E+04,0.7224E+03,0.4347E+03,0.6569E+02,0.9615E+02,0.2728E+02,0.6645E+02,0.5965E+03,0.9373E+02,0.9522E+04,
   19,1991,  11,0.2553E+01,0.1304E+04,0.3589E+04,0.2335E+04,0.3775E+03,0.5230E+03,0.1343E+03,0.3287E+03,0.3235E+04,0.4630E+03,0.4768E+04,
   11,1991,  11,0.6296E+00,0.3390E+03,0.1056E+04,0.8824E+03,0.3651E+02,0.1878E+03,0.3840E+02,0.9397E+02,0.1107E+04,0.1324E+03,0.1331E+04,
    0,1991,  11,0.5957E-02,0.2315E+01,0.6498E+01,0.2479E+00,0.3010E+01,0.2832E+00,0.1417E+00,0.3305E+00,0.3541E+01,0.4722E+00,0.1301E-02,
   62,1991,  11,0.0000E+00,0.0000E+00,0.0000E+00,0.0000E+00,0.0000E+00,0.0000E+00,0.0000E+00,0.0000E+00,0.0000E+00,0.0000E+00,0.0000E+00,
   92,1991,  12,0.2525E-01,0.1128E+02,0.5497E+02,0.2524E+02,0.6059E+01,0.7030E+01,0.1567E+01,0.6388E+01,0.3833E+02,0.7956E+01,0.5864E+02,
   61,1991,  12,0.6975E+00,0.2761E+03,0.4885E+03,0.8445E+03,0.3741E+03,0.1064E+03,0.1174E+02,0.3717E+02,0.1325E+04,0.4891E+02,0.6395E+03,
   86,1991,  12,0.2078E+00,0.1040E+04,0.6020E+03,0.1769E+03,0.2049E+03,0.6827E+02,0.1947E+02,0.5539E+02,0.4501E+03,0.7486E+02,0.2186E+04,
   34,1991,  12,0.2147E+02,0.1133E+05,0.8580E+04,0.1049E+05,0.1610E+05,0.3022E+04,0.1767E+03,0.1774E+03,0.2962E+05,0.3541E+03,0.2680E+05,
   64,1991,  12,0.1214E+02,0.5484E+04,0.1137E+05,0.7094E+04,0.6011E+04,0.1561E+04,0.2888E+03,0.3376E+03,0.1467E+05,0.6264E+03,0.7219E+05,
   63,1991,  12,0.0000E+00,0.0000E+00,0.0000E+00,0.0000E+00,0.0000E+00,0.0000E+00,0.0000E+00,0.0000E+00,0.0000E+00,0.0000E+00,0.0000E+00,
   59,1991,  12,0.1524E+00,0.5922E+02,0.9343E+02,0.1040E+03,0.3948E+02,0.4908E+02,0.9080E+01,0.1500E+02,0.1925E+03,0.2408E+02,0.1619E+03,
   55,1991,  12,0.4551E-01,0.1791E+02,0.4308E+01,0.2095E+02,0.3357E+02,0.3237E+01,0.8379E-01,0.6042E+01,0.5776E+02,0.6126E+01,0.2105E+02,
   65,1991,  12,0.1067E+00,0.4333E+02,0.1412E+03,0.4700E+02,0.7670E+02,0.4844E+02,0.4953E+01,0.1663E+02,0.1721E+03,0.2159E+02,0.1825E+03,
   32,1991,  12,0.6336E+00,0.2481E+03,0.2231E+02,0.1656E+02,0.6226E+03,0.3763E+02,0.2469E+01,0.4197E+02,0.6767E+03,0.4444E+02,0.1363E+03,
   53,1991,  12,0.1555E-01,0.6711E+01,0.2184E+02,0.9331E+01,0.7715E+01,0.2048E+01,0.2390E+00,0.1255E+01,0.1909E+02,0.1494E+01,0.2938E+02,
   47,1991,  12,0.0000E+00,0.0000E+00,0.0000E+00,0.0000E+00,0.0000E+00,0.0000E+00,0.0000E+00,0.0000E+00,0.0000E+00,0.0000E+00,0.0000E+00,
   81,1991,  12,0.0000E+00,0.0000E+00,0.0000E+00,0.0000E+00,0.0000E+00,0.0000E+00,0.0000E+00,0.0000E+00,0.0000E+00,0.0000E+00,0.0000E+00,
   82,1991,  12,0.4383E-01,0.3028E+02,0.0000E+00,0.0000E+00,0.0000E+00,0.1892E+01,0.0000E+00,0.1892E+02,0.1892E+01,0.1892E+02,0.3028E+02,
   79,1991,  12,0.3454E-02,0.1789E+01,0.8947E+01,0.2672E+01,0.1002E+00,0.5677E+00,0.5190E+00,0.1270E+01,0.3340E+01,0.1789E+01,0.4474E+01,
   77,1991,  12,0.3189E+00,0.1244E+03,0.5301E+03,0.7009E+02,0.1218E+03,0.1017E+03,0.1092E+02,0.4129E+02,0.2936E+03,0.5221E+02,0.1607E+04,
   85,1991,  12,0.2495E+00,0.9913E+02,0.5083E+03,0.2347E+03,0.4711E+02,0.7241E+02,0.8891E+01,0.1823E+02,0.3542E+03,0.2712E+02,0.8537E+03,
   52,1991,  12,0.0000E+00,0.0000E+00,0.0000E+00,0.0000E+00,0.0000E+00,0.0000E+00,0.0000E+00,0.0000E+00,0.0000E+00,0.0000E+00,0.0000E+00,
   56,1991,  12,0.5674E-02,0.2205E+01,0.2107E+02,0.6859E+00,0.5389E+00,0.2694E+01,0.3920E+00,0.9799E-01,0.3919E+01,0.4900E+00,0.6369E+02,
   87,1991,  12,0.0000E+00,0.0000E+00,0.0000E+00,0.0000E+00,0.0000E+00,0.0000E+00,0.0000E+00,0.0000E+00,0.0000E+00,0.0000E+00,0.0000E+00,
   44,1991,  12,0.0000E+00,0.0000E+00,0.0000E+00,0.0000E+00,0.0000E+00,0.0000E+00,0.0000E+00,0.0000E+00,0.0000E+00,0.0000E+00,0.0000E+00,
   41,1991,  12,0.0000E+00,0.0000E+00,0.0000E+00,0.0000E+00,0.0000E+00,0.0000E+00,0.0000E+00,0.0000E+00,0.0000E+00,0.0000E+00,0.0000E+00,
   49,1991,  12,0.1008E-02,0.4352E+00,0.6850E+00,0.1176E+01,0.1332E+00,0.2577E+00,0.4178E-01,0.2194E+00,0.1567E+01,0.2611E+00,0.5639E+00,
   91,1991,  12,0.4026E-01,0.1980E+02,0.1485E+02,0.1679E+02,0.3167E+02,0.5965E+01,0.9114E+00,0.3656E+01,0.5443E+02,0.4568E+01,0.4353E+02,
   51,1991,  12,0.2674E-02,0.1154E+01,0.1847E+01,0.3119E+01,0.3532E+00,0.6833E+00,0.1108E+00,0.5818E+00,0.4156E+01,0.6926E+00,0.3694E+01,
   68,1991,  12,0.0000E+00,0.0000E+00,0.0000E+00,0.0000E+00,0.0000E+00,0.0000E+00,0.0000E+00,0.0000E+00,0.0000E+00,0.0000E+00,0.0000E+00,
   54,1991,  12,0.1214E+00,0.4718E+02,0.8693E+02,0.1499E+03,0.3627E+02,0.5451E+02,0.5244E+00,0.2569E+02,0.2407E+03,0.2621E+02,0.2306E+03,
   33,1991,  12,0.0000E+00,0.0000E+00,0.0000E+00,0.0000E+00,0.0000E+00,0.0000E+00,0.0000E+00,0.0000E+00,0.0000E+00,0.0000E+00,0.0000E+00,
   80,1991,  12,0.0000E+00,0.0000E+00,0.0000E+00,0.0000E+00,0.0000E+00,0.0000E+00,0.0000E+00,0.0000E+00,0.0000E+00,0.0000E+00,0.0000E+00,
   50,1991,  12,0.0000E+00,0.0000E+00,0.0000E+00,0.0000E+00,0.0000E+00,0.0000E+00,0.0000E+00,0.0000E+00,0.0000E+00,0.0000E+00,0.0000E+00,
   58,1991,  12,0.4244E-01,0.1770E+02,0.1932E+02,0.2174E+01,0.7568E+01,0.7035E+01,0.3687E+00,0.5949E+00,0.1678E+02,0.9636E+00,0.1536E+02,
   17,1991,  12,0.1533E+00,0.6039E+02,0.3594E+03,0.3070E+02,0.4794E+02,0.5570E+02,0.1188E+02,0.1080E+02,0.1343E+03,0.2268E+02,0.1118E+04,
   95,1991,  12,0.9044E-02,0.3906E+01,0.8912E+01,0.1053E+02,0.1200E+01,0.2308E+01,0.2753E+00,0.1452E+01,0.1404E+02,0.1727E+01,0.2166E+02,
   90,1991,  12,0.0000E+00,0.0000E+00,0.0000E+00,0.0000E+00,0.0000E+00,0.0000E+00,0.0000E+00,0.0000E+00,0.0000E+00,0.0000E+00,0.0000E+00,
   15,1991,  12,0.0000E+00,0.0000E+00,0.0000E+00,0.0000E+00,0.0000E+00,0.0000E+00,0.0000E+00,0.0000E+00,0.0000E+00,0.0000E+00,0.0000E+00,
   14,1991,  12,0.3856E-01,0.1694E+02,0.2901E+02,0.1358E+02,0.1126E+03,0.1150E+02,0.7982E+01,0.1950E+02,0.1377E+03,0.2749E+02,0.3073E+02,
   31,1991,  12,0.3881E+00,0.2072E+03,0.6436E+03,0.3356E+03,0.2660E+02,0.7241E+02,0.2043E+02,0.4791E+02,0.4346E+03,0.6834E+02,0.8380E+03,
   12,1991,  12,0.1609E-01,0.7340E+01,0.2879E+02,0.1345E+02,0.1295E+02,0.4006E+01,0.1290E+01,0.3158E+01,0.3042E+02,0.4448E+01,0.6065E+02,
   23,1991,  12,0.1406E-01,0.5493E+01,0.5096E+01,0.9740E+00,0.1645E+01,0.3324E+00,0.1106E+00,0.2638E+00,0.2951E+01,0.3744E+00,0.6518E+02,
   25,1991,  12,0.1044E+02,0.8393E+04,0.2301E+05,0.1276E+05,0.2467E+04,0.3810E+04,0.5344E+03,0.9220E+03,0.1904E+05,0.1456E+04,0.4514E+05,
   18,1991,  12,0.2017E-01,0.1055E+02,0.1851E+02,0.1439E+02,0.1259E+02,0.3983E+01,0.1065E+01,0.2556E+01,0.3096E+02,0.3621E+01,0.3691E+02,
    4,1991,  12,0.4920E-01,0.2028E+02,0.1520E+02,0.9976E+01,0.4372E+01,0.2427E+01,0.6788E+00,0.1732E+01,0.1677E+02,0.2411E+01,0.1443E+03,
   74,1991,  12,0.6465E+00,0.2804E+03,0.1191E+04,0.3847E+02,0.6835E+01,0.8331E+03,0.3954E+02,0.9676E+02,0.8784E+03,0.1363E+03,0.1658E+04,
   73,1991,  12,0.1227E-03,0.4769E-01,0.3179E+00,0.4993E+00,0.6062E+01,0.5706E+00,0.2257E+00,0.5267E+00,0.7132E+01,0.7524E+00,0.9481E+00,
   69,1991,  12,0.1812E-01,0.7040E+01,0.7443E+01,0.1999E+01,0.2408E+02,0.2270E+01,0.9261E+00,0.2161E+01,0.2835E+02,0.3087E+01,0.7343E+01,
   20,1991,  12,0.8079E+00,0.4250E+03,0.1263E+04,0.1066E+04,0.4631E+03,0.2586E+03,0.1274E+03,0.3117E+03,0.1787E+04,0.4390E+03,0.1746E+04,
   36,1991,  12,0.0000E+00,0.0000E+00,0.0000E+00,0.0000E+00,0.0000E+00,0.0000E+00,0.0000E+00,0.0000E+00,0.0000E+00,0.0000E+00,0.0000E+00,
   16,1991,  12,0.3871E-03,0.1541E+00,0.1003E+01,0.1597E+01,0.1806E+02,0.1723E+01,0.6770E+00,0.1580E+01,0.2138E+02,0.2257E+01,0.2557E+01,
   26,1991,  12,0.3268E-01,0.1620E+02,0.2030E+02,0.1174E+02,0.3972E+02,0.5608E+01,0.8114E+00,0.1969E+01,0.5707E+02,0.2780E+01,0.4981E+02,
   30,1991,  12,0.4082E-02,0.1928E+01,0.9059E+01,0.4681E+01,0.4023E+01,0.1347E+01,0.3602E+00,0.8817E+00,0.1005E+02,0.1242E+01,0.9171E+01,
   66,1991,  12,0.0000E+00,0.0000E+00,0.0000E+00,0.0000E+00,0.0000E+00,0.0000E+00,0.0000E+00,0.0000E+00,0.0000E+00,0.0000E+00,0.0000E+00,
   24,1991,  12,0.1739E-02,0.7508E+00,0.4505E+01,0.2246E+01,0.8424E-01,0.4773E+00,0.1089E+00,0.2665E+00,0.2808E+01,0.3754E+00,0.3754E+01,
   10,1991,  12,0.3678E+01,0.1611E+04,0.7224E+03,0.4347E+03,0.6569E+02,0.9615E+02,0.2728E+02,0.6645E+02,0.5965E+03,0.9373E+02,0.9522E+04,
   19,1991,  12,0.2541E+01,0.1299E+04,0.3485E+04,0.2237E+04,0.3091E+03,0.5046E+03,0.1289E+03,0.3155E+03,0.3050E+04,0.4444E+03,0.4645E+04,
   11,1991,  12,0.6296E+00,0.3390E+03,0.1056E+04,0.8824E+03,0.3651E+02,0.1878E+03,0.3840E+02,0.9397E+02,0.1107E+04,0.1324E+03,0.1331E+04,
    0,1991,  12,0.5957E-02,0.2315E+01,0.6498E+01,0.2479E+00,0.3010E+01,0.2832E+00,0.1417E+00,0.3305E+00,0.3541E+01,0.4722E+00,0.1301E-02,
   62,1991,  12,0.0000E+00,0.0000E+00,0.0000E+00,0.0000E+00,0.0000E+00,0.0000E+00,0.0000E+00,0.0000E+00,0.0000E+00,0.0000E+00,0.0000E+00,
