   92,1998,   1,0.5576E-01,0.3733E+02,0.4894E+02,0.4949E+02,0.1445E+02,0.1603E+02,0.3750E+01,0.1352E+02,0.7997E+02,0.1727E+02,0.1540E+03,
   61,1998,   1,0.9237E+00,0.6834E+03,0.8209E+03,0.1272E+04,0.2143E+03,0.2258E+03,0.3099E+02,0.1017E+03,0.1712E+04,0.1327E+03,0.7416E+03,
   86,1998,   1,0.1827E+00,0.1185E+04,0.4137E+03,0.1134E+03,0.2914E+03,0.7959E+02,0.1205E+02,0.5977E+02,0.4844E+03,0.7182E+02,0.1880E+04,
   34,1998,   1,0.2283E+02,0.1400E+05,0.5352E+04,0.6245E+04,0.1328E+05,0.2778E+04,0.1055E+03,0.2319E+03,0.2230E+05,0.3373E+03,0.1739E+05,
   64,1998,   1,0.1208E+02,0.7286E+04,0.7208E+04,0.5461E+04,0.5459E+04,0.2326E+04,0.1952E+03,0.2653E+03,0.1325E+05,0.4605E+03,0.8613E+04,
   63,1998,   1,0.1043E-01,0.5405E+01,0.2702E+02,0.8071E+01,0.3027E+00,0.1715E+01,0.1567E+01,0.3837E+01,0.1009E+02,0.5405E+01,0.1351E+02,
   59,1998,   1,0.2169E+00,0.1667E+03,0.2229E+03,0.1554E+02,0.1517E+02,0.3352E+02,0.1686E+01,0.2060E+02,0.6423E+02,0.2229E+02,0.2509E+03,
   55,1998,   1,0.6712E-01,0.4615E+02,0.1775E+02,0.5566E+01,0.3678E+02,0.5463E+01,0.1722E+01,0.5426E+01,0.4781E+02,0.7148E+01,0.2481E+02,
   65,1998,   1,0.1763E+00,0.1267E+03,0.8245E+02,0.4611E+02,0.1632E+03,0.3761E+02,0.6430E+01,0.1787E+02,0.2469E+03,0.2430E+02,0.1803E+03,
   32,1998,   1,0.8229E+00,0.5052E+03,0.2954E+02,0.3968E+02,0.9760E+03,0.6804E+02,0.2915E+01,0.4760E+02,0.1084E+04,0.5052E+02,0.2358E+03,
   53,1998,   1,0.4079E-01,0.2503E+02,0.1966E+02,0.1456E+02,0.1907E+02,0.9776E+01,0.7406E+00,0.3825E+01,0.4340E+02,0.4566E+01,0.1434E+02,
   47,1998,   1,0.0000E+00,0.0000E+00,0.0000E+00,0.0000E+00,0.0000E+00,0.0000E+00,0.0000E+00,0.0000E+00,0.0000E+00,0.0000E+00,0.0000E+00,
   81,1998,   1,0.0000E+00,0.0000E+00,0.0000E+00,0.0000E+00,0.0000E+00,0.0000E+00,0.0000E+00,0.0000E+00,0.0000E+00,0.0000E+00,0.0000E+00,
   82,1998,   1,0.4383E-01,0.3028E+02,0.0000E+00,0.0000E+00,0.0000E+00,0.1892E+01,0.0000E+00,0.1892E+02,0.1892E+01,0.1892E+02,0.3028E+02,
   79,1998,   1,0.3454E-02,0.1789E+01,0.8947E+01,0.2672E+01,0.1002E+00,0.5677E+00,0.5190E+00,0.1270E+01,0.3340E+01,0.1789E+01,0.4474E+01,
   77,1998,   1,0.3200E+00,0.1921E+03,0.1825E+03,0.1202E+03,0.1107E+03,0.4509E+02,0.1310E+02,0.5828E+02,0.2759E+03,0.7139E+02,0.1814E+03,
   85,1998,   1,0.2614E+00,0.1626E+03,0.6453E+03,0.2961E+03,0.2143E+03,0.1136E+03,0.1111E+02,0.2674E+02,0.6240E+03,0.3785E+02,0.4853E+03,
   52,1998,   1,0.0000E+00,0.0000E+00,0.0000E+00,0.0000E+00,0.0000E+00,0.0000E+00,0.0000E+00,0.0000E+00,0.0000E+00,0.0000E+00,0.0000E+00,
   56,1998,   1,0.0000E+00,0.0000E+00,0.0000E+00,0.0000E+00,0.0000E+00,0.0000E+00,0.0000E+00,0.0000E+00,0.0000E+00,0.0000E+00,0.0000E+00,
   87,1998,   1,0.0000E+00,0.0000E+00,0.0000E+00,0.0000E+00,0.0000E+00,0.0000E+00,0.0000E+00,0.0000E+00,0.0000E+00,0.0000E+00,0.0000E+00,
   44,1998,   1,0.1578E-02,0.8175E+00,0.4088E+01,0.8584E-01,0.7059E-01,0.2282E+01,0.2647E+00,0.6481E+00,0.2439E+01,0.9129E+00,0.2044E+01,
   41,1998,   1,0.0000E+00,0.0000E+00,0.0000E+00,0.0000E+00,0.0000E+00,0.0000E+00,0.0000E+00,0.0000E+00,0.0000E+00,0.0000E+00,0.0000E+00,
   49,1998,   1,0.1972E-02,0.1412E+01,0.1472E+01,0.2301E+01,0.2606E+00,0.5041E+00,0.8175E-01,0.4292E+00,0.3066E+01,0.5109E+00,0.1453E+01,
   91,1998,   1,0.4539E-01,0.2474E+02,0.7439E+01,0.2175E+02,0.3008E+02,0.5747E+01,0.4415E+00,0.5262E+01,0.5757E+02,0.5703E+01,0.4382E+02,
   51,1998,   1,0.3419E-02,0.2066E+01,0.5609E+01,0.3988E+01,0.4517E+00,0.8737E+00,0.1417E+00,0.7439E+00,0.5314E+01,0.8856E+00,0.2952E+01,
   68,1998,   1,0.0000E+00,0.0000E+00,0.0000E+00,0.0000E+00,0.0000E+00,0.0000E+00,0.0000E+00,0.0000E+00,0.0000E+00,0.0000E+00,0.0000E+00,
   54,1998,   1,0.1889E+00,0.9624E+02,0.4241E+03,0.2700E+03,0.4567E+02,0.5219E+02,0.1126E+02,0.4274E+02,0.3678E+03,0.5399E+02,0.4567E+03,
   33,1998,   1,0.0000E+00,0.0000E+00,0.0000E+00,0.0000E+00,0.0000E+00,0.0000E+00,0.0000E+00,0.0000E+00,0.0000E+00,0.0000E+00,0.0000E+00,
   80,1998,   1,0.0000E+00,0.0000E+00,0.0000E+00,0.0000E+00,0.0000E+00,0.0000E+00,0.0000E+00,0.0000E+00,0.0000E+00,0.0000E+00,0.0000E+00,
   50,1998,   1,0.0000E+00,0.0000E+00,0.0000E+00,0.0000E+00,0.0000E+00,0.0000E+00,0.0000E+00,0.0000E+00,0.0000E+00,0.0000E+00,0.0000E+00,
   58,1998,   1,0.6392E-01,0.3604E+02,0.4511E+02,0.2116E+02,0.2926E+02,0.8835E+01,0.1016E+01,0.4314E+01,0.5925E+02,0.5331E+01,0.5347E+02,
   17,1998,   1,0.1139E+00,0.7571E+02,0.3138E+02,0.1352E+02,0.6677E+02,0.6235E+02,0.3523E+01,0.2838E+02,0.1426E+03,0.3191E+02,0.2271E+03,
   95,1998,   1,0.1027E-01,0.1008E+02,0.1338E+02,0.9051E+01,0.4915E+01,0.1984E+01,0.2562E+00,0.1345E+01,0.1595E+02,0.1601E+01,0.2814E+02,
   90,1998,   1,0.0000E+00,0.0000E+00,0.0000E+00,0.0000E+00,0.0000E+00,0.0000E+00,0.0000E+00,0.0000E+00,0.0000E+00,0.0000E+00,0.0000E+00,
   15,1998,   1,0.0000E+00,0.0000E+00,0.0000E+00,0.0000E+00,0.0000E+00,0.0000E+00,0.0000E+00,0.0000E+00,0.0000E+00,0.0000E+00,0.0000E+00,
   14,1998,   1,0.4738E-01,0.2045E+02,0.3165E+02,0.3093E+01,0.4363E+03,0.2556E+01,0.1584E+02,0.3875E+02,0.4420E+03,0.5459E+02,0.4097E+02,
   31,1998,   1,0.7950E+00,0.3681E+03,0.1022E+04,0.2574E+03,0.2707E+03,0.9649E+02,0.1693E+02,0.6842E+02,0.6245E+03,0.8535E+02,0.1569E+04,
   12,1998,   1,0.1810E-01,0.7517E+01,0.2840E+02,0.6427E+01,0.2385E+02,0.3370E+01,0.1411E+01,0.3455E+01,0.3364E+02,0.4866E+01,0.5917E+02,
   23,1998,   1,0.1416E-01,0.5536E+01,0.5332E+01,0.1069E+01,0.1648E+01,0.3526E+00,0.1201E+00,0.2872E+00,0.3070E+01,0.4073E+00,0.6534E+02,
   25,1998,   1,0.1140E+02,0.7207E+04,0.1452E+05,0.5399E+04,0.6116E+04,0.1683E+04,0.3375E+03,0.6458E+03,0.1320E+05,0.9833E+03,0.2737E+05,
   18,1998,   1,0.2498E-01,0.1165E+02,0.1235E+02,0.3625E+01,0.1714E+02,0.2077E+01,0.1132E+01,0.2510E+01,0.2285E+02,0.3643E+01,0.4729E+02,
    4,1998,   1,0.4416E-01,0.1726E+02,0.6495E+01,0.5244E+00,0.6117E+01,0.5799E+00,0.3503E+00,0.8705E+00,0.7221E+01,0.1221E+01,0.1334E+03,
   74,1998,   1,0.9163E+00,0.3946E+03,0.1692E+04,0.4015E+03,0.1279E+03,0.2601E+03,0.3134E+02,0.6969E+02,0.7895E+03,0.1010E+03,0.2326E+04,
   73,1998,   1,0.1227E-03,0.4769E-01,0.3179E+00,0.4993E+00,0.6062E+01,0.5706E+00,0.2257E+00,0.5267E+00,0.7132E+01,0.7524E+00,0.9481E+00,
   69,1998,   1,0.1812E-01,0.7041E+01,0.7446E+01,0.2000E+01,0.2408E+02,0.2270E+01,0.9262E+00,0.2161E+01,0.2835E+02,0.3087E+01,0.7346E+01,
   20,1998,   1,0.8888E+00,0.3878E+03,0.1527E+04,0.1114E+03,0.9782E+03,0.9816E+02,0.3230E+02,0.6819E+02,0.1188E+04,0.1005E+03,0.1899E+04,
   36,1998,   1,0.0000E+00,0.0000E+00,0.0000E+00,0.0000E+00,0.0000E+00,0.0000E+00,0.0000E+00,0.0000E+00,0.0000E+00,0.0000E+00,0.0000E+00,
   16,1998,   1,0.3931E-03,0.1567E+00,0.1018E+01,0.1604E+01,0.1807E+02,0.1725E+01,0.6774E+00,0.1581E+01,0.2139E+02,0.2259E+01,0.2570E+01,
   26,1998,   1,0.3303E-01,0.1635E+02,0.2119E+02,0.1218E+02,0.3974E+02,0.5703E+01,0.8329E+00,0.2021E+01,0.5762E+02,0.2854E+01,0.5055E+02,
   30,1998,   1,0.4247E-02,0.1803E+01,0.9487E+01,0.2827E+01,0.6352E+01,0.1138E+01,0.3710E+00,0.9081E+00,0.1032E+02,0.1279E+01,0.9527E+01,
   66,1998,   1,0.0000E+00,0.0000E+00,0.0000E+00,0.0000E+00,0.0000E+00,0.0000E+00,0.0000E+00,0.0000E+00,0.0000E+00,0.0000E+00,0.0000E+00,
   24,1998,   1,0.1873E-02,0.8086E+00,0.4852E+01,0.2419E+01,0.9073E-01,0.5141E+00,0.1173E+00,0.2871E+00,0.3024E+01,0.4043E+00,0.4043E+01,
   10,1998,   1,0.3215E+01,0.1370E+04,0.1454E+04,0.7303E+02,0.8774E+03,0.8272E+02,0.3776E+02,0.7689E+02,0.1033E+04,0.1147E+03,0.8238E+04,
   19,1998,   1,0.3900E+01,0.1686E+04,0.5862E+04,0.5612E+03,0.2676E+04,0.4647E+03,0.7726E+02,0.1668E+03,0.3701E+04,0.2440E+03,0.7625E+04,
   11,1998,   1,0.1096E+01,0.4722E+03,0.1862E+04,0.1458E+03,0.1771E+04,0.1666E+03,0.5009E+02,0.1018E+03,0.2083E+04,0.1519E+03,0.2338E+04,
    0,1998,   1,0.5957E-02,0.2315E+01,0.6498E+01,0.2479E+00,0.3010E+01,0.2832E+00,0.1417E+00,0.3305E+00,0.3541E+01,0.4722E+00,0.1301E-02,
   62,1998,   1,0.0000E+00,0.0000E+00,0.0000E+00,0.0000E+00,0.0000E+00,0.0000E+00,0.0000E+00,0.0000E+00,0.0000E+00,0.0000E+00,0.0000E+00,
   92,1998,   2,0.5729E-01,0.4192E+02,0.7210E+02,0.5579E+02,0.9611E+01,0.1742E+02,0.3997E+01,0.1458E+02,0.8282E+02,0.1858E+02,0.1515E+03,
   61,1998,   2,0.1012E+01,0.7293E+03,0.9215E+03,0.1545E+04,0.1939E+03,0.1593E+03,0.2300E+02,0.6156E+02,0.1899E+04,0.8456E+02,0.1423E+04,
   86,1998,   2,0.2299E+00,0.1128E+04,0.5270E+03,0.1500E+03,0.2781E+03,0.1117E+03,0.2309E+02,0.6159E+02,0.5397E+03,0.8468E+02,0.1907E+04,
   34,1998,   2,0.2648E+02,0.1595E+05,0.6737E+04,0.6123E+04,0.1208E+05,0.2983E+04,0.1266E+03,0.2828E+03,0.2119E+05,0.4095E+03,0.2100E+05,
   64,1998,   2,0.1477E+02,0.8745E+04,0.8325E+04,0.6498E+04,0.5051E+04,0.2151E+04,0.2198E+03,0.2605E+03,0.1370E+05,0.4803E+03,0.1335E+05,
   63,1998,   2,0.1043E-01,0.5405E+01,0.2702E+02,0.8071E+01,0.3027E+00,0.1715E+01,0.1567E+01,0.3837E+01,0.1009E+02,0.5405E+01,0.1351E+02,
   59,1998,   2,0.2445E+00,0.1837E+03,0.1394E+03,0.5279E+01,0.2154E+02,0.2703E+02,0.2112E+01,0.2492E+02,0.5384E+02,0.2703E+02,0.1394E+03,
   55,1998,   2,0.7603E-01,0.5180E+02,0.1793E+02,0.7784E+01,0.3577E+02,0.6502E+01,0.1402E+01,0.3993E+01,0.5005E+02,0.5395E+01,0.1624E+02,
   65,1998,   2,0.1696E+00,0.1360E+03,0.1898E+03,0.5214E+02,0.1484E+03,0.6575E+02,0.5734E+01,0.1596E+02,0.2663E+03,0.2169E+02,0.2263E+03,
   32,1998,   2,0.9596E+00,0.5890E+03,0.3356E+02,0.5087E+02,0.9829E+03,0.7289E+02,0.3805E+01,0.4959E+02,0.1107E+04,0.5340E+02,0.2689E+03,
   53,1998,   2,0.3724E-01,0.2259E+02,0.1201E+02,0.4399E+01,0.1263E+02,0.6521E+01,0.9817E+00,0.8626E+00,0.2355E+02,0.1844E+01,0.1417E+02,
   47,1998,   2,0.0000E+00,0.0000E+00,0.0000E+00,0.0000E+00,0.0000E+00,0.0000E+00,0.0000E+00,0.0000E+00,0.0000E+00,0.0000E+00,0.0000E+00,
   81,1998,   2,0.0000E+00,0.0000E+00,0.0000E+00,0.0000E+00,0.0000E+00,0.0000E+00,0.0000E+00,0.0000E+00,0.0000E+00,0.0000E+00,0.0000E+00,
   82,1998,   2,0.4383E-01,0.3028E+02,0.0000E+00,0.0000E+00,0.0000E+00,0.1892E+01,0.0000E+00,0.1892E+02,0.1892E+01,0.1892E+02,0.3028E+02,
   79,1998,   2,0.3454E-02,0.1789E+01,0.8947E+01,0.2672E+01,0.1002E+00,0.5677E+00,0.5190E+00,0.1270E+01,0.3340E+01,0.1789E+01,0.4474E+01,
   77,1998,   2,0.4136E+00,0.2230E+03,0.1054E+03,0.1383E+03,0.8593E+02,0.5964E+02,0.1782E+02,0.4334E+02,0.2839E+03,0.6116E+02,0.2453E+03,
   85,1998,   2,0.2899E+00,0.2023E+03,0.7298E+03,0.3588E+03,0.2736E+03,0.1997E+03,0.2110E+02,0.2418E+02,0.8321E+03,0.4528E+02,0.5552E+03,
   52,1998,   2,0.0000E+00,0.0000E+00,0.0000E+00,0.0000E+00,0.0000E+00,0.0000E+00,0.0000E+00,0.0000E+00,0.0000E+00,0.0000E+00,0.0000E+00,
   56,1998,   2,0.0000E+00,0.0000E+00,0.0000E+00,0.0000E+00,0.0000E+00,0.0000E+00,0.0000E+00,0.0000E+00,0.0000E+00,0.0000E+00,0.0000E+00,
   87,1998,   2,0.0000E+00,0.0000E+00,0.0000E+00,0.0000E+00,0.0000E+00,0.0000E+00,0.0000E+00,0.0000E+00,0.0000E+00,0.0000E+00,0.0000E+00,
   44,1998,   2,0.1578E-02,0.8175E+00,0.4088E+01,0.8584E-01,0.7059E-01,0.2282E+01,0.2647E+00,0.6481E+00,0.2439E+01,0.9129E+00,0.2044E+01,
   41,1998,   2,0.0000E+00,0.0000E+00,0.0000E+00,0.0000E+00,0.0000E+00,0.0000E+00,0.0000E+00,0.0000E+00,0.0000E+00,0.0000E+00,0.0000E+00,
   49,1998,   2,0.2455E-02,0.1875E+01,0.2611E+01,0.2863E+01,0.3243E+00,0.6273E+00,0.1017E+00,0.5341E+00,0.3815E+01,0.6358E+00,0.2191E+01,
   91,1998,   2,0.4850E-01,0.2697E+02,0.8494E+01,0.2520E+02,0.3009E+02,0.6274E+01,0.4503E+00,0.6025E+01,0.6156E+02,0.6476E+01,0.4910E+02,
   51,1998,   2,0.5830E-02,0.4128E+01,0.9564E+01,0.6801E+01,0.7702E+00,0.1490E+01,0.2416E+00,0.1268E+01,0.9061E+01,0.1510E+01,0.6544E+01,
   68,1998,   2,0.0000E+00,0.0000E+00,0.0000E+00,0.0000E+00,0.0000E+00,0.0000E+00,0.0000E+00,0.0000E+00,0.0000E+00,0.0000E+00,0.0000E+00,
   54,1998,   2,0.2257E+00,0.1423E+03,0.4288E+03,0.2049E+03,0.6003E+02,0.8673E+02,0.1111E+02,0.3937E+02,0.3516E+03,0.5048E+02,0.4873E+03,
   33,1998,   2,0.0000E+00,0.0000E+00,0.0000E+00,0.0000E+00,0.0000E+00,0.0000E+00,0.0000E+00,0.0000E+00,0.0000E+00,0.0000E+00,0.0000E+00,
   80,1998,   2,0.0000E+00,0.0000E+00,0.0000E+00,0.0000E+00,0.0000E+00,0.0000E+00,0.0000E+00,0.0000E+00,0.0000E+00,0.0000E+00,0.0000E+00,
   50,1998,   2,0.0000E+00,0.0000E+00,0.0000E+00,0.0000E+00,0.0000E+00,0.0000E+00,0.0000E+00,0.0000E+00,0.0000E+00,0.0000E+00,0.0000E+00,
   58,1998,   2,0.6799E-01,0.3991E+02,0.3281E+02,0.7366E+01,0.3308E+02,0.9507E+01,0.5260E+00,0.1247E+01,0.4996E+02,0.1773E+01,0.3700E+02,
   17,1998,   2,0.1542E+00,0.1148E+03,0.2025E+03,0.2467E+02,0.3511E+02,0.6402E+02,0.5769E+01,0.2692E+02,0.1238E+03,0.3269E+02,0.3951E+03,
   95,1998,   2,0.1742E-01,0.1581E+02,0.1833E+02,0.1108E+02,0.1354E+02,0.2433E+01,0.3620E+00,0.1937E+01,0.2705E+02,0.2299E+01,0.4348E+02,
   90,1998,   2,0.0000E+00,0.0000E+00,0.0000E+00,0.0000E+00,0.0000E+00,0.0000E+00,0.0000E+00,0.0000E+00,0.0000E+00,0.0000E+00,0.0000E+00,
   15,1998,   2,0.0000E+00,0.0000E+00,0.0000E+00,0.0000E+00,0.0000E+00,0.0000E+00,0.0000E+00,0.0000E+00,0.0000E+00,0.0000E+00,0.0000E+00,
   14,1998,   2,0.4550E-01,0.1964E+02,0.2878E+02,0.2905E+01,0.4221E+03,0.2342E+01,0.1397E+02,0.3416E+02,0.4274E+03,0.4812E+02,0.4505E+02,
   31,1998,   2,0.1016E+01,0.4636E+03,0.1006E+04,0.2908E+03,0.5654E+03,0.7775E+02,0.2228E+02,0.7972E+02,0.9339E+03,0.1020E+03,0.2046E+04,
   12,1998,   2,0.2209E-01,0.9239E+01,0.3561E+02,0.7926E+01,0.2834E+02,0.4029E+01,0.1735E+01,0.4249E+01,0.4029E+02,0.5985E+01,0.6810E+02,
   23,1998,   2,0.1416E-01,0.5536E+01,0.5332E+01,0.1069E+01,0.1648E+01,0.3526E+00,0.1201E+00,0.2872E+00,0.3070E+01,0.4073E+00,0.6534E+02,
   25,1998,   2,0.1283E+02,0.7796E+04,0.1757E+05,0.5028E+04,0.4326E+04,0.2494E+04,0.3774E+03,0.4583E+03,0.1185E+05,0.8357E+03,0.3038E+05,
   18,1998,   2,0.2792E-01,0.1292E+02,0.2385E+02,0.4065E+01,0.2250E+02,0.2581E+01,0.8572E+00,0.1953E+01,0.2914E+02,0.2810E+01,0.5363E+02,
    4,1998,   2,0.4464E-01,0.1747E+02,0.7327E+01,0.7899E+00,0.9341E+01,0.8833E+00,0.3777E+00,0.9263E+00,0.1101E+02,0.1304E+01,0.1345E+03,
   74,1998,   2,0.9473E+00,0.4079E+03,0.1754E+04,0.3597E+03,0.9016E+02,0.5104E+03,0.5765E+02,0.7099E+02,0.9603E+03,0.1286E+03,0.2396E+04,
   73,1998,   2,0.1227E-03,0.4769E-01,0.3179E+00,0.4993E+00,0.6062E+01,0.5706E+00,0.2257E+00,0.5267E+00,0.7132E+01,0.7524E+00,0.9481E+00,
   69,1998,   2,0.1812E-01,0.7041E+01,0.7446E+01,0.2000E+01,0.2408E+02,0.2270E+01,0.9262E+00,0.2161E+01,0.2835E+02,0.3087E+01,0.7346E+01,
   20,1998,   2,0.1171E+01,0.5097E+03,0.2014E+04,0.1231E+03,0.1120E+04,0.1115E+03,0.2793E+02,0.5931E+02,0.1355E+04,0.8724E+02,0.2509E+04,
   36,1998,   2,0.0000E+00,0.0000E+00,0.0000E+00,0.0000E+00,0.0000E+00,0.0000E+00,0.0000E+00,0.0000E+00,0.0000E+00,0.0000E+00,0.0000E+00,
   16,1998,   2,0.3931E-03,0.1567E+00,0.1018E+01,0.1604E+01,0.1807E+02,0.1725E+01,0.6774E+00,0.1581E+01,0.2139E+02,0.2259E+01,0.2570E+01,
   26,1998,   2,0.3303E-01,0.1635E+02,0.2119E+02,0.1218E+02,0.3974E+02,0.5703E+01,0.8329E+00,0.2021E+01,0.5762E+02,0.2854E+01,0.5055E+02,
   30,1998,   2,0.4685E-02,0.1992E+01,0.1024E+02,0.2876E+01,0.6954E+01,0.1194E+01,0.3984E+00,0.9752E+00,0.1102E+02,0.1374E+01,0.1047E+02,
   66,1998,   2,0.0000E+00,0.0000E+00,0.0000E+00,0.0000E+00,0.0000E+00,0.0000E+00,0.0000E+00,0.0000E+00,0.0000E+00,0.0000E+00,0.0000E+00,
   24,1998,   2,0.1873E-02,0.8086E+00,0.4852E+01,0.2419E+01,0.9073E-01,0.5141E+00,0.1173E+00,0.2871E+00,0.3024E+01,0.4043E+00,0.4043E+01,
   10,1998,   2,0.3683E+01,0.1572E+04,0.1501E+04,0.8312E+02,0.9999E+03,0.9425E+02,0.2278E+02,0.4648E+02,0.1177E+04,0.6926E+02,0.9398E+04,
   19,1998,   2,0.4953E+01,0.2140E+04,0.7690E+04,0.6373E+03,0.2993E+04,0.5409E+03,0.9525E+02,0.2036E+03,0.4171E+04,0.2988E+03,0.9910E+04,
   11,1998,   2,0.1197E+01,0.5159E+03,0.2037E+04,0.1306E+03,0.1586E+04,0.1493E+03,0.5078E+02,0.1031E+03,0.1866E+04,0.1539E+03,0.2556E+04,
    0,1998,   2,0.5957E-02,0.2315E+01,0.6498E+01,0.2479E+00,0.3010E+01,0.2832E+00,0.1417E+00,0.3305E+00,0.3541E+01,0.4722E+00,0.1301E-02,
   62,1998,   2,0.0000E+00,0.0000E+00,0.0000E+00,0.0000E+00,0.0000E+00,0.0000E+00,0.0000E+00,0.0000E+00,0.0000E+00,0.0000E+00,0.0000E+00,
   92,1998,   3,0.6487E-01,0.3542E+02,0.6786E+02,0.6109E+02,0.1159E+02,0.1978E+02,0.4221E+01,0.1566E+02,0.9245E+02,0.1988E+02,0.1385E+03,
   61,1998,   3,0.1113E+01,0.8093E+03,0.1013E+04,0.1070E+04,0.1812E+03,0.1644E+03,0.2312E+02,0.4976E+02,0.1416E+04,0.7287E+02,0.1433E+04,
   86,1998,   3,0.2013E+00,0.1454E+04,0.3492E+03,0.1330E+03,0.3684E+03,0.1053E+03,0.1037E+02,0.5806E+02,0.6066E+03,0.6843E+02,0.2344E+04,
   34,1998,   3,0.2651E+02,0.1409E+05,0.6365E+04,0.6688E+04,0.1330E+05,0.2911E+04,0.1318E+03,0.2787E+03,0.2290E+05,0.4105E+03,0.2055E+05,
   64,1998,   3,0.1500E+02,0.9698E+04,0.7323E+04,0.5488E+04,0.5019E+04,0.2451E+04,0.1696E+03,0.2838E+03,0.1296E+05,0.4534E+03,0.1073E+05,
   63,1998,   3,0.1043E-01,0.5405E+01,0.2702E+02,0.8071E+01,0.3027E+00,0.1715E+01,0.1567E+01,0.3837E+01,0.1009E+02,0.5405E+01,0.1351E+02,
   59,1998,   3,0.2667E+00,0.1911E+03,0.1266E+03,0.5526E+01,0.2095E+02,0.1842E+02,0.4375E+01,0.1612E+02,0.4490E+02,0.2049E+02,0.7368E+02,
   55,1998,   3,0.7164E-01,0.4367E+02,0.1297E+02,0.2123E+01,0.2680E+02,0.6468E+01,0.3872E+00,0.3013E+01,0.3539E+02,0.3400E+01,0.1050E+02,
   65,1998,   3,0.1652E+00,0.1068E+03,0.1457E+03,0.3930E+02,0.1065E+03,0.2037E+02,0.7057E+01,0.1518E+02,0.1662E+03,0.2224E+02,0.3162E+03,
   32,1998,   3,0.9481E+00,0.6054E+03,0.2943E+02,0.2341E+02,0.8239E+03,0.7027E+02,0.3300E+01,0.5551E+02,0.9176E+03,0.5881E+02,0.2687E+03,
   53,1998,   3,0.3176E-01,0.1779E+02,0.1081E+02,0.2337E+01,0.5440E+01,0.4516E+01,0.5749E+00,0.7679E+00,0.1229E+02,0.1343E+01,0.1071E+02,
   47,1998,   3,0.0000E+00,0.0000E+00,0.0000E+00,0.0000E+00,0.0000E+00,0.0000E+00,0.0000E+00,0.0000E+00,0.0000E+00,0.0000E+00,0.0000E+00,
   81,1998,   3,0.0000E+00,0.0000E+00,0.0000E+00,0.0000E+00,0.0000E+00,0.0000E+00,0.0000E+00,0.0000E+00,0.0000E+00,0.0000E+00,0.0000E+00,
   82,1998,   3,0.4383E-01,0.3028E+02,0.0000E+00,0.0000E+00,0.0000E+00,0.1892E+01,0.0000E+00,0.1892E+02,0.1892E+01,0.1892E+02,0.3028E+02,
   79,1998,   3,0.3454E-02,0.1789E+01,0.8947E+01,0.2672E+01,0.1002E+00,0.5677E+00,0.5190E+00,0.1270E+01,0.3340E+01,0.1789E+01,0.4474E+01,
   77,1998,   3,0.4050E+00,0.2195E+03,0.1795E+03,0.9912E+02,0.9390E+02,0.7794E+02,0.5528E+01,0.5408E+02,0.2710E+03,0.5961E+02,0.4408E+03,
   85,1998,   3,0.2702E+00,0.1767E+03,0.7838E+03,0.4025E+03,0.1353E+03,0.1179E+03,0.1403E+02,0.2802E+02,0.6557E+03,0.4204E+02,0.4024E+03,
   52,1998,   3,0.0000E+00,0.0000E+00,0.0000E+00,0.0000E+00,0.0000E+00,0.0000E+00,0.0000E+00,0.0000E+00,0.0000E+00,0.0000E+00,0.0000E+00,
   56,1998,   3,0.0000E+00,0.0000E+00,0.0000E+00,0.0000E+00,0.0000E+00,0.0000E+00,0.0000E+00,0.0000E+00,0.0000E+00,0.0000E+00,0.0000E+00,
   87,1998,   3,0.0000E+00,0.0000E+00,0.0000E+00,0.0000E+00,0.0000E+00,0.0000E+00,0.0000E+00,0.0000E+00,0.0000E+00,0.0000E+00,0.0000E+00,
   44,1998,   3,0.1578E-02,0.8175E+00,0.4088E+01,0.8584E-01,0.7059E-01,0.2282E+01,0.2647E+00,0.6481E+00,0.2439E+01,0.9129E+00,0.2044E+01,
   41,1998,   3,0.0000E+00,0.0000E+00,0.0000E+00,0.0000E+00,0.0000E+00,0.0000E+00,0.0000E+00,0.0000E+00,0.0000E+00,0.0000E+00,0.0000E+00,
   49,1998,   3,0.1929E-02,0.1284E+01,0.2627E+01,0.2250E+01,0.2548E+00,0.4929E+00,0.7994E-01,0.4197E+00,0.2997E+01,0.4996E+00,0.3194E+01,
   91,1998,   3,0.4859E-01,0.2447E+02,0.2579E+01,0.1044E+02,0.3523E+02,0.6767E+01,0.4191E+00,0.2991E+01,0.5243E+02,0.3410E+01,0.4702E+02,
   51,1998,   3,0.5172E-02,0.3573E+01,0.1117E+02,0.6034E+01,0.6833E+00,0.1322E+01,0.2144E+00,0.1125E+01,0.8039E+01,0.1340E+01,0.7592E+01,
   68,1998,   3,0.0000E+00,0.0000E+00,0.0000E+00,0.0000E+00,0.0000E+00,0.0000E+00,0.0000E+00,0.0000E+00,0.0000E+00,0.0000E+00,0.0000E+00,
   54,1998,   3,0.1810E+00,0.9848E+02,0.3126E+03,0.1404E+03,0.5377E+02,0.4564E+02,0.1454E+02,0.1813E+02,0.2398E+03,0.3267E+02,0.3126E+03,
   33,1998,   3,0.0000E+00,0.0000E+00,0.0000E+00,0.0000E+00,0.0000E+00,0.0000E+00,0.0000E+00,0.0000E+00,0.0000E+00,0.0000E+00,0.0000E+00,
   80,1998,   3,0.0000E+00,0.0000E+00,0.0000E+00,0.0000E+00,0.0000E+00,0.0000E+00,0.0000E+00,0.0000E+00,0.0000E+00,0.0000E+00,0.0000E+00,
   50,1998,   3,0.0000E+00,0.0000E+00,0.0000E+00,0.0000E+00,0.0000E+00,0.0000E+00,0.0000E+00,0.0000E+00,0.0000E+00,0.0000E+00,0.0000E+00,
   58,1998,   3,0.6195E-01,0.3292E+02,0.2439E+02,0.3496E+01,0.2231E+02,0.6548E+01,0.3956E+00,0.1136E+01,0.3236E+02,0.1531E+01,0.2506E+02,
   17,1998,   3,0.1523E+00,0.1054E+03,0.1722E+03,0.3299E+02,0.3911E+02,0.6632E+02,0.6349E+01,0.2919E+02,0.1384E+03,0.3554E+02,0.4344E+03,
   95,1998,   3,0.1711E-01,0.1455E+02,0.1644E+02,0.1049E+02,0.1378E+02,0.2305E+01,0.2767E+00,0.1468E+01,0.2658E+02,0.1745E+01,0.1535E+02,
   90,1998,   3,0.0000E+00,0.0000E+00,0.0000E+00,0.0000E+00,0.0000E+00,0.0000E+00,0.0000E+00,0.0000E+00,0.0000E+00,0.0000E+00,0.0000E+00,
   15,1998,   3,0.0000E+00,0.0000E+00,0.0000E+00,0.0000E+00,0.0000E+00,0.0000E+00,0.0000E+00,0.0000E+00,0.0000E+00,0.0000E+00,0.0000E+00,
   14,1998,   3,0.4690E-01,0.2024E+02,0.3236E+02,0.3101E+01,0.4313E+03,0.2566E+01,0.1388E+02,0.3393E+02,0.4369E+03,0.4781E+02,0.5299E+02,
   31,1998,   3,0.8806E+00,0.3925E+03,0.8410E+03,0.3014E+03,0.5654E+03,0.6812E+02,0.2453E+02,0.6324E+02,0.9349E+03,0.8777E+02,0.1825E+04,
   12,1998,   3,0.2016E-01,0.8407E+01,0.3239E+02,0.8078E+01,0.2535E+02,0.3831E+01,0.1641E+01,0.4018E+01,0.3726E+02,0.5659E+01,0.6405E+02,
   23,1998,   3,0.1416E-01,0.5536E+01,0.5332E+01,0.1069E+01,0.1648E+01,0.3526E+00,0.1201E+00,0.2872E+00,0.3070E+01,0.4073E+00,0.6534E+02,
   25,1998,   3,0.1228E+02,0.7503E+04,0.1743E+05,0.4177E+04,0.4726E+04,0.2063E+04,0.2728E+03,0.6378E+03,0.1097E+05,0.9106E+03,0.2908E+05,
   18,1998,   3,0.2454E-01,0.1146E+02,0.9277E+01,0.3507E+01,0.1572E+02,0.1943E+01,0.8905E+00,0.2019E+01,0.2117E+02,0.2910E+01,0.4635E+02,
    4,1998,   3,0.4412E-01,0.1725E+02,0.2901E+01,0.3727E+00,0.4275E+01,0.4067E+00,0.3478E+00,0.8654E+00,0.5055E+01,0.1213E+01,0.1333E+03,
   74,1998,   3,0.8920E+00,0.3841E+03,0.1650E+04,0.3887E+03,0.1085E+03,0.2773E+03,0.5207E+02,0.7802E+02,0.7745E+03,0.1301E+03,0.2259E+04,
   73,1998,   3,0.1227E-03,0.4769E-01,0.3179E+00,0.4993E+00,0.6062E+01,0.5706E+00,0.2257E+00,0.5267E+00,0.7132E+01,0.7524E+00,0.9481E+00,
   69,1998,   3,0.1812E-01,0.7041E+01,0.7446E+01,0.2000E+01,0.2408E+02,0.2270E+01,0.9262E+00,0.2161E+01,0.2835E+02,0.3087E+01,0.7346E+01,
   20,1998,   3,0.9537E+00,0.4159E+03,0.1639E+04,0.1145E+03,0.1015E+04,0.1017E+03,0.2700E+02,0.5743E+02,0.1232E+04,0.8444E+02,0.2039E+04,
   36,1998,   3,0.0000E+00,0.0000E+00,0.0000E+00,0.0000E+00,0.0000E+00,0.0000E+00,0.0000E+00,0.0000E+00,0.0000E+00,0.0000E+00,0.0000E+00,
   16,1998,   3,0.3931E-03,0.1567E+00,0.1018E+01,0.1604E+01,0.1807E+02,0.1725E+01,0.6774E+00,0.1581E+01,0.2139E+02,0.2259E+01,0.2570E+01,
   26,1998,   3,0.3303E-01,0.1635E+02,0.2119E+02,0.1218E+02,0.3974E+02,0.5703E+01,0.8329E+00,0.2021E+01,0.5762E+02,0.2854E+01,0.5055E+02,
   30,1998,   3,0.4597E-02,0.1954E+01,0.1009E+02,0.2866E+01,0.6834E+01,0.1183E+01,0.3929E+00,0.9618E+00,0.1088E+02,0.1355E+01,0.1028E+02,
   66,1998,   3,0.0000E+00,0.0000E+00,0.0000E+00,0.0000E+00,0.0000E+00,0.0000E+00,0.0000E+00,0.0000E+00,0.0000E+00,0.0000E+00,0.0000E+00,
   24,1998,   3,0.1873E-02,0.8086E+00,0.4852E+01,0.2419E+01,0.9073E-01,0.5141E+00,0.1173E+00,0.2871E+00,0.3024E+01,0.4043E+00,0.4043E+01,
   10,1998,   3,0.3348E+01,0.1428E+04,0.1289E+04,0.8516E+02,0.1025E+04,0.9658E+02,0.2385E+02,0.4865E+02,0.1206E+04,0.7250E+02,0.8566E+04,
   19,1998,   3,0.4047E+01,0.1749E+04,0.5896E+04,0.6192E+03,0.2932E+04,0.5229E+03,0.8824E+02,0.1893E+03,0.4074E+04,0.2775E+03,0.7952E+04,
   11,1998,   3,0.1062E+01,0.4576E+03,0.1804E+04,0.1319E+03,0.1601E+04,0.1507E+03,0.5297E+02,0.1076E+03,0.1884E+04,0.1606E+03,0.2265E+04,
    0,1998,   3,0.5957E-02,0.2315E+01,0.6498E+01,0.2479E+00,0.3010E+01,0.2832E+00,0.1417E+00,0.3305E+00,0.3541E+01,0.4722E+00,0.1301E-02,
   62,1998,   3,0.0000E+00,0.0000E+00,0.0000E+00,0.0000E+00,0.0000E+00,0.0000E+00,0.0000E+00,0.0000E+00,0.0000E+00,0.0000E+00,0.0000E+00,
   92,1998,   4,0.3840E-01,0.1976E+02,0.5321E+02,0.3530E+02,0.6558E+01,0.1235E+02,0.3249E+01,0.1072E+02,0.5421E+02,0.1397E+02,0.6903E+02,
   61,1998,   4,0.8557E+00,0.5881E+03,0.5913E+03,0.9544E+03,0.2439E+03,0.1441E+03,0.2923E+02,0.3986E+02,0.1343E+04,0.6909E+02,0.5323E+03,
   86,1998,   4,0.2078E+00,0.1582E+04,0.6389E+03,0.9510E+02,0.3510E+03,0.9371E+02,0.1636E+02,0.4448E+02,0.5398E+03,0.6084E+02,0.2851E+04,
   34,1998,   4,0.2646E+02,0.1198E+05,0.1683E+05,0.6481E+04,0.1381E+05,0.3289E+04,0.2775E+03,0.2446E+03,0.2358E+05,0.5221E+03,0.4732E+05,
   64,1998,   4,0.1270E+02,0.7548E+04,0.6422E+04,0.5603E+04,0.4923E+04,0.1661E+04,0.1457E+03,0.2332E+03,0.1219E+05,0.3789E+03,0.8488E+04,
   63,1998,   4,0.1043E-01,0.5405E+01,0.2702E+02,0.8071E+01,0.3027E+00,0.1715E+01,0.1567E+01,0.3837E+01,0.1009E+02,0.5405E+01,0.1351E+02,
   59,1998,   4,0.2459E+00,0.1784E+03,0.8495E+02,0.5097E+01,0.5946E+01,0.1529E+02,0.2124E+01,0.2039E+02,0.2633E+02,0.2251E+02,0.7433E+02,
   55,1998,   4,0.5466E-01,0.3451E+02,0.1045E+02,0.1225E+01,0.2067E+02,0.4474E+01,0.1043E+01,0.1600E+01,0.2637E+02,0.2644E+01,0.1004E+02,
   65,1998,   4,0.1463E+00,0.9508E+02,0.1540E+03,0.4686E+02,0.1039E+03,0.6781E+02,0.2108E+02,0.9335E+01,0.2185E+03,0.3041E+02,0.2613E+03,
   32,1998,   4,0.8512E+00,0.6122E+03,0.2516E+02,0.2032E+02,0.1351E+03,0.4934E+02,0.2931E+01,0.4914E+02,0.2048E+03,0.5208E+02,0.1013E+03,
   53,1998,   4,0.5278E-01,0.3011E+02,0.1503E+02,0.3264E+02,0.8009E+01,0.1269E+02,0.2232E+01,0.6806E+01,0.5334E+02,0.9037E+01,0.1353E+02,
   47,1998,   4,0.0000E+00,0.0000E+00,0.0000E+00,0.0000E+00,0.0000E+00,0.0000E+00,0.0000E+00,0.0000E+00,0.0000E+00,0.0000E+00,0.0000E+00,
   81,1998,   4,0.0000E+00,0.0000E+00,0.0000E+00,0.0000E+00,0.0000E+00,0.0000E+00,0.0000E+00,0.0000E+00,0.0000E+00,0.0000E+00,0.0000E+00,
   82,1998,   4,0.4383E-01,0.3028E+02,0.0000E+00,0.0000E+00,0.0000E+00,0.1892E+01,0.0000E+00,0.1892E+02,0.1892E+01,0.1892E+02,0.3028E+02,
   79,1998,   4,0.3454E-02,0.1789E+01,0.8947E+01,0.2672E+01,0.1002E+00,0.5677E+00,0.5190E+00,0.1270E+01,0.3340E+01,0.1789E+01,0.4474E+01,
   77,1998,   4,0.4363E+00,0.2227E+03,0.5324E+03,0.9636E+02,0.8487E+02,0.1103E+03,0.1483E+02,0.4212E+02,0.2915E+03,0.5695E+02,0.1404E+04,
   85,1998,   4,0.2964E+00,0.1817E+03,0.6655E+03,0.3337E+03,0.3327E+03,0.1218E+03,0.1037E+02,0.2899E+02,0.7881E+03,0.3936E+02,0.8237E+03,
   52,1998,   4,0.0000E+00,0.0000E+00,0.0000E+00,0.0000E+00,0.0000E+00,0.0000E+00,0.0000E+00,0.0000E+00,0.0000E+00,0.0000E+00,0.0000E+00,
   56,1998,   4,0.4861E-02,0.1889E+01,0.1805E+02,0.5876E+00,0.4617E+00,0.2308E+01,0.3358E+00,0.8394E-01,0.3358E+01,0.4198E+00,0.5456E+02,
   87,1998,   4,0.0000E+00,0.0000E+00,0.0000E+00,0.0000E+00,0.0000E+00,0.0000E+00,0.0000E+00,0.0000E+00,0.0000E+00,0.0000E+00,0.0000E+00,
   44,1998,   4,0.1578E-02,0.8175E+00,0.4088E+01,0.8584E-01,0.7059E-01,0.2282E+01,0.2647E+00,0.6481E+00,0.2439E+01,0.9129E+00,0.2044E+01,
   41,1998,   4,0.0000E+00,0.0000E+00,0.0000E+00,0.0000E+00,0.0000E+00,0.0000E+00,0.0000E+00,0.0000E+00,0.0000E+00,0.0000E+00,0.0000E+00,
   49,1998,   4,0.1666E-02,0.1054E+01,0.1226E+01,0.1943E+01,0.2200E+00,0.4257E+00,0.6904E-01,0.3624E+00,0.2589E+01,0.4315E+00,0.1067E+01,
   91,1998,   4,0.4184E-01,0.2109E+02,0.1548E+02,0.1403E+02,0.3367E+02,0.4532E+01,0.1236E+01,0.3035E+01,0.5223E+02,0.4270E+01,0.4460E+02,
   51,1998,   4,0.4208E-02,0.2834E+01,0.7267E+01,0.4909E+01,0.5559E+00,0.1075E+01,0.1744E+00,0.9156E+00,0.6540E+01,0.1090E+01,0.6540E+01,
   68,1998,   4,0.0000E+00,0.0000E+00,0.0000E+00,0.0000E+00,0.0000E+00,0.0000E+00,0.0000E+00,0.0000E+00,0.0000E+00,0.0000E+00,0.0000E+00,
   54,1998,   4,0.1512E+00,0.7965E+02,0.1567E+03,0.5811E+02,0.1626E+03,0.3799E+02,0.3134E+01,0.2820E+02,0.2587E+03,0.3134E+02,0.1306E+03,
   33,1998,   4,0.0000E+00,0.0000E+00,0.0000E+00,0.0000E+00,0.0000E+00,0.0000E+00,0.0000E+00,0.0000E+00,0.0000E+00,0.0000E+00,0.0000E+00,
   80,1998,   4,0.0000E+00,0.0000E+00,0.0000E+00,0.0000E+00,0.0000E+00,0.0000E+00,0.0000E+00,0.0000E+00,0.0000E+00,0.0000E+00,0.0000E+00,
   50,1998,   4,0.0000E+00,0.0000E+00,0.0000E+00,0.0000E+00,0.0000E+00,0.0000E+00,0.0000E+00,0.0000E+00,0.0000E+00,0.0000E+00,0.0000E+00,
   58,1998,   4,0.5077E-01,0.2756E+02,0.2325E+02,0.5264E+01,0.1934E+02,0.4333E+01,0.3994E+00,0.9864E+00,0.2894E+02,0.1386E+01,0.2173E+02,
   17,1998,   4,0.1442E+00,0.7679E+02,0.3585E+03,0.2091E+02,0.5406E+02,0.6132E+02,0.7343E+01,0.1587E+02,0.1363E+03,0.2321E+02,0.9830E+03,
   95,1998,   4,0.1237E-01,0.8709E+01,0.1381E+02,0.7705E+01,0.9824E+01,0.1691E+01,0.2807E+00,0.1505E+01,0.1922E+02,0.1786E+01,0.2742E+02,
   90,1998,   4,0.0000E+00,0.0000E+00,0.0000E+00,0.0000E+00,0.0000E+00,0.0000E+00,0.0000E+00,0.0000E+00,0.0000E+00,0.0000E+00,0.0000E+00,
   15,1998,   4,0.0000E+00,0.0000E+00,0.0000E+00,0.0000E+00,0.0000E+00,0.0000E+00,0.0000E+00,0.0000E+00,0.0000E+00,0.0000E+00,0.0000E+00,
   14,1998,   4,0.4602E-01,0.1986E+02,0.2992E+02,0.2988E+01,0.4263E+03,0.2436E+01,0.1439E+02,0.3520E+02,0.4317E+03,0.4960E+02,0.5002E+02,
   31,1998,   4,0.7669E+00,0.3433E+03,0.7220E+03,0.3428E+03,0.6214E+03,0.6125E+02,0.2411E+02,0.6211E+02,0.1026E+04,0.8622E+02,0.1580E+04,
   12,1998,   4,0.1828E-01,0.7593E+01,0.2908E+02,0.7680E+01,0.2293E+02,0.3562E+01,0.1510E+01,0.3697E+01,0.3418E+02,0.5207E+01,0.5992E+02,
   23,1998,   4,0.1416E-01,0.5536E+01,0.5332E+01,0.1069E+01,0.1648E+01,0.3526E+00,0.1201E+00,0.2872E+00,0.3070E+01,0.4073E+00,0.6534E+02,
   25,1998,   4,0.1098E+02,0.7238E+04,0.1554E+05,0.3569E+04,0.5678E+04,0.1956E+04,0.3460E+03,0.5367E+03,0.1120E+05,0.8826E+03,0.2751E+05,
   18,1998,   4,0.2476E-01,0.1155E+02,0.1481E+02,0.3718E+01,0.1828E+02,0.2184E+01,0.8593E+00,0.1956E+01,0.2419E+02,0.2815E+01,0.4682E+02,
    4,1998,   4,0.4381E-01,0.1711E+02,0.5889E+01,0.5390E+00,0.6294E+01,0.5966E+00,0.3303E+00,0.8299E+00,0.7430E+01,0.1160E+01,0.1327E+03,
   74,1998,   4,0.8255E+00,0.3553E+03,0.1526E+04,0.3943E+03,0.5746E+02,0.4237E+03,0.4010E+02,0.7600E+02,0.8755E+03,0.1161E+03,0.2096E+04,
   73,1998,   4,0.1227E-03,0.4769E-01,0.3179E+00,0.4993E+00,0.6062E+01,0.5706E+00,0.2257E+00,0.5267E+00,0.7132E+01,0.7524E+00,0.9481E+00,
   69,1998,   4,0.2250E-01,0.9311E+01,0.1880E+02,0.5392E+01,0.2421E+02,0.2990E+01,0.1585E+01,0.3773E+01,0.3259E+02,0.5358E+01,0.1302E+02,
   20,1998,   4,0.7836E+00,0.3424E+03,0.1345E+04,0.1125E+03,0.9914E+03,0.9941E+02,0.2492E+02,0.5320E+02,0.1203E+04,0.7811E+02,0.1672E+04,
   36,1998,   4,0.0000E+00,0.0000E+00,0.0000E+00,0.0000E+00,0.0000E+00,0.0000E+00,0.0000E+00,0.0000E+00,0.0000E+00,0.0000E+00,0.0000E+00,
   16,1998,   4,0.3931E-03,0.1567E+00,0.1018E+01,0.1604E+01,0.1807E+02,0.1725E+01,0.6774E+00,0.1581E+01,0.2139E+02,0.2259E+01,0.2570E+01,
   26,1998,   4,0.3303E-01,0.1635E+02,0.2119E+02,0.1218E+02,0.3974E+02,0.5703E+01,0.8329E+00,0.2021E+01,0.5762E+02,0.2854E+01,0.5055E+02,
   30,1998,   4,0.4247E-02,0.1803E+01,0.9487E+01,0.2827E+01,0.6352E+01,0.1138E+01,0.3710E+00,0.9081E+00,0.1032E+02,0.1279E+01,0.9527E+01,
   66,1998,   4,0.0000E+00,0.0000E+00,0.0000E+00,0.0000E+00,0.0000E+00,0.0000E+00,0.0000E+00,0.0000E+00,0.0000E+00,0.0000E+00,0.0000E+00,
   24,1998,   4,0.1873E-02,0.8086E+00,0.4852E+01,0.2419E+01,0.9073E-01,0.5141E+00,0.1173E+00,0.2871E+00,0.3024E+01,0.4043E+00,0.4043E+01,
   10,1998,   4,0.3290E+01,0.1403E+04,0.1197E+04,0.7913E+02,0.9515E+03,0.8970E+02,0.3908E+02,0.9086E+02,0.1120E+04,0.1299E+03,0.8443E+04,
   19,1998,   4,0.3846E+01,0.1662E+04,0.5769E+04,0.5484E+03,0.2600E+04,0.4485E+03,0.1029E+03,0.2188E+03,0.3597E+04,0.3217E+03,0.7509E+04,
   11,1998,   4,0.8864E+00,0.3817E+03,0.1500E+04,0.1032E+03,0.1253E+04,0.1179E+03,0.4307E+02,0.8750E+02,0.1474E+04,0.1306E+03,0.1885E+04,
    0,1998,   4,0.5957E-02,0.2315E+01,0.6498E+01,0.2479E+00,0.3010E+01,0.2832E+00,0.1417E+00,0.3305E+00,0.3541E+01,0.4722E+00,0.1301E-02,
   62,1998,   4,0.0000E+00,0.0000E+00,0.0000E+00,0.0000E+00,0.0000E+00,0.0000E+00,0.0000E+00,0.0000E+00,0.0000E+00,0.0000E+00,0.0000E+00,
   92,1998,   5,0.4716E-01,0.2305E+02,0.6261E+02,0.4551E+02,0.7725E+01,0.1456E+02,0.3612E+01,0.1262E+02,0.6779E+02,0.1623E+02,0.9831E+02,
   61,1998,   5,0.9903E+00,0.6764E+03,0.7169E+03,0.6973E+03,0.3570E+03,0.2492E+03,0.1711E+02,0.7147E+02,0.1304E+04,0.8859E+02,0.8445E+03,
   86,1998,   5,0.1980E+00,0.1668E+04,0.6153E+03,0.8128E+02,0.3702E+03,0.7478E+02,0.1483E+02,0.4713E+02,0.5263E+03,0.6196E+02,0.2882E+04,
   34,1998,   5,0.2541E+02,0.1136E+05,0.9435E+04,0.5548E+04,0.1407E+05,0.2515E+04,0.1503E+03,0.1754E+03,0.2214E+05,0.3257E+03,0.2391E+05,
   64,1998,   5,0.1319E+02,0.7730E+04,0.6211E+04,0.5397E+04,0.4954E+04,0.1697E+04,0.1372E+03,0.2738E+03,0.1205E+05,0.4109E+03,0.8537E+04,
   63,1998,   5,0.1043E-01,0.5405E+01,0.2702E+02,0.8071E+01,0.3027E+00,0.1715E+01,0.1567E+01,0.3837E+01,0.1009E+02,0.5405E+01,0.1351E+02,
   59,1998,   5,0.2374E+00,0.1722E+03,0.5944E+02,0.2255E+01,0.4715E+01,0.2316E+02,0.3485E+01,0.1824E+02,0.3013E+02,0.2173E+02,0.7994E+02,
   55,1998,   5,0.5964E-01,0.3822E+02,0.1100E+02,0.7387E+00,0.1800E+02,0.5824E+01,0.1644E+01,0.8640E+00,0.2456E+02,0.2508E+01,0.1055E+02,
   65,1998,   5,0.1316E+00,0.7807E+02,0.1281E+03,0.7607E+02,0.1560E+03,0.6615E+02,0.1073E+02,0.1138E+02,0.2982E+03,0.2211E+02,0.1181E+03,
   32,1998,   5,0.8677E+00,0.5310E+03,0.2529E+02,0.2107E+02,0.1167E+03,0.6473E+02,0.3025E+01,0.5019E+02,0.2025E+03,0.5321E+02,0.1750E+03,
   53,1998,   5,0.2991E-01,0.1752E+02,0.1018E+02,0.1725E+01,0.2620E+01,0.4480E+01,0.1541E+01,0.1185E+01,0.8825E+01,0.2726E+01,0.7747E+01,
   47,1998,   5,0.0000E+00,0.0000E+00,0.0000E+00,0.0000E+00,0.0000E+00,0.0000E+00,0.0000E+00,0.0000E+00,0.0000E+00,0.0000E+00,0.0000E+00,
   81,1998,   5,0.0000E+00,0.0000E+00,0.0000E+00,0.0000E+00,0.0000E+00,0.0000E+00,0.0000E+00,0.0000E+00,0.0000E+00,0.0000E+00,0.0000E+00,
   82,1998,   5,0.4383E-01,0.3028E+02,0.0000E+00,0.0000E+00,0.0000E+00,0.1892E+01,0.0000E+00,0.1892E+02,0.1892E+01,0.1892E+02,0.3028E+02,
   79,1998,   5,0.3454E-02,0.1789E+01,0.8947E+01,0.2672E+01,0.1002E+00,0.5677E+00,0.5190E+00,0.1270E+01,0.3340E+01,0.1789E+01,0.4474E+01,
   77,1998,   5,0.4286E+00,0.2174E+03,0.4329E+03,0.1326E+03,0.6982E+02,0.1164E+03,0.1332E+02,0.6975E+02,0.3188E+03,0.8307E+02,0.1365E+04,
   85,1998,   5,0.2960E+00,0.1682E+03,0.6001E+03,0.3716E+03,0.1806E+03,0.6455E+02,0.1187E+02,0.2898E+02,0.6168E+03,0.4085E+02,0.7286E+03,
   52,1998,   5,0.0000E+00,0.0000E+00,0.0000E+00,0.0000E+00,0.0000E+00,0.0000E+00,0.0000E+00,0.0000E+00,0.0000E+00,0.0000E+00,0.0000E+00,
   56,1998,   5,0.4910E-02,0.1908E+01,0.1823E+02,0.5935E+00,0.4663E+00,0.2331E+01,0.3392E+00,0.8478E-01,0.3391E+01,0.4239E+00,0.5511E+02,
   87,1998,   5,0.0000E+00,0.0000E+00,0.0000E+00,0.0000E+00,0.0000E+00,0.0000E+00,0.0000E+00,0.0000E+00,0.0000E+00,0.0000E+00,0.0000E+00,
   44,1998,   5,0.1578E-02,0.8175E+00,0.4088E+01,0.8584E-01,0.7059E-01,0.2282E+01,0.2647E+00,0.6481E+00,0.2439E+01,0.9129E+00,0.2044E+01,
   41,1998,   5,0.0000E+00,0.0000E+00,0.0000E+00,0.0000E+00,0.0000E+00,0.0000E+00,0.0000E+00,0.0000E+00,0.0000E+00,0.0000E+00,0.0000E+00,
   49,1998,   5,0.1885E-02,0.1239E+01,0.2066E+01,0.2199E+01,0.2490E+00,0.4817E+00,0.7812E-01,0.4101E+00,0.2929E+01,0.4882E+00,0.1230E+01,
   91,1998,   5,0.4258E-01,0.2222E+02,0.2624E+01,0.2260E+02,0.3161E+02,0.4118E+01,0.4100E+00,0.4635E+01,0.5833E+02,0.5045E+01,0.4638E+02,
   51,1998,   5,0.3945E-02,0.1908E+01,0.6472E+01,0.4602E+01,0.5212E+00,0.1008E+01,0.1635E+00,0.8584E+00,0.6131E+01,0.1022E+01,0.7494E+01,
   68,1998,   5,0.0000E+00,0.0000E+00,0.0000E+00,0.0000E+00,0.0000E+00,0.0000E+00,0.0000E+00,0.0000E+00,0.0000E+00,0.0000E+00,0.0000E+00,
   54,1998,   5,0.1368E+00,0.7439E+02,0.5904E+02,0.9329E+01,0.2338E+03,0.1488E+02,0.3543E+01,0.3035E+02,0.2580E+03,0.3389E+02,0.5904E+02,
   33,1998,   5,0.0000E+00,0.0000E+00,0.0000E+00,0.0000E+00,0.0000E+00,0.0000E+00,0.0000E+00,0.0000E+00,0.0000E+00,0.0000E+00,0.0000E+00,
   80,1998,   5,0.0000E+00,0.0000E+00,0.0000E+00,0.0000E+00,0.0000E+00,0.0000E+00,0.0000E+00,0.0000E+00,0.0000E+00,0.0000E+00,0.0000E+00,
   50,1998,   5,0.0000E+00,0.0000E+00,0.0000E+00,0.0000E+00,0.0000E+00,0.0000E+00,0.0000E+00,0.0000E+00,0.0000E+00,0.0000E+00,0.0000E+00,
   58,1998,   5,0.5463E-01,0.3164E+02,0.2129E+02,0.2549E+01,0.2354E+02,0.4869E+01,0.3590E+00,0.1141E+01,0.3095E+02,0.1500E+01,0.2138E+02,
   17,1998,   5,0.1447E+00,0.7231E+02,0.3289E+03,0.3457E+02,0.4416E+02,0.6028E+02,0.1392E+02,0.1420E+02,0.1390E+03,0.2811E+02,0.9431E+03,
   95,1998,   5,0.1062E-01,0.6475E+01,0.9113E+01,0.7191E+01,0.7724E+01,0.1579E+01,0.2332E+00,0.1238E+01,0.1649E+02,0.1472E+01,0.1548E+02,
   90,1998,   5,0.0000E+00,0.0000E+00,0.0000E+00,0.0000E+00,0.0000E+00,0.0000E+00,0.0000E+00,0.0000E+00,0.0000E+00,0.0000E+00,0.0000E+00,
   15,1998,   5,0.0000E+00,0.0000E+00,0.0000E+00,0.0000E+00,0.0000E+00,0.0000E+00,0.0000E+00,0.0000E+00,0.0000E+00,0.0000E+00,0.0000E+00,
   14,1998,   5,0.4690E-01,0.2024E+02,0.2867E+02,0.3047E+01,0.4393E+03,0.2504E+01,0.1443E+02,0.3529E+02,0.4448E+03,0.4972E+02,0.3841E+02,
   31,1998,   5,0.7156E+00,0.3212E+03,0.7197E+03,0.4368E+03,0.5768E+03,0.1073E+03,0.2247E+02,0.5880E+02,0.1121E+04,0.8127E+02,0.1469E+04,
   12,1998,   5,0.1898E-01,0.7896E+01,0.1546E+02,0.9976E+01,0.2275E+02,0.2487E+01,0.1519E+01,0.3719E+01,0.3521E+02,0.5237E+01,0.6129E+02,
   23,1998,   5,0.1416E-01,0.5536E+01,0.5332E+01,0.1069E+01,0.1648E+01,0.3526E+00,0.1201E+00,0.2872E+00,0.3070E+01,0.4073E+00,0.6534E+02,
   25,1998,   5,0.1017E+02,0.7328E+04,0.1528E+05,0.2796E+04,0.4887E+04,0.2212E+04,0.3214E+03,0.5250E+03,0.9894E+04,0.8464E+03,0.2671E+05,
   18,1998,   5,0.2525E-01,0.1176E+02,0.1492E+02,0.4705E+01,0.2039E+02,0.2189E+01,0.1144E+01,0.2533E+01,0.2729E+02,0.3677E+01,0.4786E+02,
    4,1998,   5,0.4605E-01,0.1808E+02,0.9750E+01,0.7768E+00,0.9182E+01,0.8683E+00,0.4577E+00,0.1089E+01,0.1083E+02,0.1546E+01,0.1375E+03,
   74,1998,   5,0.8369E+00,0.3603E+03,0.1547E+04,0.3113E+03,0.1717E+03,0.3970E+03,0.4132E+02,0.5550E+02,0.8800E+03,0.9682E+02,0.2125E+04,
   73,1998,   5,0.1227E-03,0.4769E-01,0.3179E+00,0.4993E+00,0.6062E+01,0.5706E+00,0.2257E+00,0.5267E+00,0.7132E+01,0.7524E+00,0.9481E+00,
   69,1998,   5,0.2250E-01,0.9311E+01,0.1880E+02,0.5392E+01,0.2421E+02,0.2990E+01,0.1585E+01,0.3773E+01,0.3259E+02,0.5358E+01,0.1302E+02,
   20,1998,   5,0.7130E+00,0.3120E+03,0.1223E+04,0.1158E+03,0.1031E+04,0.1031E+03,0.3655E+02,0.7683E+02,0.1250E+04,0.1134E+03,0.1520E+04,
   36,1998,   5,0.0000E+00,0.0000E+00,0.0000E+00,0.0000E+00,0.0000E+00,0.0000E+00,0.0000E+00,0.0000E+00,0.0000E+00,0.0000E+00,0.0000E+00,
   16,1998,   5,0.3931E-03,0.1567E+00,0.1018E+01,0.1604E+01,0.1807E+02,0.1725E+01,0.6774E+00,0.1581E+01,0.2139E+02,0.2259E+01,0.2570E+01,
   26,1998,   5,0.3303E-01,0.1635E+02,0.2119E+02,0.1218E+02,0.3974E+02,0.5703E+01,0.8329E+00,0.2021E+01,0.5762E+02,0.2854E+01,0.5055E+02,
   30,1998,   5,0.4510E-02,0.1916E+01,0.9941E+01,0.2857E+01,0.6713E+01,0.1172E+01,0.3874E+00,0.9484E+00,0.1074E+02,0.1336E+01,0.1010E+02,
   66,1998,   5,0.0000E+00,0.0000E+00,0.0000E+00,0.0000E+00,0.0000E+00,0.0000E+00,0.0000E+00,0.0000E+00,0.0000E+00,0.0000E+00,0.0000E+00,
   24,1998,   5,0.1873E-02,0.8086E+00,0.4852E+01,0.2419E+01,0.9073E-01,0.5141E+00,0.1173E+00,0.2871E+00,0.3024E+01,0.4043E+00,0.4043E+01,
   10,1998,   5,0.3138E+01,0.1337E+04,0.1212E+04,0.9192E+02,0.1107E+04,0.1043E+03,0.3428E+02,0.6982E+02,0.1303E+04,0.1041E+03,0.8071E+04,
   19,1998,   5,0.3491E+01,0.1509E+04,0.4094E+04,0.4970E+03,0.2440E+04,0.4194E+03,0.7378E+02,0.1590E+03,0.3357E+04,0.2328E+03,0.6712E+04,
   11,1998,   5,0.7514E+00,0.3244E+03,0.1277E+04,0.9732E+02,0.1075E+04,0.1030E+03,0.3261E+02,0.6699E+02,0.1275E+04,0.9960E+02,0.1584E+04,
    0,1998,   5,0.5957E-02,0.2315E+01,0.6498E+01,0.2479E+00,0.3010E+01,0.2832E+00,0.1417E+00,0.3305E+00,0.3541E+01,0.4722E+00,0.1301E-02,
   62,1998,   5,0.0000E+00,0.0000E+00,0.0000E+00,0.0000E+00,0.0000E+00,0.0000E+00,0.0000E+00,0.0000E+00,0.0000E+00,0.0000E+00,0.0000E+00,
   92,1998,   6,0.5225E-01,0.2837E+02,0.1377E+03,0.5125E+02,0.8497E+01,0.1544E+02,0.3811E+01,0.1365E+02,0.7518E+02,0.1746E+02,0.1371E+03,
   61,1998,   6,0.8420E+00,0.5228E+03,0.3154E+03,0.6875E+03,0.2398E+03,0.1541E+03,0.9142E+01,0.4746E+02,0.1081E+04,0.5660E+02,0.5202E+03,
   86,1998,   6,0.2288E+00,0.1818E+04,0.5627E+03,0.8014E+02,0.3963E+03,0.9956E+02,0.1195E+02,0.5470E+02,0.5760E+03,0.6666E+02,0.3284E+04,
   34,1998,   6,0.2305E+02,0.1130E+05,0.5883E+04,0.4811E+04,0.1442E+05,0.2400E+04,0.6436E+02,0.2800E+03,0.2164E+05,0.3443E+03,0.1593E+05,
   64,1998,   6,0.1175E+02,0.6329E+04,0.5823E+04,0.5176E+04,0.4650E+04,0.1747E+04,0.1016E+03,0.2574E+03,0.1157E+05,0.3591E+03,0.7503E+04,
   63,1998,   6,0.1043E-01,0.5405E+01,0.2702E+02,0.8071E+01,0.3027E+00,0.1715E+01,0.1567E+01,0.3837E+01,0.1009E+02,0.5405E+01,0.1351E+02,
   59,1998,   6,0.2230E+00,0.1348E+03,0.6739E+02,0.1540E+01,0.1059E+02,0.1790E+02,0.4428E+01,0.1155E+02,0.3003E+02,0.1598E+02,0.8279E+02,
   55,1998,   6,0.4564E-01,0.2504E+02,0.4858E+01,0.7255E+00,0.1412E+02,0.3711E+01,0.7155E+00,0.2675E+01,0.1856E+02,0.3391E+01,0.8264E+01,
   65,1998,   6,0.1071E+00,0.5942E+02,0.8293E+02,0.2617E+02,0.9323E+02,0.4293E+02,0.3747E+01,0.1184E+02,0.1623E+03,0.1559E+02,0.1679E+03,
   32,1998,   6,0.8007E+00,0.4898E+03,0.2721E+02,0.2014E+02,0.1437E+03,0.5370E+02,0.3041E+01,0.5965E+02,0.2176E+03,0.6269E+02,0.9823E+02,
   53,1998,   6,0.2581E-01,0.1468E+02,0.6621E+01,0.2168E+01,0.4427E+01,0.3220E+01,0.1979E+01,0.1677E+01,0.9815E+01,0.3656E+01,0.6699E+01,
   47,1998,   6,0.0000E+00,0.0000E+00,0.0000E+00,0.0000E+00,0.0000E+00,0.0000E+00,0.0000E+00,0.0000E+00,0.0000E+00,0.0000E+00,0.0000E+00,
   81,1998,   6,0.0000E+00,0.0000E+00,0.0000E+00,0.0000E+00,0.0000E+00,0.0000E+00,0.0000E+00,0.0000E+00,0.0000E+00,0.0000E+00,0.0000E+00,
   82,1998,   6,0.4383E-01,0.3028E+02,0.0000E+00,0.0000E+00,0.0000E+00,0.1892E+01,0.0000E+00,0.1892E+02,0.1892E+01,0.1892E+02,0.3028E+02,
   79,1998,   6,0.3454E-02,0.1789E+01,0.8947E+01,0.2672E+01,0.1002E+00,0.5677E+00,0.5190E+00,0.1270E+01,0.3340E+01,0.1789E+01,0.4474E+01,
   77,1998,   6,0.4488E+00,0.2209E+03,0.5388E+03,0.1204E+03,0.7285E+02,0.1702E+03,0.1639E+02,0.7180E+02,0.3635E+03,0.8819E+02,0.1531E+04,
   85,1998,   6,0.3168E+00,0.1754E+03,0.6462E+03,0.3830E+03,0.2539E+03,0.6001E+02,0.1773E+02,0.2737E+02,0.6969E+03,0.4510E+02,0.8314E+03,
   52,1998,   6,0.0000E+00,0.0000E+00,0.0000E+00,0.0000E+00,0.0000E+00,0.0000E+00,0.0000E+00,0.0000E+00,0.0000E+00,0.0000E+00,0.0000E+00,
   56,1998,   6,0.5861E-02,0.2277E+01,0.2176E+02,0.7085E+00,0.5567E+00,0.2783E+01,0.4049E+00,0.1012E+00,0.4048E+01,0.5061E+00,0.6579E+02,
   87,1998,   6,0.0000E+00,0.0000E+00,0.0000E+00,0.0000E+00,0.0000E+00,0.0000E+00,0.0000E+00,0.0000E+00,0.0000E+00,0.0000E+00,0.0000E+00,
   44,1998,   6,0.1578E-02,0.8175E+00,0.4088E+01,0.8584E-01,0.7059E-01,0.2282E+01,0.2647E+00,0.6481E+00,0.2439E+01,0.9129E+00,0.2044E+01,
   41,1998,   6,0.0000E+00,0.0000E+00,0.0000E+00,0.0000E+00,0.0000E+00,0.0000E+00,0.0000E+00,0.0000E+00,0.0000E+00,0.0000E+00,0.0000E+00,
   49,1998,   6,0.1446E-02,0.9878E+00,0.8516E+00,0.1687E+01,0.1911E+00,0.3697E+00,0.5995E-01,0.3147E+00,0.2248E+01,0.3747E+00,0.6245E+00,
   91,1998,   6,0.4201E-01,0.2094E+02,0.2488E+01,0.2062E+02,0.3047E+02,0.2862E+01,0.5281E+00,0.5454E+01,0.5396E+02,0.5982E+01,0.4470E+02,
   51,1998,   6,0.3156E-02,0.1581E+01,0.2453E+01,0.3682E+01,0.4169E+00,0.8066E+00,0.1308E+00,0.6867E+00,0.4905E+01,0.8175E+00,0.2998E+01,
   68,1998,   6,0.0000E+00,0.0000E+00,0.0000E+00,0.0000E+00,0.0000E+00,0.0000E+00,0.0000E+00,0.0000E+00,0.0000E+00,0.0000E+00,0.0000E+00,
   54,1998,   6,0.1258E+00,0.6300E+02,0.3259E+02,0.5431E+01,0.1781E+03,0.1629E+02,0.1847E+01,0.3041E+02,0.1999E+03,0.3226E+02,0.3259E+02,
   33,1998,   6,0.0000E+00,0.0000E+00,0.0000E+00,0.0000E+00,0.0000E+00,0.0000E+00,0.0000E+00,0.0000E+00,0.0000E+00,0.0000E+00,0.0000E+00,
   80,1998,   6,0.0000E+00,0.0000E+00,0.0000E+00,0.0000E+00,0.0000E+00,0.0000E+00,0.0000E+00,0.0000E+00,0.0000E+00,0.0000E+00,0.0000E+00,
   50,1998,   6,0.0000E+00,0.0000E+00,0.0000E+00,0.0000E+00,0.0000E+00,0.0000E+00,0.0000E+00,0.0000E+00,0.0000E+00,0.0000E+00,0.0000E+00,
   58,1998,   6,0.4985E-01,0.2805E+02,0.2250E+02,0.2664E+01,0.2284E+02,0.3613E+01,0.3825E+00,0.1198E+01,0.2911E+02,0.1581E+01,0.2081E+02,
   17,1998,   6,0.1212E+00,0.5400E+02,0.3349E+03,0.3722E+02,0.4054E+02,0.4396E+02,0.6343E+01,0.1086E+02,0.1217E+03,0.1720E+02,0.9332E+03,
   95,1998,   6,0.2101E-01,0.1159E+02,0.2455E+02,0.1947E+02,0.8902E+01,0.4267E+01,0.2755E+00,0.1507E+01,0.3264E+02,0.1782E+01,0.4705E+02,
   90,1998,   6,0.0000E+00,0.0000E+00,0.0000E+00,0.0000E+00,0.0000E+00,0.0000E+00,0.0000E+00,0.0000E+00,0.0000E+00,0.0000E+00,0.0000E+00,
   15,1998,   6,0.0000E+00,0.0000E+00,0.0000E+00,0.0000E+00,0.0000E+00,0.0000E+00,0.0000E+00,0.0000E+00,0.0000E+00,0.0000E+00,0.0000E+00,
   14,1998,   6,0.4624E-01,0.1996E+02,0.2776E+02,0.2990E+01,0.3896E+03,0.2439E+01,0.1434E+02,0.3508E+02,0.3950E+03,0.4942E+02,0.3843E+02,
   31,1998,   6,0.6868E+00,0.3214E+03,0.6787E+03,0.3156E+03,0.4675E+03,0.1057E+03,0.1485E+02,0.6419E+02,0.8888E+03,0.7904E+02,0.1335E+04,
   12,1998,   6,0.1678E-01,0.6950E+01,0.1546E+02,0.8266E+01,0.2092E+02,0.2487E+01,0.1381E+01,0.3383E+01,0.3167E+02,0.4764E+01,0.5656E+02,
   23,1998,   6,0.1416E-01,0.5536E+01,0.5332E+01,0.1069E+01,0.1648E+01,0.3526E+00,0.1201E+00,0.2872E+00,0.3070E+01,0.4073E+00,0.6534E+02,
   25,1998,   6,0.9176E+01,0.7425E+04,0.1226E+05,0.3271E+04,0.5671E+04,0.1805E+04,0.2401E+03,0.5809E+03,0.1075E+05,0.8210E+03,0.2522E+05,
   18,1998,   6,0.2481E-01,0.8169E+02,0.3141E+03,0.1195E+03,0.8173E+02,0.4094E+02,0.3210E+01,0.8830E+01,0.2421E+03,0.1204E+02,0.2901E+03,
    4,1998,   6,0.4355E-01,0.1700E+02,0.5435E+01,0.5280E+00,0.6161E+01,0.5841E+00,0.3153E+00,0.7995E+00,0.7273E+01,0.1115E+01,0.1321E+03,
   74,1998,   6,0.8859E+00,0.3814E+03,0.1640E+04,0.3469E+03,0.3132E+03,0.3064E+03,0.2924E+02,0.4920E+02,0.9664E+03,0.7845E+02,0.2248E+04,
   73,1998,   6,0.1227E-03,0.4769E-01,0.3179E+00,0.4993E+00,0.6062E+01,0.5706E+00,0.2257E+00,0.5267E+00,0.7132E+01,0.7524E+00,0.9481E+00,
   69,1998,   6,0.2250E-01,0.9311E+01,0.1880E+02,0.5392E+01,0.2421E+02,0.2990E+01,0.1585E+01,0.3773E+01,0.3259E+02,0.5358E+01,0.1302E+02,
   20,1998,   6,0.6087E+00,0.2669E+03,0.1043E+04,0.1037E+03,0.8847E+03,0.8936E+02,0.2599E+02,0.5538E+02,0.1078E+04,0.8138E+02,0.1295E+04,
   36,1998,   6,0.0000E+00,0.0000E+00,0.0000E+00,0.0000E+00,0.0000E+00,0.0000E+00,0.0000E+00,0.0000E+00,0.0000E+00,0.0000E+00,0.0000E+00,
   16,1998,   6,0.3931E-03,0.1567E+00,0.1018E+01,0.1604E+01,0.1807E+02,0.1725E+01,0.6774E+00,0.1581E+01,0.2139E+02,0.2259E+01,0.2570E+01,
   26,1998,   6,0.3303E-01,0.1635E+02,0.2119E+02,0.1218E+02,0.3974E+02,0.5703E+01,0.8329E+00,0.2021E+01,0.5762E+02,0.2854E+01,0.5055E+02,
   30,1998,   6,0.4334E-02,0.1841E+01,0.9638E+01,0.2837E+01,0.6473E+01,0.1149E+01,0.3765E+00,0.9215E+00,0.1046E+02,0.1298E+01,0.9717E+01,
   66,1998,   6,0.0000E+00,0.0000E+00,0.0000E+00,0.0000E+00,0.0000E+00,0.0000E+00,0.0000E+00,0.0000E+00,0.0000E+00,0.0000E+00,0.0000E+00,
   24,1998,   6,0.1873E-02,0.8086E+00,0.4852E+01,0.2419E+01,0.9073E-01,0.5141E+00,0.1173E+00,0.2871E+00,0.3024E+01,0.4043E+00,0.4043E+01,
   10,1998,   6,0.4457E+01,0.1907E+04,0.1203E+04,0.8543E+02,0.1028E+04,0.9689E+02,0.1527E+02,0.3123E+02,0.1210E+04,0.4650E+02,0.1152E+05,
   19,1998,   6,0.3130E+01,0.1353E+04,0.4135E+04,0.4667E+03,0.2224E+04,0.3838E+03,0.4879E+02,0.1083E+03,0.3074E+04,0.1571E+03,0.5933E+04,
   11,1998,   6,0.7282E+00,0.3144E+03,0.1237E+04,0.1087E+03,0.1213E+04,0.1160E+03,0.3103E+02,0.6377E+02,0.1438E+04,0.9479E+02,0.1534E+04,
    0,1998,   6,0.5957E-02,0.2315E+01,0.6498E+01,0.2479E+00,0.3010E+01,0.2832E+00,0.1417E+00,0.3305E+00,0.3541E+01,0.4722E+00,0.1301E-02,
   62,1998,   6,0.0000E+00,0.0000E+00,0.0000E+00,0.0000E+00,0.0000E+00,0.0000E+00,0.0000E+00,0.0000E+00,0.0000E+00,0.0000E+00,0.0000E+00,
   92,1998,   7,0.3988E-01,0.1928E+02,0.9236E+02,0.3672E+02,0.6816E+01,0.1230E+02,0.3336E+01,0.1102E+02,0.5584E+02,0.1436E+02,0.1043E+03,
   61,1998,   7,0.7965E+00,0.4933E+03,0.1800E+03,0.5772E+03,0.2473E+03,0.1677E+03,0.5647E+01,0.4988E+02,0.9922E+03,0.5552E+02,0.4681E+03,
   86,1998,   7,0.1134E+00,0.1897E+04,0.3803E+03,0.5973E+02,0.4029E+03,0.3800E+02,0.6977E+01,0.3766E+02,0.5006E+03,0.4464E+02,0.2612E+04,
   34,1998,   7,0.2074E+02,0.1215E+05,0.5628E+04,0.4750E+04,0.1505E+05,0.2304E+04,0.1155E+03,0.1982E+03,0.2210E+05,0.3138E+03,0.1444E+05,
   64,1998,   7,0.1106E+02,0.5647E+04,0.5993E+04,0.4537E+04,0.4732E+04,0.1760E+04,0.1269E+03,0.3023E+03,0.1103E+05,0.4292E+03,0.8225E+04,
   63,1998,   7,0.1043E-01,0.5405E+01,0.2702E+02,0.8071E+01,0.3027E+00,0.1715E+01,0.1567E+01,0.3837E+01,0.1009E+02,0.5405E+01,0.1351E+02,
   59,1998,   7,0.2141E+00,0.1312E+03,0.8688E+02,0.1885E+02,0.2422E+02,0.1257E+02,0.7396E+00,0.2773E+01,0.5564E+02,0.3512E+01,0.5361E+02,
   55,1998,   7,0.3963E-01,0.2164E+02,0.4652E+01,0.9110E+00,0.1256E+02,0.3325E+01,0.7906E+00,0.7771E+01,0.1680E+02,0.8561E+01,0.8024E+01,
   65,1998,   7,0.1091E+00,0.5818E+02,0.7583E+02,0.4064E+02,0.8456E+02,0.2676E+02,0.2533E+01,0.1186E+02,0.1520E+03,0.1439E+02,0.1219E+03,
   32,1998,   7,0.7636E+00,0.4611E+03,0.1512E+03,0.2050E+02,0.1640E+03,0.5139E+02,0.1550E+02,0.5082E+02,0.2359E+03,0.6632E+02,0.1581E+03,
   53,1998,   7,0.1845E-01,0.1001E+02,0.4731E+01,0.1128E+01,0.1619E+01,0.2770E+01,0.7956E+00,0.8960E+00,0.5518E+01,0.1692E+01,0.7833E+01,
   47,1998,   7,0.0000E+00,0.0000E+00,0.0000E+00,0.0000E+00,0.0000E+00,0.0000E+00,0.0000E+00,0.0000E+00,0.0000E+00,0.0000E+00,0.0000E+00,
   81,1998,   7,0.0000E+00,0.0000E+00,0.0000E+00,0.0000E+00,0.0000E+00,0.0000E+00,0.0000E+00,0.0000E+00,0.0000E+00,0.0000E+00,0.0000E+00,
   82,1998,   7,0.4383E-01,0.3028E+02,0.0000E+00,0.0000E+00,0.0000E+00,0.1892E+01,0.0000E+00,0.1892E+02,0.1892E+01,0.1892E+02,0.3028E+02,
   79,1998,   7,0.3454E-02,0.1789E+01,0.8947E+01,0.2672E+01,0.1002E+00,0.5677E+00,0.5190E+00,0.1270E+01,0.3340E+01,0.1789E+01,0.4474E+01,
   77,1998,   7,0.3221E+00,0.1647E+03,0.1235E+03,0.7641E+02,0.1312E+03,0.5040E+02,0.7150E+02,0.2854E+02,0.2580E+03,0.1000E+03,0.1752E+03,
   85,1998,   7,0.2725E+00,0.1582E+03,0.4373E+03,0.3906E+03,0.2212E+03,0.3814E+02,0.8649E+01,0.2597E+02,0.6500E+03,0.3462E+02,0.2612E+03,
   52,1998,   7,0.0000E+00,0.0000E+00,0.0000E+00,0.0000E+00,0.0000E+00,0.0000E+00,0.0000E+00,0.0000E+00,0.0000E+00,0.0000E+00,0.0000E+00,
   56,1998,   7,0.0000E+00,0.0000E+00,0.0000E+00,0.0000E+00,0.0000E+00,0.0000E+00,0.0000E+00,0.0000E+00,0.0000E+00,0.0000E+00,0.0000E+00,
   87,1998,   7,0.0000E+00,0.0000E+00,0.0000E+00,0.0000E+00,0.0000E+00,0.0000E+00,0.0000E+00,0.0000E+00,0.0000E+00,0.0000E+00,0.0000E+00,
   44,1998,   7,0.1578E-02,0.8175E+00,0.4088E+01,0.8584E-01,0.7059E-01,0.2282E+01,0.2647E+00,0.6481E+00,0.2439E+01,0.9129E+00,0.2044E+01,
   41,1998,   7,0.0000E+00,0.0000E+00,0.0000E+00,0.0000E+00,0.0000E+00,0.0000E+00,0.0000E+00,0.0000E+00,0.0000E+00,0.0000E+00,0.0000E+00,
   49,1998,   7,0.1315E-02,0.7539E+00,0.1101E+01,0.1534E+01,0.1737E+00,0.3361E+00,0.5450E-01,0.2861E+00,0.2044E+01,0.3406E+00,0.6699E+00,
   91,1998,   7,0.4061E-01,0.2018E+02,0.2488E+01,0.1773E+02,0.3006E+02,0.3933E+01,0.4063E+00,0.4252E+01,0.5172E+02,0.4659E+01,0.4168E+02,
   51,1998,   7,0.2718E-02,0.1549E+01,0.2112E+01,0.3170E+01,0.3590E+00,0.6945E+00,0.1126E+00,0.5913E+00,0.4224E+01,0.7040E+00,0.2581E+01,
   68,1998,   7,0.0000E+00,0.0000E+00,0.0000E+00,0.0000E+00,0.0000E+00,0.0000E+00,0.0000E+00,0.0000E+00,0.0000E+00,0.0000E+00,0.0000E+00,
   54,1998,   7,0.1245E+00,0.7094E+02,0.3225E+02,0.2150E+01,0.1967E+03,0.1505E+02,0.3010E+01,0.3031E+02,0.2139E+03,0.3332E+02,0.4837E+02,
   33,1998,   7,0.0000E+00,0.0000E+00,0.0000E+00,0.0000E+00,0.0000E+00,0.0000E+00,0.0000E+00,0.0000E+00,0.0000E+00,0.0000E+00,0.0000E+00,
   80,1998,   7,0.0000E+00,0.0000E+00,0.0000E+00,0.0000E+00,0.0000E+00,0.0000E+00,0.0000E+00,0.0000E+00,0.0000E+00,0.0000E+00,0.0000E+00,
   50,1998,   7,0.0000E+00,0.0000E+00,0.0000E+00,0.0000E+00,0.0000E+00,0.0000E+00,0.0000E+00,0.0000E+00,0.0000E+00,0.0000E+00,0.0000E+00,
   58,1998,   7,0.4713E-01,0.2568E+02,0.1945E+02,0.2305E+01,0.2776E+02,0.2856E+01,0.2486E+00,0.8812E+00,0.3292E+02,0.1130E+01,0.2162E+02,
   17,1998,   7,0.6942E-01,0.3697E+02,0.8595E+02,0.3940E+02,0.2103E+02,0.1842E+02,0.3183E+01,0.1642E+02,0.7885E+02,0.1961E+02,0.1757E+03,
   95,1998,   7,0.8035E-02,0.4871E+01,0.9426E+01,0.5374E+01,0.5926E+01,0.1176E+01,0.2014E+00,0.1048E+01,0.1248E+02,0.1250E+01,0.1896E+02,
   90,1998,   7,0.0000E+00,0.0000E+00,0.0000E+00,0.0000E+00,0.0000E+00,0.0000E+00,0.0000E+00,0.0000E+00,0.0000E+00,0.0000E+00,0.0000E+00,
   15,1998,   7,0.0000E+00,0.0000E+00,0.0000E+00,0.0000E+00,0.0000E+00,0.0000E+00,0.0000E+00,0.0000E+00,0.0000E+00,0.0000E+00,0.0000E+00,
   14,1998,   7,0.4602E-01,0.1986E+02,0.2836E+02,0.2955E+01,0.5325E+03,0.2399E+01,0.1743E+02,0.4263E+02,0.5378E+03,0.6006E+02,0.3751E+02,
   31,1998,   7,0.6295E+00,0.2967E+03,0.5278E+03,0.1148E+03,0.2686E+03,0.3823E+02,0.1502E+02,0.6451E+02,0.4216E+03,0.7953E+02,0.1211E+04,
   12,1998,   7,0.1652E-01,0.6836E+01,0.1564E+02,0.8548E+01,0.2021E+02,0.2515E+01,0.1374E+01,0.3364E+01,0.3127E+02,0.4738E+01,0.5603E+02,
   23,1998,   7,0.1416E-01,0.5536E+01,0.5332E+01,0.1069E+01,0.1648E+01,0.3526E+00,0.1201E+00,0.2872E+00,0.3070E+01,0.4073E+00,0.6534E+02,
   25,1998,   7,0.8592E+01,0.7305E+04,0.1274E+05,0.3017E+04,0.5681E+04,0.1751E+04,0.2203E+03,0.5808E+03,0.1045E+05,0.8010E+03,0.2437E+05,
   18,1998,   7,0.2297E-01,0.8090E+02,0.3164E+03,0.1180E+03,0.7635E+02,0.4104E+02,0.3071E+01,0.8488E+01,0.2354E+03,0.1156E+02,0.2861E+03,
    4,1998,   7,0.4346E-01,0.1696E+02,0.5284E+01,0.4760E+00,0.5529E+01,0.5247E+00,0.3103E+00,0.7893E+00,0.6530E+01,0.1100E+01,0.1319E+03,
   74,1998,   7,0.8971E+00,0.3863E+03,0.1659E+04,0.3348E+03,0.9390E+02,0.6193E+03,0.3466E+02,0.7805E+02,0.1048E+04,0.1127E+03,0.2274E+04,
   73,1998,   7,0.1227E-03,0.4769E-01,0.3179E+00,0.4993E+00,0.6062E+01,0.5706E+00,0.2257E+00,0.5267E+00,0.7132E+01,0.7524E+00,0.9481E+00,
   69,1998,   7,0.2250E-01,0.9311E+01,0.1880E+02,0.5392E+01,0.2421E+02,0.2990E+01,0.1585E+01,0.3773E+01,0.3259E+02,0.5358E+01,0.1302E+02,
   20,1998,   7,0.6144E+00,0.2694E+03,0.1053E+04,0.1074E+03,0.9288E+03,0.9352E+02,0.2994E+02,0.6341E+02,0.1130E+04,0.9335E+02,0.1307E+04,
   36,1998,   7,0.0000E+00,0.0000E+00,0.0000E+00,0.0000E+00,0.0000E+00,0.0000E+00,0.0000E+00,0.0000E+00,0.0000E+00,0.0000E+00,0.0000E+00,
   16,1998,   7,0.3931E-03,0.1567E+00,0.1018E+01,0.1604E+01,0.1807E+02,0.1725E+01,0.6774E+00,0.1581E+01,0.2139E+02,0.2259E+01,0.2570E+01,
   26,1998,   7,0.3303E-01,0.1635E+02,0.2119E+02,0.1218E+02,0.3974E+02,0.5703E+01,0.8329E+00,0.2021E+01,0.5762E+02,0.2854E+01,0.5055E+02,
   30,1998,   7,0.4422E-02,0.1879E+01,0.9790E+01,0.2847E+01,0.6593E+01,0.1160E+01,0.3820E+00,0.9349E+00,0.1060E+02,0.1317E+01,0.9906E+01,
   66,1998,   7,0.0000E+00,0.0000E+00,0.0000E+00,0.0000E+00,0.0000E+00,0.0000E+00,0.0000E+00,0.0000E+00,0.0000E+00,0.0000E+00,0.0000E+00,
   24,1998,   7,0.1873E-02,0.8086E+00,0.4852E+01,0.2419E+01,0.9073E-01,0.5141E+00,0.1173E+00,0.2871E+00,0.3024E+01,0.4043E+00,0.4043E+01,
   10,1998,   7,0.4407E+01,0.1885E+04,0.1039E+04,0.6661E+02,0.7994E+03,0.7539E+02,0.1120E+02,0.2297E+02,0.9414E+03,0.3418E+02,0.1140E+05,
   19,1998,   7,0.3186E+01,0.1377E+04,0.3920E+04,0.4503E+03,0.2071E+04,0.3661E+03,0.6927E+02,0.1499E+03,0.2887E+04,0.2192E+03,0.6053E+04,
   11,1998,   7,0.8268E+00,0.3570E+03,0.1407E+04,0.1190E+03,0.1338E+04,0.1277E+03,0.3290E+02,0.6756E+02,0.1584E+04,0.1005E+03,0.1747E+04,
    0,1998,   7,0.5957E-02,0.2315E+01,0.6498E+01,0.2479E+00,0.3010E+01,0.2832E+00,0.1417E+00,0.3305E+00,0.3541E+01,0.4722E+00,0.1301E-02,
   62,1998,   7,0.0000E+00,0.0000E+00,0.0000E+00,0.0000E+00,0.0000E+00,0.0000E+00,0.0000E+00,0.0000E+00,0.0000E+00,0.0000E+00,0.0000E+00,
   92,1998,   8,0.3335E-01,0.1619E+02,0.7750E+02,0.2910E+02,0.5951E+01,0.1064E+02,0.3065E+01,0.9602E+01,0.4570E+02,0.1267E+02,0.4820E+02,
   61,1998,   8,0.7860E+00,0.5022E+03,0.4390E+03,0.6069E+03,0.3065E+03,0.1612E+03,0.9278E+01,0.5422E+02,0.1075E+04,0.6350E+02,0.4542E+03,
   86,1998,   8,0.1108E+00,0.1981E+04,0.4022E+03,0.6349E+02,0.4160E+03,0.3328E+02,0.8754E+01,0.3937E+02,0.5128E+03,0.4812E+02,0.2722E+04,
   34,1998,   8,0.2006E+02,0.1141E+05,0.3672E+04,0.5125E+04,0.1286E+05,0.2063E+04,0.8656E+02,0.1718E+03,0.2005E+05,0.2583E+03,0.1372E+05,
   64,1998,   8,0.1076E+02,0.5469E+04,0.5296E+04,0.4569E+04,0.4480E+04,0.1848E+04,0.7792E+02,0.2398E+03,0.1090E+05,0.3177E+03,0.6722E+04,
   63,1998,   8,0.1043E-01,0.5405E+01,0.2702E+02,0.8071E+01,0.3027E+00,0.1715E+01,0.1567E+01,0.3837E+01,0.1009E+02,0.5405E+01,0.1351E+02,
   59,1998,   8,0.2029E+00,0.1261E+03,0.8583E+02,0.1366E+02,0.2260E+02,0.1892E+02,0.7008E+00,0.2627E+01,0.5517E+02,0.3328E+01,0.3853E+02,
   55,1998,   8,0.3558E-01,0.1869E+02,0.2851E+01,0.4451E+00,0.1498E+02,0.2350E+01,0.3410E+00,0.5557E+01,0.1778E+02,0.5898E+01,0.7139E+01,
   65,1998,   8,0.1059E+00,0.5540E+02,0.9877E+02,0.4374E+02,0.7516E+02,0.2144E+02,0.5984E+01,0.1175E+02,0.1403E+03,0.1774E+02,0.1433E+03,
   32,1998,   8,0.7353E+00,0.4308E+03,0.2510E+02,0.1899E+02,0.1360E+03,0.4325E+02,0.2951E+01,0.6689E+02,0.1982E+03,0.6984E+02,0.9164E+02,
   53,1998,   8,0.1991E-01,0.1112E+02,0.8326E-01,0.1184E+01,0.3420E+01,0.2802E+01,0.1817E-01,0.2113E+01,0.7406E+01,0.2131E+01,0.1014E+02,
   47,1998,   8,0.0000E+00,0.0000E+00,0.0000E+00,0.0000E+00,0.0000E+00,0.0000E+00,0.0000E+00,0.0000E+00,0.0000E+00,0.0000E+00,0.0000E+00,
   81,1998,   8,0.0000E+00,0.0000E+00,0.0000E+00,0.0000E+00,0.0000E+00,0.0000E+00,0.0000E+00,0.0000E+00,0.0000E+00,0.0000E+00,0.0000E+00,
   82,1998,   8,0.4383E-01,0.3028E+02,0.0000E+00,0.0000E+00,0.0000E+00,0.1892E+01,0.0000E+00,0.1892E+02,0.1892E+01,0.1892E+02,0.3028E+02,
   79,1998,   8,0.3454E-02,0.1789E+01,0.8947E+01,0.2672E+01,0.1002E+00,0.5677E+00,0.5190E+00,0.1270E+01,0.3340E+01,0.1789E+01,0.4474E+01,
   77,1998,   8,0.2739E+00,0.1305E+03,0.9848E+02,0.9280E+02,0.3542E+02,0.4390E+02,0.1103E+02,0.3757E+02,0.1721E+03,0.4860E+02,0.1967E+03,
   85,1998,   8,0.2508E+00,0.1479E+03,0.4110E+03,0.3107E+03,0.1250E+03,0.4466E+02,0.9331E+01,0.2445E+02,0.4803E+03,0.3378E+02,0.2072E+03,
   52,1998,   8,0.0000E+00,0.0000E+00,0.0000E+00,0.0000E+00,0.0000E+00,0.0000E+00,0.0000E+00,0.0000E+00,0.0000E+00,0.0000E+00,0.0000E+00,
   56,1998,   8,0.0000E+00,0.0000E+00,0.0000E+00,0.0000E+00,0.0000E+00,0.0000E+00,0.0000E+00,0.0000E+00,0.0000E+00,0.0000E+00,0.0000E+00,
   87,1998,   8,0.0000E+00,0.0000E+00,0.0000E+00,0.0000E+00,0.0000E+00,0.0000E+00,0.0000E+00,0.0000E+00,0.0000E+00,0.0000E+00,0.0000E+00,
   44,1998,   8,0.1578E-02,0.8175E+00,0.4088E+01,0.8584E-01,0.7059E-01,0.2282E+01,0.2647E+00,0.6481E+00,0.2439E+01,0.9129E+00,0.2044E+01,
   41,1998,   8,0.0000E+00,0.0000E+00,0.0000E+00,0.0000E+00,0.0000E+00,0.0000E+00,0.0000E+00,0.0000E+00,0.0000E+00,0.0000E+00,0.0000E+00,
   49,1998,   8,0.1359E-02,0.9439E+00,0.9954E+00,0.1585E+01,0.1795E+00,0.3473E+00,0.5632E-01,0.2957E+00,0.2112E+01,0.3520E+00,0.7910E+00,
   91,1998,   8,0.3956E-01,0.1960E+02,0.1440E+02,0.2044E+02,0.3020E+02,0.8811E+01,0.6335E+00,0.4778E+01,0.5946E+02,0.5411E+01,0.4224E+02,
   51,1998,   8,0.2893E-02,0.1749E+01,0.1749E+01,0.3375E+01,0.3822E+00,0.7394E+00,0.1199E+00,0.6295E+00,0.4496E+01,0.7494E+00,0.2498E+01,
   68,1998,   8,0.0000E+00,0.0000E+00,0.0000E+00,0.0000E+00,0.0000E+00,0.0000E+00,0.0000E+00,0.0000E+00,0.0000E+00,0.0000E+00,0.0000E+00,
   54,1998,   8,0.1210E+00,0.6479E+02,0.4807E+02,0.1149E+02,0.1055E+03,0.1045E+02,0.3762E+01,0.1776E+02,0.1275E+03,0.2153E+02,0.3657E+02,
   33,1998,   8,0.0000E+00,0.0000E+00,0.0000E+00,0.0000E+00,0.0000E+00,0.0000E+00,0.0000E+00,0.0000E+00,0.0000E+00,0.0000E+00,0.0000E+00,
   80,1998,   8,0.0000E+00,0.0000E+00,0.0000E+00,0.0000E+00,0.0000E+00,0.0000E+00,0.0000E+00,0.0000E+00,0.0000E+00,0.0000E+00,0.0000E+00,
   50,1998,   8,0.0000E+00,0.0000E+00,0.0000E+00,0.0000E+00,0.0000E+00,0.0000E+00,0.0000E+00,0.0000E+00,0.0000E+00,0.0000E+00,0.0000E+00,
   58,1998,   8,0.4555E-01,0.2453E+02,0.1887E+02,0.2671E+01,0.2550E+02,0.2426E+01,0.2889E+00,0.8526E+00,0.3060E+02,0.1142E+01,0.2052E+02,
   17,1998,   8,0.6698E-01,0.3572E+02,0.1020E+03,0.2654E+02,0.3165E+02,0.1994E+02,0.2399E+01,0.2097E+02,0.7813E+02,0.2337E+02,0.1566E+03,
   95,1998,   8,0.5888E-02,0.3333E+01,0.6202E+01,0.4761E+01,0.3335E+01,0.1042E+01,0.1252E+00,0.6562E+00,0.9137E+01,0.7813E+00,0.1591E+02,
   90,1998,   8,0.0000E+00,0.0000E+00,0.0000E+00,0.0000E+00,0.0000E+00,0.0000E+00,0.0000E+00,0.0000E+00,0.0000E+00,0.0000E+00,0.0000E+00,
   15,1998,   8,0.0000E+00,0.0000E+00,0.0000E+00,0.0000E+00,0.0000E+00,0.0000E+00,0.0000E+00,0.0000E+00,0.0000E+00,0.0000E+00,0.0000E+00,
   14,1998,   8,0.4589E-01,0.1981E+02,0.2593E+02,0.2936E+01,0.5645E+03,0.2377E+01,0.1596E+02,0.3904E+02,0.5698E+03,0.5500E+02,0.3165E+02,
   31,1998,   8,0.6035E+00,0.2855E+03,0.5034E+03,0.8621E+02,0.2593E+03,0.3614E+02,0.1695E+02,0.6813E+02,0.3816E+03,0.8508E+02,0.1155E+04,
   12,1998,   8,0.1499E-01,0.6174E+01,0.1527E+02,0.7403E+01,0.1888E+02,0.2459E+01,0.1260E+01,0.3086E+01,0.2874E+02,0.4346E+01,0.5264E+02,
   23,1998,   8,0.1416E-01,0.5536E+01,0.5332E+01,0.1069E+01,0.1648E+01,0.3526E+00,0.1201E+00,0.2872E+00,0.3070E+01,0.4073E+00,0.6534E+02,
   25,1998,   8,0.8371E+01,0.6931E+04,0.1146E+05,0.2294E+04,0.5357E+04,0.2454E+04,0.2230E+03,0.5171E+03,0.1010E+05,0.7401E+03,0.2324E+05,
   18,1998,   8,0.2240E-01,0.8065E+02,0.3288E+03,0.1178E+03,0.7967E+02,0.4158E+02,0.3083E+01,0.8517E+01,0.2390E+03,0.1160E+02,0.2849E+03,
    4,1998,   8,0.4355E-01,0.1700E+02,0.3744E+01,0.4048E+00,0.4665E+01,0.4434E+00,0.3153E+00,0.7995E+00,0.5514E+01,0.1115E+01,0.1321E+03,
   74,1998,   8,0.9122E+00,0.3928E+03,0.1688E+04,0.3806E+03,0.1336E+03,0.3583E+03,0.4118E+02,0.4586E+02,0.8725E+03,0.8704E+02,0.2312E+04,
   73,1998,   8,0.1227E-03,0.4769E-01,0.3179E+00,0.4993E+00,0.6062E+01,0.5706E+00,0.2257E+00,0.5267E+00,0.7132E+01,0.7524E+00,0.9481E+00,
   69,1998,   8,0.2250E-01,0.9311E+01,0.1880E+02,0.5392E+01,0.2421E+02,0.2990E+01,0.1585E+01,0.3773E+01,0.3259E+02,0.5358E+01,0.1302E+02,
   20,1998,   8,0.5977E+00,0.2622E+03,0.1024E+04,0.9994E+02,0.8386E+03,0.8502E+02,0.2409E+02,0.5151E+02,0.1024E+04,0.7560E+02,0.1271E+04,
   36,1998,   8,0.0000E+00,0.0000E+00,0.0000E+00,0.0000E+00,0.0000E+00,0.0000E+00,0.0000E+00,0.0000E+00,0.0000E+00,0.0000E+00,0.0000E+00,
   16,1998,   8,0.3931E-03,0.1567E+00,0.1018E+01,0.1604E+01,0.1807E+02,0.1725E+01,0.6774E+00,0.1581E+01,0.2139E+02,0.2259E+01,0.2570E+01,
   26,1998,   8,0.3303E-01,0.1635E+02,0.2119E+02,0.1218E+02,0.3974E+02,0.5703E+01,0.8329E+00,0.2021E+01,0.5762E+02,0.2854E+01,0.5055E+02,
   30,1998,   8,0.4510E-02,0.1916E+01,0.9941E+01,0.2857E+01,0.6713E+01,0.1172E+01,0.3874E+00,0.9484E+00,0.1074E+02,0.1336E+01,0.1010E+02,
   66,1998,   8,0.0000E+00,0.0000E+00,0.0000E+00,0.0000E+00,0.0000E+00,0.0000E+00,0.0000E+00,0.0000E+00,0.0000E+00,0.0000E+00,0.0000E+00,
   24,1998,   8,0.1873E-02,0.8086E+00,0.4852E+01,0.2419E+01,0.9073E-01,0.5141E+00,0.1173E+00,0.2871E+00,0.3024E+01,0.4043E+00,0.4043E+01,
   10,1998,   8,0.4468E+01,0.1911E+04,0.1156E+04,0.6689E+02,0.8028E+03,0.7571E+02,0.1239E+02,0.2539E+02,0.9454E+03,0.3779E+02,0.1155E+05,
   19,1998,   8,0.3300E+01,0.1426E+04,0.3802E+04,0.4388E+03,0.1904E+04,0.3611E+03,0.7193E+02,0.1551E+03,0.2703E+04,0.2270E+03,0.6290E+04,
   11,1998,   8,0.9281E+00,0.4007E+03,0.1582E+04,0.1244E+03,0.1404E+04,0.1339E+03,0.3787E+02,0.7766E+02,0.1662E+04,0.1155E+03,0.1965E+04,
    0,1998,   8,0.5957E-02,0.2315E+01,0.6498E+01,0.2479E+00,0.3010E+01,0.2832E+00,0.1417E+00,0.3305E+00,0.3541E+01,0.4722E+00,0.1301E-02,
   62,1998,   8,0.0000E+00,0.0000E+00,0.0000E+00,0.0000E+00,0.0000E+00,0.0000E+00,0.0000E+00,0.0000E+00,0.0000E+00,0.0000E+00,0.0000E+00,
   92,1998,   9,0.3404E-01,0.1655E+02,0.8560E+02,0.2988E+02,0.6053E+01,0.1077E+02,0.3092E+01,0.9743E+01,0.4671E+02,0.1284E+02,0.7123E+02,
   61,1998,   9,0.7593E+00,0.4809E+03,0.4688E+03,0.5860E+03,0.3052E+03,0.1622E+03,0.8677E+01,0.6625E+02,0.1054E+04,0.7493E+02,0.5214E+03,
   86,1998,   9,0.1068E+00,0.1906E+04,0.4004E+03,0.6993E+02,0.4084E+03,0.3485E+02,0.6007E+01,0.3402E+02,0.5132E+03,0.4002E+02,0.2631E+04,
   34,1998,   9,0.1995E+02,0.1030E+05,0.3143E+04,0.5466E+04,0.1292E+05,0.2549E+04,0.8449E+02,0.1373E+03,0.2093E+05,0.2218E+03,0.1340E+05,
   64,1998,   9,0.1053E+02,0.4760E+04,0.6052E+04,0.4068E+04,0.4926E+04,0.1888E+04,0.6906E+02,0.4133E+03,0.1088E+05,0.4824E+03,0.7757E+04,
   63,1998,   9,0.1043E-01,0.5405E+01,0.2702E+02,0.8071E+01,0.3027E+00,0.1715E+01,0.1567E+01,0.3837E+01,0.1009E+02,0.5405E+01,0.1351E+02,
   59,1998,   9,0.2012E+00,0.1268E+03,0.1095E+03,0.3197E+02,0.5595E+02,0.1181E+02,0.1738E+01,0.3649E+01,0.9974E+02,0.5387E+01,0.6255E+02,
   55,1998,   9,0.3560E-01,0.2003E+02,0.2797E+01,0.4184E+00,0.1468E+02,0.2020E+01,0.3328E+00,0.4461E+01,0.1712E+02,0.4794E+01,0.7128E+01,
   65,1998,   9,0.1024E+00,0.5418E+02,0.1015E+03,0.4128E+02,0.6645E+02,0.4034E+02,0.6290E+01,0.1383E+02,0.1481E+03,0.2012E+02,0.1274E+03,
   32,1998,   9,0.7227E+00,0.4005E+03,0.2483E+02,0.1767E+02,0.1347E+03,0.4788E+02,0.2831E+01,0.4806E+02,0.2003E+03,0.5089E+02,0.9046E+02,
   53,1998,   9,0.2059E-01,0.1150E+02,0.7570E-01,0.1381E+01,0.1798E+01,0.2722E+01,0.1817E-01,0.2183E+01,0.5901E+01,0.2201E+01,0.8813E+01,
   47,1998,   9,0.0000E+00,0.0000E+00,0.0000E+00,0.0000E+00,0.0000E+00,0.0000E+00,0.0000E+00,0.0000E+00,0.0000E+00,0.0000E+00,0.0000E+00,
   81,1998,   9,0.0000E+00,0.0000E+00,0.0000E+00,0.0000E+00,0.0000E+00,0.0000E+00,0.0000E+00,0.0000E+00,0.0000E+00,0.0000E+00,0.0000E+00,
   82,1998,   9,0.4383E-01,0.3028E+02,0.0000E+00,0.0000E+00,0.0000E+00,0.1892E+01,0.0000E+00,0.1892E+02,0.1892E+01,0.1892E+02,0.3028E+02,
   79,1998,   9,0.3454E-02,0.1789E+01,0.8947E+01,0.2672E+01,0.1002E+00,0.5677E+00,0.5190E+00,0.1270E+01,0.3340E+01,0.1789E+01,0.4474E+01,
   77,1998,   9,0.2884E+00,0.1762E+03,0.5096E+02,0.3463E+02,0.6877E+02,0.7468E+02,0.1807E+01,0.4965E+02,0.1781E+03,0.5146E+02,0.3447E+03,
   85,1998,   9,0.2538E+00,0.1552E+03,0.4706E+03,0.2756E+03,0.1384E+03,0.7638E+02,0.6103E+01,0.3178E+02,0.4903E+03,0.3789E+02,0.2740E+03,
   52,1998,   9,0.0000E+00,0.0000E+00,0.0000E+00,0.0000E+00,0.0000E+00,0.0000E+00,0.0000E+00,0.0000E+00,0.0000E+00,0.0000E+00,0.0000E+00,
   56,1998,   9,0.0000E+00,0.0000E+00,0.0000E+00,0.0000E+00,0.0000E+00,0.0000E+00,0.0000E+00,0.0000E+00,0.0000E+00,0.0000E+00,0.0000E+00,
   87,1998,   9,0.0000E+00,0.0000E+00,0.0000E+00,0.0000E+00,0.0000E+00,0.0000E+00,0.0000E+00,0.0000E+00,0.0000E+00,0.0000E+00,0.0000E+00,
   44,1998,   9,0.1578E-02,0.8175E+00,0.4088E+01,0.8584E-01,0.7059E-01,0.2282E+01,0.2647E+00,0.6481E+00,0.2439E+01,0.9129E+00,0.2044E+01,
   41,1998,   9,0.0000E+00,0.0000E+00,0.0000E+00,0.0000E+00,0.0000E+00,0.0000E+00,0.0000E+00,0.0000E+00,0.0000E+00,0.0000E+00,0.0000E+00,
   49,1998,   9,0.1315E-02,0.8152E+00,0.1510E+01,0.1534E+01,0.1737E+00,0.3361E+00,0.5450E-01,0.2861E+00,0.2044E+01,0.3406E+00,0.8629E+00,
   91,1998,   9,0.3938E-01,0.1983E+02,0.5737E+01,0.1510E+02,0.3007E+02,0.4739E+01,0.4276E+00,0.3787E+01,0.4990E+02,0.4214E+01,0.4019E+02,
   51,1998,   9,0.1972E-02,0.1192E+01,0.6813E+00,0.2301E+01,0.2606E+00,0.5041E+00,0.8175E-01,0.4292E+00,0.3066E+01,0.5109E+00,0.8516E+00,
   68,1998,   9,0.0000E+00,0.0000E+00,0.0000E+00,0.0000E+00,0.0000E+00,0.0000E+00,0.0000E+00,0.0000E+00,0.0000E+00,0.0000E+00,0.0000E+00,
   54,1998,   9,0.1139E+00,0.6293E+02,0.3540E+02,0.5900E+01,0.9636E+02,0.8849E+01,0.1032E+02,0.6883E+01,0.1111E+03,0.1721E+02,0.3835E+02,
   33,1998,   9,0.0000E+00,0.0000E+00,0.0000E+00,0.0000E+00,0.0000E+00,0.0000E+00,0.0000E+00,0.0000E+00,0.0000E+00,0.0000E+00,0.0000E+00,
   80,1998,   9,0.0000E+00,0.0000E+00,0.0000E+00,0.0000E+00,0.0000E+00,0.0000E+00,0.0000E+00,0.0000E+00,0.0000E+00,0.0000E+00,0.0000E+00,
   50,1998,   9,0.0000E+00,0.0000E+00,0.0000E+00,0.0000E+00,0.0000E+00,0.0000E+00,0.0000E+00,0.0000E+00,0.0000E+00,0.0000E+00,0.0000E+00,
   58,1998,   9,0.4800E-01,0.2657E+02,0.2087E+02,0.2532E+01,0.2218E+02,0.2455E+01,0.2975E+00,0.9512E+00,0.2716E+02,0.1249E+01,0.1974E+02,
   17,1998,   9,0.6702E-01,0.3745E+02,0.1114E+03,0.4102E+02,0.2122E+02,0.1465E+02,0.1618E+01,0.1951E+02,0.7689E+02,0.2113E+02,0.1486E+03,
   95,1998,   9,0.7772E-02,0.4661E+01,0.8565E+01,0.5123E+01,0.5823E+01,0.1121E+01,0.2220E+00,0.1165E+01,0.1207E+02,0.1387E+01,0.2007E+02,
   90,1998,   9,0.0000E+00,0.0000E+00,0.0000E+00,0.0000E+00,0.0000E+00,0.0000E+00,0.0000E+00,0.0000E+00,0.0000E+00,0.0000E+00,0.0000E+00,
   15,1998,   9,0.0000E+00,0.0000E+00,0.0000E+00,0.0000E+00,0.0000E+00,0.0000E+00,0.0000E+00,0.0000E+00,0.0000E+00,0.0000E+00,0.0000E+00,
   14,1998,   9,0.4348E-01,0.1877E+02,0.2332E+02,0.2823E+01,0.4612E+03,0.2248E+01,0.1593E+02,0.3897E+02,0.4663E+03,0.5490E+02,0.3576E+02,
   31,1998,   9,0.5244E+00,0.2387E+03,0.5065E+03,0.1124E+03,0.2718E+03,0.3706E+02,0.1421E+02,0.4135E+02,0.4212E+03,0.5556E+02,0.1056E+04,
   12,1998,   9,0.1622E-01,0.6704E+01,0.1517E+02,0.7728E+01,0.2054E+02,0.2444E+01,0.1333E+01,0.3263E+01,0.3071E+02,0.4596E+01,0.5527E+02,
   23,1998,   9,0.1416E-01,0.5536E+01,0.5332E+01,0.1069E+01,0.1648E+01,0.3526E+00,0.1201E+00,0.2872E+00,0.3070E+01,0.4073E+00,0.6534E+02,
   25,1998,   9,0.1154E+02,0.8403E+04,0.2551E+05,0.3072E+04,0.5225E+04,0.4479E+04,0.4116E+03,0.5737E+03,0.1278E+05,0.9853E+03,0.5821E+05,
   18,1998,   9,0.2262E-01,0.8074E+02,0.3303E+03,0.1187E+03,0.7844E+02,0.4232E+02,0.3238E+01,0.8899E+01,0.2394E+03,0.1214E+02,0.2853E+03,
    4,1998,   9,0.4364E-01,0.1704E+02,0.5586E+01,0.5401E+00,0.6308E+01,0.5979E+00,0.3203E+00,0.8096E+00,0.7445E+01,0.1130E+01,0.1323E+03,
   74,1998,   9,0.9292E+00,0.4001E+03,0.1718E+04,0.3985E+03,0.7343E+02,0.1527E+03,0.4203E+02,0.6573E+02,0.6246E+03,0.1078E+03,0.2353E+04,
   73,1998,   9,0.1227E-03,0.4769E-01,0.3179E+00,0.4993E+00,0.6062E+01,0.5706E+00,0.2257E+00,0.5267E+00,0.7132E+01,0.7524E+00,0.9481E+00,
   69,1998,   9,0.2250E-01,0.9311E+01,0.1880E+02,0.5392E+01,0.2421E+02,0.2990E+01,0.1585E+01,0.3773E+01,0.3259E+02,0.5358E+01,0.1302E+02,
   20,1998,   9,0.6258E+00,0.2743E+03,0.1073E+04,0.1100E+03,0.9610E+03,0.9655E+02,0.3123E+02,0.6601E+02,0.1168E+04,0.9724E+02,0.1331E+04,
   36,1998,   9,0.0000E+00,0.0000E+00,0.0000E+00,0.0000E+00,0.0000E+00,0.0000E+00,0.0000E+00,0.0000E+00,0.0000E+00,0.0000E+00,0.0000E+00,
   16,1998,   9,0.3931E-03,0.1567E+00,0.1018E+01,0.1604E+01,0.1807E+02,0.1725E+01,0.6774E+00,0.1581E+01,0.2139E+02,0.2259E+01,0.2570E+01,
   26,1998,   9,0.3303E-01,0.1635E+02,0.2119E+02,0.1218E+02,0.3974E+02,0.5703E+01,0.8329E+00,0.2021E+01,0.5762E+02,0.2854E+01,0.5055E+02,
   30,1998,   9,0.4510E-02,0.1916E+01,0.9941E+01,0.2857E+01,0.6713E+01,0.1172E+01,0.3874E+00,0.9484E+00,0.1074E+02,0.1336E+01,0.1010E+02,
   66,1998,   9,0.0000E+00,0.0000E+00,0.0000E+00,0.0000E+00,0.0000E+00,0.0000E+00,0.0000E+00,0.0000E+00,0.0000E+00,0.0000E+00,0.0000E+00,
   24,1998,   9,0.1873E-02,0.8086E+00,0.4852E+01,0.2419E+01,0.9073E-01,0.5141E+00,0.1173E+00,0.2871E+00,0.3024E+01,0.4043E+00,0.4043E+01,
   10,1998,   9,0.5313E+01,0.2276E+04,0.1086E+04,0.6498E+02,0.7796E+03,0.7352E+02,0.1362E+02,0.2789E+02,0.9181E+03,0.4151E+02,0.1374E+05,
   19,1998,   9,0.3358E+01,0.1452E+04,0.3837E+04,0.4554E+03,0.2034E+04,0.3789E+03,0.7062E+02,0.1525E+03,0.2868E+04,0.2231E+03,0.6418E+04,
   11,1998,   9,0.9224E+00,0.3982E+03,0.1572E+04,0.1224E+03,0.1380E+04,0.1317E+03,0.4347E+02,0.8902E+02,0.1634E+04,0.1325E+03,0.1953E+04,
    0,1998,   9,0.5957E-02,0.2315E+01,0.6498E+01,0.2479E+00,0.3010E+01,0.2832E+00,0.1417E+00,0.3305E+00,0.3541E+01,0.4722E+00,0.1301E-02,
   62,1998,   9,0.0000E+00,0.0000E+00,0.0000E+00,0.0000E+00,0.0000E+00,0.0000E+00,0.0000E+00,0.0000E+00,0.0000E+00,0.0000E+00,0.0000E+00,
   92,1998,  10,0.3715E-01,0.1903E+02,0.9001E+02,0.3355E+02,0.6444E+01,0.1165E+02,0.3223E+01,0.1043E+02,0.5164E+02,0.1366E+02,0.6907E+02,
   61,1998,  10,0.7314E+00,0.4586E+03,0.4645E+03,0.6509E+03,0.2451E+03,0.1223E+03,0.1459E+02,0.7199E+02,0.1018E+04,0.8659E+02,0.5254E+03,
   86,1998,  10,0.1554E+00,0.1894E+04,0.5095E+03,0.8448E+02,0.4012E+03,0.5782E+02,0.8973E+01,0.5309E+02,0.5435E+03,0.6206E+02,0.2752E+04,
   34,1998,  10,0.1907E+02,0.1053E+05,0.5499E+04,0.5854E+04,0.1271E+05,0.2001E+04,0.9511E+02,0.1149E+03,0.2056E+05,0.2101E+03,0.1279E+05,
   64,1998,  10,0.1022E+02,0.5421E+04,0.5792E+04,0.3982E+04,0.5092E+04,0.2179E+04,0.8950E+02,0.2716E+03,0.1125E+05,0.3611E+03,0.7233E+04,
   63,1998,  10,0.1043E-01,0.5405E+01,0.2702E+02,0.8071E+01,0.3027E+00,0.1715E+01,0.1567E+01,0.3837E+01,0.1009E+02,0.5405E+01,0.1351E+02,
   59,1998,  10,0.1963E+00,0.1204E+03,0.7628E+02,0.3577E+02,0.1322E+02,0.1000E+02,0.2712E+01,0.5764E+01,0.5899E+02,0.8476E+01,0.7967E+02,
   55,1998,  10,0.3138E-01,0.1907E+02,0.5979E+01,0.6741E+00,0.1314E+02,0.4178E+01,0.3112E+00,0.3463E+01,0.1799E+02,0.3774E+01,0.1143E+02,
   65,1998,  10,0.1044E+00,0.5894E+02,0.1047E+03,0.3727E+02,0.1061E+03,0.6430E+02,0.5218E+01,0.1521E+02,0.2077E+03,0.2043E+02,0.1381E+03,
   32,1998,  10,0.7232E+00,0.4188E+03,0.2540E+02,0.1918E+02,0.1142E+03,0.4865E+02,0.2735E+01,0.4790E+02,0.1820E+03,0.5063E+02,0.1494E+03,
   53,1998,  10,0.2184E-01,0.1221E+02,0.7504E+01,0.1989E+01,0.3753E+01,0.2329E+01,0.2029E+00,0.1204E+01,0.8072E+01,0.1407E+01,0.1305E+02,
   47,1998,  10,0.0000E+00,0.0000E+00,0.0000E+00,0.0000E+00,0.0000E+00,0.0000E+00,0.0000E+00,0.0000E+00,0.0000E+00,0.0000E+00,0.0000E+00,
   81,1998,  10,0.0000E+00,0.0000E+00,0.0000E+00,0.0000E+00,0.0000E+00,0.0000E+00,0.0000E+00,0.0000E+00,0.0000E+00,0.0000E+00,0.0000E+00,
   82,1998,  10,0.4383E-01,0.3028E+02,0.0000E+00,0.0000E+00,0.0000E+00,0.1892E+01,0.0000E+00,0.1892E+02,0.1892E+01,0.1892E+02,0.3028E+02,
   79,1998,  10,0.3454E-02,0.1789E+01,0.8947E+01,0.2672E+01,0.1002E+00,0.5677E+00,0.5190E+00,0.1270E+01,0.3340E+01,0.1789E+01,0.4474E+01,
   77,1998,  10,0.2505E+00,0.1477E+03,0.9609E+02,0.1269E+03,0.2677E+02,0.8287E+02,0.6162E+01,0.8469E+02,0.2366E+03,0.9085E+02,0.2400E+03,
   85,1998,  10,0.2606E+00,0.1618E+03,0.4619E+03,0.3033E+03,0.1660E+03,0.6842E+02,0.1533E+02,0.2338E+02,0.5377E+03,0.3870E+02,0.2805E+03,
   52,1998,  10,0.0000E+00,0.0000E+00,0.0000E+00,0.0000E+00,0.0000E+00,0.0000E+00,0.0000E+00,0.0000E+00,0.0000E+00,0.0000E+00,0.0000E+00,
   56,1998,  10,0.0000E+00,0.0000E+00,0.0000E+00,0.0000E+00,0.0000E+00,0.0000E+00,0.0000E+00,0.0000E+00,0.0000E+00,0.0000E+00,0.0000E+00,
   87,1998,  10,0.0000E+00,0.0000E+00,0.0000E+00,0.0000E+00,0.0000E+00,0.0000E+00,0.0000E+00,0.0000E+00,0.0000E+00,0.0000E+00,0.0000E+00,
   44,1998,  10,0.1578E-02,0.8175E+00,0.4088E+01,0.8584E-01,0.7059E-01,0.2282E+01,0.2647E+00,0.6481E+00,0.2439E+01,0.9129E+00,0.2044E+01,
   41,1998,  10,0.0000E+00,0.0000E+00,0.0000E+00,0.0000E+00,0.0000E+00,0.0000E+00,0.0000E+00,0.0000E+00,0.0000E+00,0.0000E+00,0.0000E+00,
   49,1998,  10,0.1183E-02,0.7986E+00,0.1196E+01,0.1381E+01,0.1563E+00,0.3025E+00,0.4905E-01,0.2575E+00,0.1839E+01,0.3066E+00,0.5374E+00,
   91,1998,  10,0.3873E-01,0.1935E+02,0.5558E+01,0.1437E+02,0.3007E+02,0.4633E+01,0.4282E+00,0.3624E+01,0.4908E+02,0.4052E+01,0.3996E+02,
   51,1998,  10,0.2104E-02,0.1417E+01,0.5450E+00,0.2454E+01,0.2780E+00,0.5377E+00,0.8720E-01,0.4578E+00,0.3270E+01,0.5450E+00,0.1635E+01,
   68,1998,  10,0.0000E+00,0.0000E+00,0.0000E+00,0.0000E+00,0.0000E+00,0.0000E+00,0.0000E+00,0.0000E+00,0.0000E+00,0.0000E+00,0.0000E+00,
   54,1998,  10,0.1120E+00,0.5611E+02,0.3966E+02,0.1935E+01,0.1306E+03,0.8706E+01,0.1935E+01,0.1064E+02,0.1412E+03,0.1258E+02,0.3192E+02,
   33,1998,  10,0.0000E+00,0.0000E+00,0.0000E+00,0.0000E+00,0.0000E+00,0.0000E+00,0.0000E+00,0.0000E+00,0.0000E+00,0.0000E+00,0.0000E+00,
   80,1998,  10,0.0000E+00,0.0000E+00,0.0000E+00,0.0000E+00,0.0000E+00,0.0000E+00,0.0000E+00,0.0000E+00,0.0000E+00,0.0000E+00,0.0000E+00,
   50,1998,  10,0.0000E+00,0.0000E+00,0.0000E+00,0.0000E+00,0.0000E+00,0.0000E+00,0.0000E+00,0.0000E+00,0.0000E+00,0.0000E+00,0.0000E+00,
   58,1998,  10,0.4717E-01,0.2622E+02,0.1856E+02,0.2553E+01,0.2495E+02,0.2512E+01,0.2796E+00,0.9207E+00,0.3002E+02,0.1200E+01,0.1935E+02,
   17,1998,  10,0.3491E-01,0.1935E+02,0.2128E+02,0.1052E+02,0.2730E+02,0.5294E+01,0.7920E+01,0.6561E+01,0.4312E+02,0.1448E+02,0.2520E+02,
   95,1998,  10,0.8298E-02,0.6075E+01,0.7519E+01,0.4828E+01,0.7000E+01,0.1057E+01,0.2300E+00,0.1221E+01,0.1288E+02,0.1451E+01,0.1982E+02,
   90,1998,  10,0.0000E+00,0.0000E+00,0.0000E+00,0.0000E+00,0.0000E+00,0.0000E+00,0.0000E+00,0.0000E+00,0.0000E+00,0.0000E+00,0.0000E+00,
   15,1998,  10,0.0000E+00,0.0000E+00,0.0000E+00,0.0000E+00,0.0000E+00,0.0000E+00,0.0000E+00,0.0000E+00,0.0000E+00,0.0000E+00,0.0000E+00,
   14,1998,  10,0.4532E-01,0.1956E+02,0.2187E+02,0.2896E+01,0.5627E+03,0.2331E+01,0.1475E+02,0.3608E+02,0.5679E+03,0.5084E+02,0.2986E+02,
   31,1998,  10,0.5269E+00,0.2398E+03,0.7633E+03,0.7931E+02,0.2628E+03,0.5755E+02,0.1721E+02,0.4760E+02,0.3996E+03,0.6481E+02,0.1062E+04,
   12,1998,  10,0.1446E-01,0.5947E+01,0.2219E+02,0.6409E+01,0.1862E+02,0.2788E+01,0.1201E+01,0.2941E+01,0.2782E+02,0.4142E+01,0.5139E+02,
   23,1998,  10,0.1416E-01,0.5536E+01,0.5332E+01,0.1069E+01,0.1648E+01,0.3526E+00,0.1201E+00,0.2872E+00,0.3070E+01,0.4073E+00,0.6534E+02,
   25,1998,  10,0.7793E+01,0.6242E+04,0.8930E+04,0.2689E+04,0.5297E+04,0.1955E+04,0.1618E+03,0.4934E+03,0.9941E+04,0.6552E+03,0.2088E+05,
   18,1998,  10,0.2226E-01,0.1048E+02,0.6485E+01,0.4265E+01,0.1708E+02,0.1819E+01,0.1086E+01,0.2414E+01,0.2316E+02,0.3500E+01,0.4143E+02,
    4,1998,  10,0.4359E-01,0.1702E+02,0.5511E+01,0.5301E+00,0.6187E+01,0.5865E+00,0.3178E+00,0.8045E+00,0.7303E+01,0.1122E+01,0.1322E+03,
   74,1998,  10,0.8522E+00,0.3669E+03,0.1573E+04,0.3996E+03,0.1649E+03,0.3821E+03,0.4243E+02,0.7505E+02,0.9467E+03,0.1175E+03,0.2162E+04,
   73,1998,  10,0.1227E-03,0.4769E-01,0.3179E+00,0.4993E+00,0.6062E+01,0.5706E+00,0.2257E+00,0.5267E+00,0.7132E+01,0.7524E+00,0.9481E+00,
   69,1998,  10,0.2250E-01,0.9311E+01,0.1880E+02,0.5392E+01,0.2421E+02,0.2990E+01,0.1585E+01,0.3773E+01,0.3259E+02,0.5358E+01,0.1302E+02,
   20,1998,  10,0.5609E+00,0.2463E+03,0.9606E+03,0.1113E+03,0.9762E+03,0.9797E+02,0.2836E+02,0.6020E+02,0.1185E+04,0.8856E+02,0.1191E+04,
   36,1998,  10,0.0000E+00,0.0000E+00,0.0000E+00,0.0000E+00,0.0000E+00,0.0000E+00,0.0000E+00,0.0000E+00,0.0000E+00,0.0000E+00,0.0000E+00,
   16,1998,  10,0.3931E-03,0.1567E+00,0.1018E+01,0.1604E+01,0.1807E+02,0.1725E+01,0.6774E+00,0.1581E+01,0.2139E+02,0.2259E+01,0.2570E+01,
   26,1998,  10,0.3303E-01,0.1635E+02,0.2119E+02,0.1218E+02,0.3974E+02,0.5703E+01,0.8329E+00,0.2021E+01,0.5762E+02,0.2854E+01,0.5055E+02,
   30,1998,  10,0.4291E-02,0.1822E+01,0.9562E+01,0.2832E+01,0.6412E+01,0.1143E+01,0.3737E+00,0.9148E+00,0.1039E+02,0.1289E+01,0.9622E+01,
   66,1998,  10,0.0000E+00,0.0000E+00,0.0000E+00,0.0000E+00,0.0000E+00,0.0000E+00,0.0000E+00,0.0000E+00,0.0000E+00,0.0000E+00,0.0000E+00,
   24,1998,  10,0.1873E-02,0.8086E+00,0.4852E+01,0.2419E+01,0.9073E-01,0.5141E+00,0.1173E+00,0.2871E+00,0.3024E+01,0.4043E+00,0.4043E+01,
   10,1998,  10,0.4380E+01,0.1873E+04,0.1089E+04,0.5615E+02,0.6723E+03,0.6343E+02,0.2122E+02,0.4331E+02,0.7919E+03,0.6453E+02,0.1134E+05,
   19,1998,  10,0.3158E+01,0.1365E+04,0.3559E+04,0.4367E+03,0.1922E+04,0.3565E+03,0.6586E+02,0.1428E+03,0.2715E+04,0.2087E+03,0.5986E+04,
   11,1998,  10,0.8400E+00,0.3627E+03,0.1430E+04,0.1180E+03,0.1326E+04,0.1266E+03,0.4053E+02,0.8307E+02,0.1570E+04,0.1236E+03,0.1775E+04,
    0,1998,  10,0.5957E-02,0.2315E+01,0.6498E+01,0.2479E+00,0.3010E+01,0.2832E+00,0.1417E+00,0.3305E+00,0.3541E+01,0.4722E+00,0.1301E-02,
   62,1998,  10,0.0000E+00,0.0000E+00,0.0000E+00,0.0000E+00,0.0000E+00,0.0000E+00,0.0000E+00,0.0000E+00,0.0000E+00,0.0000E+00,0.0000E+00,
   92,1998,  11,0.3908E-01,0.2205E+02,0.1064E+03,0.3229E+02,0.7057E+01,0.1146E+02,0.3231E+01,0.1021E+02,0.5081E+02,0.1344E+02,0.8238E+02,
   61,1998,  11,0.6824E+00,0.4320E+03,0.1475E+03,0.5260E+03,0.2557E+03,0.1444E+03,0.3434E+01,0.7026E+02,0.9260E+03,0.7369E+02,0.6333E+03,
   86,1998,  11,0.1482E+00,0.9079E+03,0.1927E+03,0.5797E+02,0.2098E+03,0.4671E+02,0.3855E+01,0.4855E+02,0.3145E+03,0.5241E+02,0.1435E+04,
   34,1998,  11,0.1892E+02,0.1091E+05,0.5527E+04,0.5041E+04,0.1344E+05,0.2109E+04,0.9639E+02,0.1309E+03,0.2059E+05,0.2273E+03,0.1252E+05,
   64,1998,  11,0.1018E+02,0.5437E+04,0.6238E+04,0.3497E+04,0.4656E+04,0.2266E+04,0.1250E+03,0.2515E+03,0.1042E+05,0.3764E+03,0.6199E+04,
   63,1998,  11,0.1043E-01,0.5405E+01,0.2702E+02,0.8071E+01,0.3027E+00,0.1715E+01,0.1567E+01,0.3837E+01,0.1009E+02,0.5405E+01,0.1351E+02,
   59,1998,  11,0.1930E+00,0.1317E+03,0.8334E+02,0.1517E+02,0.2150E+02,0.2200E+02,0.3334E+01,0.6501E+01,0.5867E+02,0.9834E+01,0.5000E+02,
   55,1998,  11,0.3076E-01,0.1842E+02,0.8201E+01,0.7572E+00,0.1505E+02,0.3479E+01,0.6744E+00,0.2299E+01,0.1929E+02,0.2974E+01,0.1305E+02,
   65,1998,  11,0.1001E+00,0.5926E+02,0.1354E+03,0.5159E+02,0.1062E+03,0.9580E+02,0.2798E+01,0.1070E+02,0.2536E+03,0.1350E+02,0.1423E+03,
   32,1998,  11,0.7090E+00,0.4741E+03,0.3203E+03,0.1736E+02,0.1012E+04,0.3014E+02,0.1411E+02,0.4664E+02,0.1060E+04,0.6075E+02,0.1499E+03,
   53,1998,  11,0.2108E-01,0.1308E+02,0.6572E+01,0.5521E+01,0.6405E+01,0.4713E+01,0.1343E+01,0.1186E+01,0.1664E+02,0.2529E+01,0.8037E+01,
   47,1998,  11,0.0000E+00,0.0000E+00,0.0000E+00,0.0000E+00,0.0000E+00,0.0000E+00,0.0000E+00,0.0000E+00,0.0000E+00,0.0000E+00,0.0000E+00,
   81,1998,  11,0.0000E+00,0.0000E+00,0.0000E+00,0.0000E+00,0.0000E+00,0.0000E+00,0.0000E+00,0.0000E+00,0.0000E+00,0.0000E+00,0.0000E+00,
   82,1998,  11,0.4383E-01,0.3028E+02,0.0000E+00,0.0000E+00,0.0000E+00,0.1892E+01,0.0000E+00,0.1892E+02,0.1892E+01,0.1892E+02,0.3028E+02,
   79,1998,  11,0.3454E-02,0.1789E+01,0.8947E+01,0.2672E+01,0.1002E+00,0.5677E+00,0.5190E+00,0.1270E+01,0.3340E+01,0.1789E+01,0.4474E+01,
   77,1998,  11,0.2074E+00,0.1430E+03,0.3177E+03,0.1231E+03,0.3164E+02,0.5561E+02,0.1858E+02,0.4193E+02,0.2104E+03,0.6051E+02,0.3237E+03,
   85,1998,  11,0.2546E+00,0.1627E+03,0.3987E+03,0.4641E+03,0.1866E+03,0.1044E+03,0.1142E+02,0.2441E+02,0.7551E+03,0.3583E+02,0.2367E+03,
   52,1998,  11,0.0000E+00,0.0000E+00,0.0000E+00,0.0000E+00,0.0000E+00,0.0000E+00,0.0000E+00,0.0000E+00,0.0000E+00,0.0000E+00,0.0000E+00,
   56,1998,  11,0.0000E+00,0.0000E+00,0.0000E+00,0.0000E+00,0.0000E+00,0.0000E+00,0.0000E+00,0.0000E+00,0.0000E+00,0.0000E+00,0.0000E+00,
   87,1998,  11,0.0000E+00,0.0000E+00,0.0000E+00,0.0000E+00,0.0000E+00,0.0000E+00,0.0000E+00,0.0000E+00,0.0000E+00,0.0000E+00,0.0000E+00,
   44,1998,  11,0.1578E-02,0.8175E+00,0.4088E+01,0.8584E-01,0.7059E-01,0.2282E+01,0.2647E+00,0.6481E+00,0.2439E+01,0.9129E+00,0.2044E+01,
   41,1998,  11,0.0000E+00,0.0000E+00,0.0000E+00,0.0000E+00,0.0000E+00,0.0000E+00,0.0000E+00,0.0000E+00,0.0000E+00,0.0000E+00,0.0000E+00,
   49,1998,  11,0.8767E-03,0.5991E+00,0.8175E+00,0.1023E+01,0.1158E+00,0.2240E+00,0.3634E-01,0.1908E+00,0.1363E+01,0.2271E+00,0.3785E+00,
   91,1998,  11,0.3789E-01,0.1975E+02,0.5311E+01,0.1345E+02,0.3008E+02,0.4498E+01,0.4285E+00,0.3417E+01,0.4803E+02,0.3846E+01,0.4054E+02,
   51,1998,  11,0.2630E-02,0.1817E+01,0.1135E+01,0.3068E+01,0.3474E+00,0.6722E+00,0.1090E+00,0.5723E+00,0.4088E+01,0.6813E+00,0.3406E+01,
   68,1998,  11,0.0000E+00,0.0000E+00,0.0000E+00,0.0000E+00,0.0000E+00,0.0000E+00,0.0000E+00,0.0000E+00,0.0000E+00,0.0000E+00,0.0000E+00,
   54,1998,  11,0.1096E+00,0.6245E+02,0.4447E+02,0.1892E+01,0.1429E+03,0.6623E+01,0.2839E+01,0.1041E+02,0.1514E+03,0.1325E+02,0.4731E+02,
   33,1998,  11,0.0000E+00,0.0000E+00,0.0000E+00,0.0000E+00,0.0000E+00,0.0000E+00,0.0000E+00,0.0000E+00,0.0000E+00,0.0000E+00,0.0000E+00,
   80,1998,  11,0.0000E+00,0.0000E+00,0.0000E+00,0.0000E+00,0.0000E+00,0.0000E+00,0.0000E+00,0.0000E+00,0.0000E+00,0.0000E+00,0.0000E+00,
   50,1998,  11,0.0000E+00,0.0000E+00,0.0000E+00,0.0000E+00,0.0000E+00,0.0000E+00,0.0000E+00,0.0000E+00,0.0000E+00,0.0000E+00,0.0000E+00,
   58,1998,  11,0.4685E-01,0.2671E+02,0.2056E+02,0.2473E+01,0.2426E+02,0.1074E+02,0.2594E+00,0.7692E+00,0.3748E+02,0.1029E+01,0.1756E+02,
   17,1998,  11,0.6213E-01,0.4360E+02,0.3399E+03,0.1476E+02,0.2521E+02,0.2031E+02,0.4236E+01,0.2153E+02,0.6027E+02,0.2577E+02,0.2148E+03,
   95,1998,  11,0.7378E-02,0.5831E+01,0.7023E+01,0.5559E+01,0.4675E+01,0.1219E+01,0.1949E+00,0.1026E+01,0.1145E+02,0.1221E+01,0.1697E+02,
   90,1998,  11,0.0000E+00,0.0000E+00,0.0000E+00,0.0000E+00,0.0000E+00,0.0000E+00,0.0000E+00,0.0000E+00,0.0000E+00,0.0000E+00,0.0000E+00,
   15,1998,  11,0.0000E+00,0.0000E+00,0.0000E+00,0.0000E+00,0.0000E+00,0.0000E+00,0.0000E+00,0.0000E+00,0.0000E+00,0.0000E+00,0.0000E+00,
   14,1998,  11,0.4133E-01,0.1784E+02,0.2604E+02,0.2936E+01,0.4345E+03,0.2377E+01,0.1262E+02,0.3085E+02,0.4398E+03,0.4347E+02,0.4944E+02,
   31,1998,  11,0.5075E+00,0.2314E+03,0.5177E+03,0.1061E+03,0.2782E+03,0.3759E+02,0.1726E+02,0.4760E+02,0.4218E+03,0.6486E+02,0.1020E+04,
   12,1998,  11,0.1442E-01,0.5928E+01,0.1451E+02,0.8136E+01,0.1724E+02,0.2345E+01,0.1189E+01,0.2912E+01,0.2772E+02,0.4102E+01,0.5126E+02,
   23,1998,  11,0.1416E-01,0.5536E+01,0.5332E+01,0.1069E+01,0.1648E+01,0.3526E+00,0.1201E+00,0.2872E+00,0.3070E+01,0.4073E+00,0.6534E+02,
   25,1998,  11,0.7833E+01,0.5686E+04,0.1048E+05,0.2393E+04,0.5297E+04,0.1329E+04,0.1778E+03,0.4667E+03,0.9019E+04,0.6444E+03,0.1964E+05,
   18,1998,  11,0.2244E-01,0.1055E+02,0.8759E+01,0.4034E+01,0.1595E+02,0.1921E+01,0.9843E+00,0.2210E+01,0.2190E+02,0.3194E+01,0.4181E+02,
    4,1998,  11,0.4346E-01,0.1696E+02,0.5284E+01,0.5318E+00,0.6207E+01,0.5884E+00,0.3103E+00,0.7893E+00,0.7327E+01,0.1100E+01,0.1319E+03,
   74,1998,  11,0.8970E+00,0.3862E+03,0.1659E+04,0.3647E+03,0.3667E+02,0.2857E+03,0.3373E+02,0.6513E+02,0.6871E+03,0.9886E+02,0.2274E+04,
   73,1998,  11,0.1227E-03,0.4769E-01,0.3179E+00,0.4993E+00,0.6062E+01,0.5706E+00,0.2257E+00,0.5267E+00,0.7132E+01,0.7524E+00,0.9481E+00,
   69,1998,  11,0.2250E-01,0.9311E+01,0.1880E+02,0.5392E+01,0.2421E+02,0.2990E+01,0.1585E+01,0.3773E+01,0.3259E+02,0.5358E+01,0.1302E+02,
   20,1998,  11,0.4943E+00,0.2175E+03,0.8456E+03,0.1034E+03,0.8811E+03,0.8903E+02,0.2737E+02,0.5818E+02,0.1074E+04,0.8555E+02,0.1048E+04,
   36,1998,  11,0.0000E+00,0.0000E+00,0.0000E+00,0.0000E+00,0.0000E+00,0.0000E+00,0.0000E+00,0.0000E+00,0.0000E+00,0.0000E+00,0.0000E+00,
   16,1998,  11,0.3931E-03,0.1567E+00,0.1018E+01,0.1604E+01,0.1807E+02,0.1725E+01,0.6774E+00,0.1581E+01,0.2139E+02,0.2259E+01,0.2570E+01,
   26,1998,  11,0.3303E-01,0.1635E+02,0.2119E+02,0.1218E+02,0.3974E+02,0.5703E+01,0.8329E+00,0.2021E+01,0.5762E+02,0.2854E+01,0.5055E+02,
   30,1998,  11,0.4641E-02,0.1973E+01,0.1017E+02,0.2871E+01,0.6894E+01,0.1189E+01,0.3957E+00,0.9685E+00,0.1095E+02,0.1364E+01,0.1038E+02,
   66,1998,  11,0.0000E+00,0.0000E+00,0.0000E+00,0.0000E+00,0.0000E+00,0.0000E+00,0.0000E+00,0.0000E+00,0.0000E+00,0.0000E+00,0.0000E+00,
   24,1998,  11,0.1873E-02,0.8086E+00,0.4852E+01,0.2419E+01,0.9073E-01,0.5141E+00,0.1173E+00,0.2871E+00,0.3024E+01,0.4043E+00,0.4043E+01,
   10,1998,  11,0.3565E+01,0.1522E+04,0.9301E+03,0.5862E+02,0.7023E+03,0.6625E+02,0.2551E+02,0.5203E+02,0.8272E+03,0.7754E+02,0.9235E+04,
   19,1998,  11,0.3076E+01,0.1330E+04,0.3627E+04,0.4270E+03,0.1833E+04,0.3380E+03,0.4888E+02,0.1085E+03,0.2598E+04,0.1574E+03,0.5818E+04,
   11,1998,  11,0.8426E+00,0.3638E+03,0.1434E+04,0.1341E+03,0.1521E+04,0.1450E+03,0.3789E+02,0.7771E+02,0.1800E+04,0.1156E+03,0.1781E+04,
    0,1998,  11,0.5957E-02,0.2315E+01,0.6498E+01,0.2479E+00,0.3010E+01,0.2832E+00,0.1417E+00,0.3305E+00,0.3541E+01,0.4722E+00,0.1301E-02,
   62,1998,  11,0.0000E+00,0.0000E+00,0.0000E+00,0.0000E+00,0.0000E+00,0.0000E+00,0.0000E+00,0.0000E+00,0.0000E+00,0.0000E+00,0.0000E+00,
   92,1998,  12,0.4179E-01,0.2231E+02,0.1449E+03,0.3560E+02,0.7585E+01,0.1220E+02,0.3344E+01,0.1088E+02,0.5539E+02,0.1423E+02,0.9225E+02,
   61,1998,  12,0.6787E+00,0.4419E+03,0.5084E+03,0.6511E+03,0.2440E+03,0.1541E+03,0.2530E+02,0.4249E+02,0.1049E+04,0.6779E+02,0.4392E+03,
   86,1998,  12,0.1506E+00,0.9974E+03,0.2806E+03,0.5181E+02,0.2513E+03,0.4642E+02,0.9744E+01,0.3898E+02,0.3496E+03,0.4873E+02,0.1447E+04,
   34,1998,  12,0.1902E+02,0.1060E+05,0.5246E+04,0.4758E+04,0.1365E+05,0.1818E+04,0.8250E+02,0.1497E+03,0.2023E+05,0.2322E+03,0.1251E+05,
   64,1998,  12,0.1006E+02,0.5425E+04,0.6676E+04,0.4277E+04,0.4369E+04,0.2054E+04,0.1309E+03,0.2665E+03,0.1070E+05,0.3974E+03,0.5823E+04,
   63,1998,  12,0.1043E-01,0.5405E+01,0.2702E+02,0.8071E+01,0.3027E+00,0.1715E+01,0.1567E+01,0.3837E+01,0.1009E+02,0.5405E+01,0.1351E+02,
   59,1998,  12,0.1933E+00,0.1319E+03,0.1052E+03,0.2654E+02,0.6060E+02,0.2471E+02,0.3172E+01,0.3339E+01,0.1119E+03,0.6511E+01,0.4841E+02,
   55,1998,  12,0.3603E-01,0.2216E+02,0.8139E+01,0.1141E+01,0.1145E+02,0.4076E+01,0.5807E+00,0.3531E+01,0.1667E+02,0.4112E+01,0.8902E+01,
   65,1998,  12,0.1075E+00,0.6901E+02,0.8363E+02,0.6092E+02,0.1166E+03,0.2986E+02,0.3096E+01,0.1307E+02,0.2074E+03,0.1617E+02,0.1247E+03,
   32,1998,  12,0.7253E+00,0.5103E+03,0.3148E+02,0.1747E+02,0.1070E+04,0.3662E+02,0.2683E+01,0.5391E+02,0.1124E+04,0.5659E+02,0.1523E+03,
   53,1998,  12,0.2240E-01,0.1442E+02,0.7570E-01,0.1460E+01,0.3851E+01,0.2957E+01,0.1817E-01,0.1992E+01,0.8268E+01,0.2010E+01,0.3842E+01,
   47,1998,  12,0.0000E+00,0.0000E+00,0.0000E+00,0.0000E+00,0.0000E+00,0.0000E+00,0.0000E+00,0.0000E+00,0.0000E+00,0.0000E+00,0.0000E+00,
   81,1998,  12,0.0000E+00,0.0000E+00,0.0000E+00,0.0000E+00,0.0000E+00,0.0000E+00,0.0000E+00,0.0000E+00,0.0000E+00,0.0000E+00,0.0000E+00,
   82,1998,  12,0.4383E-01,0.3028E+02,0.0000E+00,0.0000E+00,0.0000E+00,0.1892E+01,0.0000E+00,0.1892E+02,0.1892E+01,0.1892E+02,0.3028E+02,
   79,1998,  12,0.3454E-02,0.1789E+01,0.8947E+01,0.2672E+01,0.1002E+00,0.5677E+00,0.5190E+00,0.1270E+01,0.3340E+01,0.1789E+01,0.4474E+01,
   77,1998,  12,0.1742E+00,0.1327E+03,0.2308E+03,0.7015E+02,0.3424E+02,0.6017E+02,0.1884E+02,0.3710E+02,0.1646E+03,0.5594E+02,0.2286E+03,
   85,1998,  12,0.2694E+00,0.1827E+03,0.4790E+03,0.4504E+03,0.1614E+03,0.1001E+03,0.1123E+02,0.2451E+02,0.7118E+03,0.3574E+02,0.2513E+03,
   52,1998,  12,0.0000E+00,0.0000E+00,0.0000E+00,0.0000E+00,0.0000E+00,0.0000E+00,0.0000E+00,0.0000E+00,0.0000E+00,0.0000E+00,0.0000E+00,
   56,1998,  12,0.0000E+00,0.0000E+00,0.0000E+00,0.0000E+00,0.0000E+00,0.0000E+00,0.0000E+00,0.0000E+00,0.0000E+00,0.0000E+00,0.0000E+00,
   87,1998,  12,0.0000E+00,0.0000E+00,0.0000E+00,0.0000E+00,0.0000E+00,0.0000E+00,0.0000E+00,0.0000E+00,0.0000E+00,0.0000E+00,0.0000E+00,
   44,1998,  12,0.1578E-02,0.8175E+00,0.4088E+01,0.8584E-01,0.7059E-01,0.2282E+01,0.2647E+00,0.6481E+00,0.2439E+01,0.9129E+00,0.2044E+01,
   41,1998,  12,0.0000E+00,0.0000E+00,0.0000E+00,0.0000E+00,0.0000E+00,0.0000E+00,0.0000E+00,0.0000E+00,0.0000E+00,0.0000E+00,0.0000E+00,
   49,1998,  12,0.1227E-02,0.8478E+00,0.1098E+01,0.1432E+01,0.1621E+00,0.3137E+00,0.5087E-01,0.2671E+00,0.1908E+01,0.3179E+00,0.7910E+00,
   91,1998,  12,0.3763E-01,0.1951E+02,0.5217E+01,0.1316E+02,0.3008E+02,0.4454E+01,0.4281E+00,0.3353E+01,0.4769E+02,0.3781E+01,0.4204E+02,
   51,1998,  12,0.2279E-02,0.1338E+01,0.1378E+01,0.2659E+01,0.3011E+00,0.5825E+00,0.9447E-01,0.4960E+00,0.3543E+01,0.5904E+00,0.3149E+01,
   68,1998,  12,0.0000E+00,0.0000E+00,0.0000E+00,0.0000E+00,0.0000E+00,0.0000E+00,0.0000E+00,0.0000E+00,0.0000E+00,0.0000E+00,0.0000E+00,
   54,1998,  12,0.1223E+00,0.7075E+02,0.3801E+02,0.1056E+02,0.1088E+03,0.1161E+02,0.2112E+01,0.9504E+01,0.1309E+03,0.1162E+02,0.3696E+02,
   33,1998,  12,0.0000E+00,0.0000E+00,0.0000E+00,0.0000E+00,0.0000E+00,0.0000E+00,0.0000E+00,0.0000E+00,0.0000E+00,0.0000E+00,0.0000E+00,
   80,1998,  12,0.0000E+00,0.0000E+00,0.0000E+00,0.0000E+00,0.0000E+00,0.0000E+00,0.0000E+00,0.0000E+00,0.0000E+00,0.0000E+00,0.0000E+00,
   50,1998,  12,0.0000E+00,0.0000E+00,0.0000E+00,0.0000E+00,0.0000E+00,0.0000E+00,0.0000E+00,0.0000E+00,0.0000E+00,0.0000E+00,0.0000E+00,
   58,1998,  12,0.4399E-01,0.2528E+02,0.1860E+02,0.2512E+01,0.2319E+02,0.3225E+01,0.2452E+00,0.7305E+00,0.2893E+02,0.9757E+00,0.1748E+02,
   17,1998,  12,0.8106E-01,0.4457E+02,0.2258E+03,0.2113E+02,0.3754E+02,0.3300E+02,0.5376E+01,0.3013E+02,0.9167E+02,0.3551E+02,0.2243E+03,
   95,1998,  12,0.8342E-02,0.7276E+01,0.1206E+02,0.8026E+01,0.3168E+01,0.1758E+01,0.2430E+00,0.1279E+01,0.1295E+02,0.1522E+01,0.2586E+02,
   90,1998,  12,0.0000E+00,0.0000E+00,0.0000E+00,0.0000E+00,0.0000E+00,0.0000E+00,0.0000E+00,0.0000E+00,0.0000E+00,0.0000E+00,0.0000E+00,
   15,1998,  12,0.0000E+00,0.0000E+00,0.0000E+00,0.0000E+00,0.0000E+00,0.0000E+00,0.0000E+00,0.0000E+00,0.0000E+00,0.0000E+00,0.0000E+00,
   14,1998,  12,0.4160E-01,0.1795E+02,0.2682E+02,0.2834E+01,0.4750E+03,0.2261E+01,0.1352E+02,0.3306E+02,0.4801E+03,0.4658E+02,0.3283E+02,
   31,1998,  12,0.5674E+00,0.2699E+03,0.4727E+03,0.1978E+03,0.4171E+03,0.3447E+02,0.1742E+02,0.6902E+02,0.6494E+03,0.8644E+02,0.1077E+04,
   12,1998,  12,0.1657E-01,0.6855E+01,0.1441E+02,0.8581E+01,0.2027E+02,0.2331E+01,0.1319E+01,0.3231E+01,0.3118E+02,0.4550E+01,0.5587E+02,
   23,1998,  12,0.1416E-01,0.5536E+01,0.5332E+01,0.1069E+01,0.1648E+01,0.3526E+00,0.1201E+00,0.2872E+00,0.3070E+01,0.4073E+00,0.6534E+02,
   25,1998,  12,0.8441E+01,0.5871E+04,0.1131E+05,0.3680E+04,0.5220E+04,0.1423E+04,0.1573E+03,0.4758E+03,0.1032E+05,0.6331E+03,0.2081E+05,
   18,1998,  12,0.2358E-01,0.1104E+02,0.2450E+02,0.4103E+01,0.1760E+02,0.2650E+01,0.1539E+01,0.3716E+01,0.2435E+02,0.5255E+01,0.4427E+02,
    4,1998,  12,0.4381E-01,0.1711E+02,0.5889E+01,0.7058E+00,0.8320E+01,0.7873E+00,0.3303E+00,0.8299E+00,0.9814E+01,0.1160E+01,0.1327E+03,
   74,1998,  12,0.8817E+00,0.3796E+03,0.1603E+04,0.3810E+03,0.3443E+02,0.1567E+03,0.4983E+02,0.7147E+02,0.5722E+03,0.1213E+03,0.2241E+04,
   73,1998,  12,0.1227E-03,0.4769E-01,0.3179E+00,0.4993E+00,0.6062E+01,0.5706E+00,0.2257E+00,0.5267E+00,0.7132E+01,0.7524E+00,0.9481E+00,
   69,1998,  12,0.2250E-01,0.9311E+01,0.1880E+02,0.5392E+01,0.2421E+02,0.2990E+01,0.1585E+01,0.3773E+01,0.3259E+02,0.5358E+01,0.1302E+02,
   20,1998,  12,0.6161E+00,0.2701E+03,0.1056E+04,0.7768E+02,0.5683E+03,0.5958E+02,0.2438E+02,0.5211E+02,0.7056E+03,0.7649E+02,0.1311E+04,
   36,1998,  12,0.0000E+00,0.0000E+00,0.0000E+00,0.0000E+00,0.0000E+00,0.0000E+00,0.0000E+00,0.0000E+00,0.0000E+00,0.0000E+00,0.0000E+00,
   16,1998,  12,0.3931E-03,0.1567E+00,0.1018E+01,0.1604E+01,0.1807E+02,0.1725E+01,0.6774E+00,0.1581E+01,0.2139E+02,0.2259E+01,0.2570E+01,
   26,1998,  12,0.3303E-01,0.1635E+02,0.2119E+02,0.1218E+02,0.3974E+02,0.5703E+01,0.8329E+00,0.2021E+01,0.5762E+02,0.2854E+01,0.5055E+02,
   30,1998,  12,0.4071E-02,0.1727E+01,0.9184E+01,0.2807E+01,0.6112E+01,0.1115E+01,0.3600E+00,0.8812E+00,0.1003E+02,0.1241E+01,0.9149E+01,
   66,1998,  12,0.0000E+00,0.0000E+00,0.0000E+00,0.0000E+00,0.0000E+00,0.0000E+00,0.0000E+00,0.0000E+00,0.0000E+00,0.0000E+00,0.0000E+00,
   24,1998,  12,0.1873E-02,0.8086E+00,0.4852E+01,0.2419E+01,0.9073E-01,0.5141E+00,0.1173E+00,0.2871E+00,0.3024E+01,0.4043E+00,0.4043E+01,
   10,1998,  12,0.2978E+01,0.1268E+04,0.1027E+04,0.5349E+02,0.6401E+03,0.6040E+02,0.2026E+02,0.4135E+02,0.7540E+03,0.6161E+02,0.7690E+04,
   19,1998,  12,0.3228E+01,0.1396E+04,0.4688E+04,0.4639E+03,0.2091E+04,0.3687E+03,0.8298E+02,0.1780E+03,0.2923E+04,0.2610E+03,0.6158E+04,
   11,1998,  12,0.8728E+00,0.3769E+03,0.1486E+04,0.1298E+03,0.1470E+04,0.1402E+03,0.3852E+02,0.7898E+02,0.1740E+04,0.1175E+03,0.1846E+04,
    0,1998,  12,0.5957E-02,0.2315E+01,0.6498E+01,0.2479E+00,0.3010E+01,0.2832E+00,0.1417E+00,0.3305E+00,0.3541E+01,0.4722E+00,0.1301E-02,
   62,1998,  12,0.0000E+00,0.0000E+00,0.0000E+00,0.0000E+00,0.0000E+00,0.0000E+00,0.0000E+00,0.0000E+00,0.0000E+00,0.0000E+00,0.0000E+00,
