   92,1999,   1,0.4342E-01,0.2245E+02,0.9367E+02,0.3053E+02,0.1097E+02,0.1068E+02,0.3266E+01,0.1083E+02,0.5217E+02,0.1410E+02,0.8511E+02,
   61,1999,   1,0.8357E+00,0.5533E+03,0.9084E+03,0.8685E+03,0.2253E+03,0.1797E+03,0.1029E+02,0.7086E+02,0.1273E+04,0.8115E+02,0.9114E+03,
   86,1999,   1,0.1861E+00,0.1161E+04,0.2943E+03,0.8228E+02,0.2696E+03,0.5640E+02,0.1493E+02,0.5714E+02,0.4083E+03,0.7207E+02,0.2267E+04,
   34,1999,   1,0.2141E+02,0.9258E+04,0.4590E+04,0.6561E+04,0.1346E+05,0.2553E+04,0.6460E+02,0.1828E+03,0.2257E+05,0.2474E+03,0.1563E+05,
   64,1999,   1,0.1120E+02,0.6419E+04,0.6956E+04,0.5812E+04,0.4356E+04,0.2418E+04,0.1174E+03,0.2198E+03,0.1259E+05,0.3372E+03,0.5765E+04,
   63,1999,   1,0.1043E-01,0.5405E+01,0.2702E+02,0.8071E+01,0.3027E+00,0.1715E+01,0.1567E+01,0.3837E+01,0.1009E+02,0.5405E+01,0.1351E+02,
   59,1999,   1,0.1974E+00,0.1415E+03,0.2313E+03,0.2454E+02,0.5198E+02,0.2590E+02,0.3409E+01,0.3749E+01,0.1024E+03,0.7158E+01,0.5079E+02,
   55,1999,   1,0.4113E-01,0.2548E+02,0.1028E+02,0.2962E+01,0.1440E+02,0.3405E+01,0.6510E+00,0.3371E+01,0.2077E+02,0.4022E+01,0.1420E+02,
   65,1999,   1,0.1136E+00,0.7318E+02,0.6461E+02,0.6356E+02,0.8125E+02,0.4261E+02,0.3112E+01,0.1225E+02,0.1874E+03,0.1537E+02,0.1250E+03,
   32,1999,   1,0.8137E+00,0.4457E+03,0.2968E+03,0.1921E+02,0.1045E+04,0.6120E+02,0.9437E+01,0.4673E+02,0.1125E+04,0.5617E+02,0.1729E+03,
   53,1999,   1,0.2462E-01,0.1488E+02,0.6056E-01,0.2086E+01,0.8429E+01,0.4700E+01,0.1453E-01,0.4954E+00,0.1521E+02,0.5100E+00,0.8428E+01,
   47,1999,   1,0.0000E+00,0.0000E+00,0.0000E+00,0.0000E+00,0.0000E+00,0.0000E+00,0.0000E+00,0.0000E+00,0.0000E+00,0.0000E+00,0.0000E+00,
   81,1999,   1,0.0000E+00,0.0000E+00,0.0000E+00,0.0000E+00,0.0000E+00,0.0000E+00,0.0000E+00,0.0000E+00,0.0000E+00,0.0000E+00,0.0000E+00,
   82,1999,   1,0.4383E-01,0.3028E+02,0.0000E+00,0.0000E+00,0.0000E+00,0.1892E+01,0.0000E+00,0.1892E+02,0.1892E+01,0.1892E+02,0.3028E+02,
   79,1999,   1,0.3454E-02,0.1789E+01,0.8947E+01,0.2672E+01,0.1002E+00,0.5677E+00,0.5190E+00,0.1270E+01,0.3340E+01,0.1789E+01,0.4474E+01,
   77,1999,   1,0.2404E+00,0.1649E+03,0.2600E+03,0.1157E+03,0.8650E+02,0.6641E+02,0.2441E+02,0.2295E+02,0.2686E+03,0.4736E+02,0.3286E+03,
   85,1999,   1,0.2734E+00,0.1882E+03,0.5766E+03,0.3928E+03,0.1201E+03,0.6442E+02,0.1436E+02,0.2003E+02,0.5773E+03,0.3439E+02,0.3584E+03,
   52,1999,   1,0.0000E+00,0.0000E+00,0.0000E+00,0.0000E+00,0.0000E+00,0.0000E+00,0.0000E+00,0.0000E+00,0.0000E+00,0.0000E+00,0.0000E+00,
   56,1999,   1,0.0000E+00,0.0000E+00,0.0000E+00,0.0000E+00,0.0000E+00,0.0000E+00,0.0000E+00,0.0000E+00,0.0000E+00,0.0000E+00,0.0000E+00,
   87,1999,   1,0.0000E+00,0.0000E+00,0.0000E+00,0.0000E+00,0.0000E+00,0.0000E+00,0.0000E+00,0.0000E+00,0.0000E+00,0.0000E+00,0.0000E+00,
   44,1999,   1,0.1578E-02,0.8175E+00,0.4088E+01,0.8584E-01,0.7059E-01,0.2282E+01,0.2647E+00,0.6481E+00,0.2439E+01,0.9129E+00,0.2044E+01,
   41,1999,   1,0.0000E+00,0.0000E+00,0.0000E+00,0.0000E+00,0.0000E+00,0.0000E+00,0.0000E+00,0.0000E+00,0.0000E+00,0.0000E+00,0.0000E+00,
   49,1999,   1,0.1797E-02,0.1293E+01,0.1707E+01,0.2096E+01,0.2374E+00,0.4593E+00,0.7449E-01,0.3910E+00,0.2793E+01,0.4655E+00,0.1760E+01,
   91,1999,   1,0.3886E-01,0.1971E+02,0.1078E+02,0.1452E+02,0.3067E+02,0.4663E+01,0.4961E+00,0.3589E+01,0.4985E+02,0.4085E+01,0.4005E+02,
   51,1999,   1,0.3331E-02,0.2301E+01,0.5753E+01,0.3886E+01,0.4401E+00,0.8513E+00,0.1381E+00,0.7249E+00,0.5177E+01,0.8629E+00,0.7766E+01,
   68,1999,   1,0.0000E+00,0.0000E+00,0.0000E+00,0.0000E+00,0.0000E+00,0.0000E+00,0.0000E+00,0.0000E+00,0.0000E+00,0.0000E+00,0.0000E+00,
   54,1999,   1,0.1394E+00,0.7221E+02,0.5777E+02,0.7221E+01,0.1216E+03,0.1203E+02,0.6018E+01,0.1324E+02,0.1408E+03,0.1926E+02,0.9147E+02,
   33,1999,   1,0.0000E+00,0.0000E+00,0.0000E+00,0.0000E+00,0.0000E+00,0.0000E+00,0.0000E+00,0.0000E+00,0.0000E+00,0.0000E+00,0.0000E+00,
   80,1999,   1,0.0000E+00,0.0000E+00,0.0000E+00,0.0000E+00,0.0000E+00,0.0000E+00,0.0000E+00,0.0000E+00,0.0000E+00,0.0000E+00,0.0000E+00,
   50,1999,   1,0.0000E+00,0.0000E+00,0.0000E+00,0.0000E+00,0.0000E+00,0.0000E+00,0.0000E+00,0.0000E+00,0.0000E+00,0.0000E+00,0.0000E+00,
   58,1999,   1,0.5040E-01,0.3051E+02,0.2189E+02,0.4190E+01,0.3462E+02,0.5068E+01,0.3630E+00,0.9040E+00,0.4388E+02,0.1267E+01,0.2031E+02,
   17,1999,   1,0.9309E-01,0.5419E+02,0.1311E+03,0.2310E+02,0.3919E+02,0.2679E+02,0.2064E+01,0.2688E+02,0.8908E+02,0.2894E+02,0.1775E+03,
   95,1999,   1,0.9745E-02,0.8924E+01,0.1290E+02,0.9902E+01,0.3060E+01,0.2170E+01,0.2958E+00,0.1563E+01,0.1513E+02,0.1858E+01,0.3588E+02,
   90,1999,   1,0.0000E+00,0.0000E+00,0.0000E+00,0.0000E+00,0.0000E+00,0.0000E+00,0.0000E+00,0.0000E+00,0.0000E+00,0.0000E+00,0.0000E+00,
   15,1999,   1,0.0000E+00,0.0000E+00,0.0000E+00,0.0000E+00,0.0000E+00,0.0000E+00,0.0000E+00,0.0000E+00,0.0000E+00,0.0000E+00,0.0000E+00,
   14,1999,   1,0.4657E-01,0.2010E+02,0.2778E+02,0.3092E+01,0.5070E+03,0.2526E+01,0.1469E+02,0.3592E+02,0.5126E+03,0.5060E+02,0.3808E+02,
   31,1999,   1,0.6690E+00,0.3165E+03,0.7368E+03,0.1692E+03,0.3495E+03,0.6729E+02,0.1617E+02,0.7106E+02,0.5859E+03,0.8723E+02,0.1259E+04,
   12,1999,   1,0.1648E-01,0.6819E+01,0.1147E+02,0.7235E+01,0.2114E+02,0.2640E+01,0.1305E+01,0.3197E+01,0.3102E+02,0.4502E+01,0.3989E+02,
   23,1999,   1,0.1416E-01,0.5539E+01,0.5350E+01,0.1078E+01,0.1649E+01,0.3545E+00,0.1205E+00,0.2882E+00,0.3081E+01,0.4088E+00,0.6535E+02,
   25,1999,   1,0.9477E+01,0.6200E+04,0.1297E+05,0.3085E+04,0.5873E+04,0.1752E+04,0.2300E+03,0.4706E+03,0.1071E+05,0.7006E+03,0.2093E+05,
   18,1999,   1,0.2469E-01,0.1152E+02,0.1411E+02,0.4089E+01,0.1715E+02,0.2161E+01,0.1976E+01,0.4787E+01,0.2340E+02,0.6763E+01,0.4667E+02,
    4,1999,   1,0.4394E-01,0.1717E+02,0.6117E+01,0.6118E+00,0.7175E+01,0.6796E+00,0.3237E+00,0.8630E+00,0.8467E+01,0.1187E+01,0.1330E+03,
   74,1999,   1,0.8909E+00,0.3836E+03,0.1646E+04,0.4240E+03,0.1151E+03,0.3661E+03,0.4804E+02,0.1175E+03,0.9051E+03,0.1656E+03,0.2266E+04,
   73,1999,   1,0.1227E-03,0.4769E-01,0.3179E+00,0.4993E+00,0.6062E+01,0.5706E+00,0.2257E+00,0.5267E+00,0.7132E+01,0.7524E+00,0.9481E+00,
   69,1999,   1,0.2250E-01,0.9312E+01,0.1880E+02,0.5392E+01,0.2421E+02,0.2990E+01,0.1585E+01,0.3774E+01,0.3259E+02,0.5358E+01,0.1302E+02,
   20,1999,   1,0.7844E+00,0.3437E+03,0.6836E+03,0.1212E+03,0.9988E+03,0.1018E+03,0.2825E+02,0.6063E+02,0.1222E+04,0.8888E+02,0.5653E+03,
   36,1999,   1,0.0000E+00,0.0000E+00,0.0000E+00,0.0000E+00,0.0000E+00,0.0000E+00,0.0000E+00,0.0000E+00,0.0000E+00,0.0000E+00,0.0000E+00,
   16,1999,   1,0.3940E-03,0.1570E+00,0.1021E+01,0.1606E+01,0.1807E+02,0.1725E+01,0.6775E+00,0.1581E+01,0.2140E+02,0.2259E+01,0.2572E+01,
   26,1999,   1,0.3308E-01,0.1637E+02,0.2132E+02,0.1224E+02,0.3974E+02,0.5716E+01,0.8360E+00,0.2029E+01,0.5770E+02,0.2865E+01,0.5066E+02,
   30,1999,   1,0.4270E-02,0.1813E+01,0.9548E+01,0.2857E+01,0.6353E+01,0.1144E+01,0.3725E+00,0.9117E+00,0.1035E+02,0.1284E+01,0.9578E+01,
   66,1999,   1,0.0000E+00,0.0000E+00,0.0000E+00,0.0000E+00,0.0000E+00,0.0000E+00,0.0000E+00,0.0000E+00,0.0000E+00,0.0000E+00,0.0000E+00,
   24,1999,   1,0.1892E-02,0.8169E+00,0.4901E+01,0.2444E+01,0.9165E-01,0.5193E+00,0.1185E+00,0.2900E+00,0.3055E+01,0.4085E+00,0.4084E+01,
   10,1999,   1,0.3622E+01,0.1546E+04,0.9141E+03,0.8137E+02,0.9786E+03,0.9225E+02,0.2874E+02,0.5859E+02,0.1152E+04,0.8733E+02,0.7453E+04,
   19,1999,   1,0.3563E+01,0.1540E+04,0.1123E+04,0.4754E+03,0.2317E+04,0.3878E+03,0.1026E+03,0.2177E+03,0.3180E+04,0.3202E+03,0.1875E+04,
   11,1999,   1,0.8733E+00,0.3771E+03,0.9070E+03,0.1309E+03,0.1483E+04,0.1414E+03,0.4979E+02,0.1019E+03,0.1755E+04,0.1516E+03,0.1194E+04,
    0,1999,   1,0.5957E-02,0.2315E+01,0.6498E+01,0.2479E+00,0.3010E+01,0.2832E+00,0.1417E+00,0.3305E+00,0.3541E+01,0.4722E+00,0.1301E-02,
   62,1999,   1,0.0000E+00,0.0000E+00,0.0000E+00,0.0000E+00,0.0000E+00,0.0000E+00,0.0000E+00,0.0000E+00,0.0000E+00,0.0000E+00,0.0000E+00,
   92,1999,   2,0.4399E-01,0.2440E+02,0.1076E+03,0.3440E+02,0.5698E+01,0.1078E+02,0.3456E+01,0.1158E+02,0.5088E+02,0.1504E+02,0.9130E+02,
   61,1999,   2,0.8532E+00,0.5865E+03,0.7527E+03,0.1002E+04,0.2006E+03,0.2277E+03,0.2061E+02,0.6274E+02,0.1430E+04,0.8335E+02,0.8106E+03,
   86,1999,   2,0.1608E+00,0.1135E+04,0.2134E+03,0.6387E+02,0.2713E+03,0.3271E+02,0.5576E+01,0.3949E+02,0.3679E+03,0.4507E+02,0.1200E+04,
   34,1999,   2,0.2046E+02,0.8092E+04,0.3292E+04,0.7613E+04,0.1018E+05,0.2391E+04,0.1170E+03,0.1370E+03,0.2019E+05,0.2541E+03,0.5390E+04,
   64,1999,   2,0.1143E+02,0.6592E+04,0.7546E+04,0.5569E+04,0.4907E+04,0.2637E+04,0.1267E+03,0.1799E+03,0.1311E+05,0.3066E+03,0.7264E+04,
   63,1999,   2,0.1043E-01,0.5405E+01,0.2702E+02,0.8071E+01,0.3027E+00,0.1715E+01,0.1567E+01,0.3837E+01,0.1009E+02,0.5405E+01,0.1351E+02,
   59,1999,   2,0.1957E+00,0.1166E+03,0.1154E+03,0.6420E+01,0.2686E+02,0.2365E+02,0.3717E+01,0.9292E+01,0.5693E+02,0.1301E+02,0.5964E+02,
   55,1999,   2,0.4547E-01,0.2788E+02,0.1168E+02,0.3520E+01,0.1913E+02,0.3458E+01,0.7411E+00,0.3640E+01,0.2611E+02,0.4381E+01,0.1194E+02,
   65,1999,   2,0.1230E+00,0.9961E+02,0.2440E+03,0.8059E+02,0.8050E+02,0.5085E+02,0.1532E+02,0.8065E+01,0.2119E+03,0.2339E+02,0.2476E+03,
   32,1999,   2,0.7692E+00,0.5852E+03,0.3131E+02,0.1851E+02,0.1020E+04,0.5175E+02,0.2689E+01,0.5080E+02,0.1091E+04,0.5349E+02,0.1669E+03,
   53,1999,   2,0.2387E-01,0.1666E+02,0.6180E+01,0.1535E+01,0.6134E+01,0.3081E+01,0.2191E+00,0.4913E+00,0.1075E+02,0.7103E+00,0.8143E+01,
   47,1999,   2,0.0000E+00,0.0000E+00,0.0000E+00,0.0000E+00,0.0000E+00,0.0000E+00,0.0000E+00,0.0000E+00,0.0000E+00,0.0000E+00,0.0000E+00,
   81,1999,   2,0.0000E+00,0.0000E+00,0.0000E+00,0.0000E+00,0.0000E+00,0.0000E+00,0.0000E+00,0.0000E+00,0.0000E+00,0.0000E+00,0.0000E+00,
   82,1999,   2,0.4383E-01,0.3028E+02,0.0000E+00,0.0000E+00,0.0000E+00,0.1892E+01,0.0000E+00,0.1892E+02,0.1892E+01,0.1892E+02,0.3028E+02,
   79,1999,   2,0.3454E-02,0.1789E+01,0.8947E+01,0.2672E+01,0.1002E+00,0.5677E+00,0.5190E+00,0.1270E+01,0.3340E+01,0.1789E+01,0.4474E+01,
   77,1999,   2,0.2598E+00,0.1761E+03,0.2566E+03,0.9339E+02,0.4923E+02,0.9237E+02,0.1477E+02,0.3337E+02,0.2350E+03,0.4813E+02,0.3607E+03,
   85,1999,   2,0.2639E+00,0.1849E+03,0.6213E+03,0.3776E+03,0.1399E+03,0.7729E+02,0.1263E+02,0.2505E+02,0.5947E+03,0.3768E+02,0.3619E+03,
   52,1999,   2,0.0000E+00,0.0000E+00,0.0000E+00,0.0000E+00,0.0000E+00,0.0000E+00,0.0000E+00,0.0000E+00,0.0000E+00,0.0000E+00,0.0000E+00,
   56,1999,   2,0.0000E+00,0.0000E+00,0.0000E+00,0.0000E+00,0.0000E+00,0.0000E+00,0.0000E+00,0.0000E+00,0.0000E+00,0.0000E+00,0.0000E+00,
   87,1999,   2,0.0000E+00,0.0000E+00,0.0000E+00,0.0000E+00,0.0000E+00,0.0000E+00,0.0000E+00,0.0000E+00,0.0000E+00,0.0000E+00,0.0000E+00,
   44,1999,   2,0.1578E-02,0.8175E+00,0.4088E+01,0.8584E-01,0.7059E-01,0.2282E+01,0.2647E+00,0.6481E+00,0.2439E+01,0.9129E+00,0.2044E+01,
   41,1999,   2,0.0000E+00,0.0000E+00,0.0000E+00,0.0000E+00,0.0000E+00,0.0000E+00,0.0000E+00,0.0000E+00,0.0000E+00,0.0000E+00,0.0000E+00,
   49,1999,   2,0.1490E-02,0.9235E+00,0.1347E+01,0.1738E+01,0.1969E+00,0.3809E+00,0.6177E-01,0.3243E+00,0.2316E+01,0.3860E+00,0.1064E+01,
   91,1999,   2,0.3903E-01,0.2118E+02,0.1198E+02,0.1473E+02,0.3069E+02,0.4708E+01,0.5033E+00,0.3628E+01,0.5013E+02,0.4131E+01,0.4018E+02,
   51,1999,   2,0.2849E-02,0.2017E+01,0.6396E+01,0.3324E+01,0.3764E+00,0.7281E+00,0.1181E+00,0.6199E+00,0.4428E+01,0.7380E+00,0.8118E+01,
   68,1999,   2,0.0000E+00,0.0000E+00,0.0000E+00,0.0000E+00,0.0000E+00,0.0000E+00,0.0000E+00,0.0000E+00,0.0000E+00,0.0000E+00,0.0000E+00,
   54,1999,   2,0.1337E+00,0.9235E+02,0.6811E+02,0.8080E+01,0.9697E+02,0.1270E+02,0.8081E+01,0.1039E+02,0.1177E+03,0.1847E+02,0.7850E+02,
   33,1999,   2,0.0000E+00,0.0000E+00,0.0000E+00,0.0000E+00,0.0000E+00,0.0000E+00,0.0000E+00,0.0000E+00,0.0000E+00,0.0000E+00,0.0000E+00,
   80,1999,   2,0.0000E+00,0.0000E+00,0.0000E+00,0.0000E+00,0.0000E+00,0.0000E+00,0.0000E+00,0.0000E+00,0.0000E+00,0.0000E+00,0.0000E+00,
   50,1999,   2,0.0000E+00,0.0000E+00,0.0000E+00,0.0000E+00,0.0000E+00,0.0000E+00,0.0000E+00,0.0000E+00,0.0000E+00,0.0000E+00,0.0000E+00,
   58,1999,   2,0.5186E-01,0.3045E+02,0.1810E+02,0.6343E+01,0.9599E+01,0.5468E+01,0.3456E+00,0.9788E+00,0.2141E+02,0.1324E+01,0.2202E+02,
   17,1999,   2,0.9675E-01,0.5347E+02,0.1426E+03,0.1306E+02,0.4411E+02,0.3518E+02,0.7001E+01,0.3027E+02,0.9234E+02,0.3727E+02,0.1953E+03,
   95,1999,   2,0.9394E-02,0.8498E+01,0.1302E+02,0.9325E+01,0.3219E+01,0.2043E+01,0.2536E+00,0.1341E+01,0.1459E+02,0.1595E+01,0.3461E+02,
   90,1999,   2,0.0000E+00,0.0000E+00,0.0000E+00,0.0000E+00,0.0000E+00,0.0000E+00,0.0000E+00,0.0000E+00,0.0000E+00,0.0000E+00,0.0000E+00,
   15,1999,   2,0.0000E+00,0.0000E+00,0.0000E+00,0.0000E+00,0.0000E+00,0.0000E+00,0.0000E+00,0.0000E+00,0.0000E+00,0.0000E+00,0.0000E+00,
   14,1999,   2,0.4394E-01,0.1896E+02,0.2896E+02,0.3080E+01,0.4754E+03,0.2514E+01,0.1468E+02,0.3591E+02,0.4810E+03,0.5059E+02,0.6096E+02,
   31,1999,   2,0.6922E+00,0.3265E+03,0.3060E+03,0.2040E+03,0.3994E+03,0.7074E+02,0.1604E+02,0.7079E+02,0.6741E+03,0.8683E+02,0.3928E+03,
   12,1999,   2,0.1618E-01,0.6687E+01,0.1134E+02,0.7315E+01,0.2059E+02,0.2660E+01,0.1299E+01,0.3182E+01,0.3056E+02,0.4481E+01,0.3950E+02,
   23,1999,   2,0.1416E-01,0.5539E+01,0.5350E+01,0.1078E+01,0.1649E+01,0.3545E+00,0.1205E+00,0.2882E+00,0.3081E+01,0.4088E+00,0.6535E+02,
   25,1999,   2,0.8380E+01,0.5780E+04,0.8885E+04,0.2639E+04,0.5645E+04,0.1506E+04,0.2181E+03,0.4757E+03,0.9791E+04,0.6939E+03,0.1782E+05,
   18,1999,   2,0.2294E-01,0.1077E+02,0.1056E+02,0.3774E+01,0.1591E+02,0.2006E+01,0.1649E+01,0.3986E+01,0.2169E+02,0.5636E+01,0.4288E+02,
    4,1999,   2,0.4394E-01,0.1717E+02,0.5719E+01,0.6118E+00,0.7175E+01,0.6796E+00,0.3237E+00,0.8630E+00,0.8467E+01,0.1187E+01,0.1330E+03,
   74,1999,   2,0.8800E+00,0.3789E+03,0.1631E+04,0.4057E+03,0.1085E+03,0.3504E+03,0.5589E+02,0.1368E+03,0.8647E+03,0.1926E+03,0.2237E+04,
   73,1999,   2,0.1227E-03,0.4769E-01,0.3179E+00,0.4993E+00,0.6062E+01,0.5706E+00,0.2257E+00,0.5267E+00,0.7132E+01,0.7524E+00,0.9481E+00,
   69,1999,   2,0.2250E-01,0.9312E+01,0.1880E+02,0.5392E+01,0.2421E+02,0.2990E+01,0.1585E+01,0.3774E+01,0.3259E+02,0.5358E+01,0.1302E+02,
   20,1999,   2,0.7471E+00,0.3276E+03,0.7126E+03,0.1210E+03,0.9961E+03,0.1015E+03,0.2719E+02,0.5847E+02,0.1219E+04,0.8566E+02,0.7742E+03,
   36,1999,   2,0.0000E+00,0.0000E+00,0.0000E+00,0.0000E+00,0.0000E+00,0.0000E+00,0.0000E+00,0.0000E+00,0.0000E+00,0.0000E+00,0.0000E+00,
   16,1999,   2,0.3940E-03,0.1570E+00,0.1021E+01,0.1606E+01,0.1807E+02,0.1725E+01,0.6775E+00,0.1581E+01,0.2140E+02,0.2259E+01,0.2572E+01,
   26,1999,   2,0.3308E-01,0.1637E+02,0.2132E+02,0.1224E+02,0.3974E+02,0.5716E+01,0.8360E+00,0.2029E+01,0.5770E+02,0.2865E+01,0.5066E+02,
   30,1999,   2,0.3832E-02,0.1624E+01,0.8791E+01,0.2808E+01,0.5752E+01,0.1088E+01,0.3450E+00,0.8445E+00,0.9647E+01,0.1190E+01,0.8632E+01,
   66,1999,   2,0.0000E+00,0.0000E+00,0.0000E+00,0.0000E+00,0.0000E+00,0.0000E+00,0.0000E+00,0.0000E+00,0.0000E+00,0.0000E+00,0.0000E+00,
   24,1999,   2,0.1892E-02,0.8169E+00,0.4901E+01,0.2444E+01,0.9165E-01,0.5193E+00,0.1185E+00,0.2900E+00,0.3055E+01,0.4085E+00,0.4084E+01,
   10,1999,   2,0.3050E+01,0.1299E+04,0.5057E+03,0.6078E+02,0.7286E+03,0.6873E+02,0.1853E+02,0.3785E+02,0.8581E+03,0.5637E+02,0.8757E+04,
   19,1999,   2,0.3496E+01,0.1511E+04,0.1406E+04,0.4837E+03,0.2413E+04,0.4129E+03,0.1231E+03,0.2591E+03,0.3310E+04,0.3822E+03,0.2213E+04,
   11,1999,   2,0.8404E+00,0.3629E+03,0.1152E+04,0.1213E+03,0.1366E+04,0.1304E+03,0.4791E+02,0.9805E+02,0.1618E+04,0.1460E+03,0.1637E+04,
    0,1999,   2,0.5957E-02,0.2315E+01,0.6498E+01,0.2479E+00,0.3010E+01,0.2832E+00,0.1417E+00,0.3305E+00,0.3541E+01,0.4722E+00,0.1301E-02,
   62,1999,   2,0.0000E+00,0.0000E+00,0.0000E+00,0.0000E+00,0.0000E+00,0.0000E+00,0.0000E+00,0.0000E+00,0.0000E+00,0.0000E+00,0.0000E+00,
   92,1999,   3,0.4644E-01,0.2525E+02,0.9870E+02,0.3393E+02,0.7434E+01,0.1130E+02,0.3445E+01,0.1142E+02,0.5267E+02,0.1487E+02,0.6699E+02,
   61,1999,   3,0.9784E+00,0.6312E+03,0.7899E+03,0.9180E+03,0.2694E+03,0.1977E+03,0.3326E+02,0.3443E+02,0.1385E+04,0.6770E+02,0.9542E+03,
   86,1999,   3,0.1954E+00,0.7395E+03,0.4567E+03,0.6241E+02,0.1884E+03,0.6911E+02,0.1163E+02,0.3577E+02,0.3199E+03,0.4739E+02,0.1813E+04,
   34,1999,   3,0.2220E+02,0.6828E+04,0.4198E+04,0.6653E+04,0.1244E+05,0.2752E+04,0.1046E+03,0.1485E+03,0.2184E+05,0.2532E+03,0.4724E+04,
   64,1999,   3,0.1271E+02,0.7353E+04,0.8013E+04,0.4854E+04,0.5401E+04,0.2518E+04,0.1391E+03,0.2282E+03,0.1277E+05,0.3673E+03,0.8355E+04,
   63,1999,   3,0.1043E-01,0.5405E+01,0.2702E+02,0.8071E+01,0.3027E+00,0.1715E+01,0.1567E+01,0.3837E+01,0.1009E+02,0.5405E+01,0.1351E+02,
   59,1999,   3,0.2057E+00,0.1492E+03,0.1036E+03,0.9769E+01,0.3854E+02,0.3268E+02,0.1776E+01,0.9414E+01,0.8099E+02,0.1119E+02,0.7762E+02,
   55,1999,   3,0.5910E-01,0.3608E+02,0.1400E+02,0.1490E+01,0.1328E+02,0.4784E+01,0.9311E+00,0.1611E+01,0.1955E+02,0.2543E+01,0.1992E+02,
   65,1999,   3,0.1288E+00,0.9335E+02,0.1879E+03,0.5558E+02,0.7392E+02,0.3946E+02,0.6782E+01,0.1064E+02,0.1690E+03,0.1742E+02,0.2624E+03,
   32,1999,   3,0.8426E+00,0.5251E+03,0.3401E+02,0.2099E+02,0.9419E+03,0.5650E+02,0.2887E+01,0.6259E+02,0.1019E+04,0.6547E+02,0.2450E+03,
   53,1999,   3,0.2661E-01,0.1744E+02,0.1226E+00,0.2704E+01,0.9022E+01,0.2877E+01,0.3270E-01,0.8405E+00,0.1460E+02,0.8732E+00,0.9027E+01,
   47,1999,   3,0.0000E+00,0.0000E+00,0.0000E+00,0.0000E+00,0.0000E+00,0.0000E+00,0.0000E+00,0.0000E+00,0.0000E+00,0.0000E+00,0.0000E+00,
   81,1999,   3,0.0000E+00,0.0000E+00,0.0000E+00,0.0000E+00,0.0000E+00,0.0000E+00,0.0000E+00,0.0000E+00,0.0000E+00,0.0000E+00,0.0000E+00,
   82,1999,   3,0.4383E-01,0.3028E+02,0.0000E+00,0.0000E+00,0.0000E+00,0.1892E+01,0.0000E+00,0.1892E+02,0.1892E+01,0.1892E+02,0.3028E+02,
   79,1999,   3,0.3454E-02,0.1789E+01,0.8947E+01,0.2672E+01,0.1002E+00,0.5677E+00,0.5190E+00,0.1270E+01,0.3340E+01,0.1789E+01,0.4474E+01,
   77,1999,   3,0.4021E+00,0.2430E+03,0.6510E+03,0.1559E+03,0.5323E+02,0.1133E+03,0.2344E+02,0.3363E+02,0.3224E+03,0.5707E+02,0.1415E+04,
   85,1999,   3,0.2689E+00,0.1727E+03,0.6678E+03,0.3153E+03,0.8527E+02,0.1280E+03,0.1297E+02,0.2576E+02,0.5286E+03,0.3873E+02,0.7259E+03,
   52,1999,   3,0.0000E+00,0.0000E+00,0.0000E+00,0.0000E+00,0.0000E+00,0.0000E+00,0.0000E+00,0.0000E+00,0.0000E+00,0.0000E+00,0.0000E+00,
   56,1999,   3,0.4819E-02,0.1873E+01,0.1789E+02,0.5826E+00,0.4578E+00,0.2289E+01,0.3329E+00,0.8323E-01,0.3329E+01,0.4162E+00,0.5410E+02,
   87,1999,   3,0.0000E+00,0.0000E+00,0.0000E+00,0.0000E+00,0.0000E+00,0.0000E+00,0.0000E+00,0.0000E+00,0.0000E+00,0.0000E+00,0.0000E+00,
   44,1999,   3,0.1578E-02,0.8175E+00,0.4088E+01,0.8584E-01,0.7059E-01,0.2282E+01,0.2647E+00,0.6481E+00,0.2439E+01,0.9129E+00,0.2044E+01,
   41,1999,   3,0.0000E+00,0.0000E+00,0.0000E+00,0.0000E+00,0.0000E+00,0.0000E+00,0.0000E+00,0.0000E+00,0.0000E+00,0.0000E+00,0.0000E+00,
   49,1999,   3,0.1183E-02,0.8107E+00,0.1147E+01,0.1381E+01,0.1563E+00,0.3025E+00,0.4905E-01,0.2575E+00,0.1839E+01,0.3066E+00,0.1124E+01,
   91,1999,   3,0.4232E-01,0.2282E+02,0.1352E+02,0.1835E+02,0.3085E+02,0.5228E+01,0.5185E+00,0.4424E+01,0.5443E+02,0.4942E+01,0.4128E+02,
   51,1999,   3,0.3507E-02,0.2543E+01,0.8478E+01,0.4091E+01,0.4633E+00,0.8961E+00,0.1454E+00,0.7630E+00,0.5450E+01,0.9084E+00,0.9386E+01,
   68,1999,   3,0.0000E+00,0.0000E+00,0.0000E+00,0.0000E+00,0.0000E+00,0.0000E+00,0.0000E+00,0.0000E+00,0.0000E+00,0.0000E+00,0.0000E+00,
   54,1999,   3,0.1486E+00,0.9751E+02,0.1399E+03,0.2053E+02,0.1155E+03,0.1796E+02,0.1283E+01,0.1796E+02,0.1540E+03,0.1925E+02,0.1296E+03,
   33,1999,   3,0.0000E+00,0.0000E+00,0.0000E+00,0.0000E+00,0.0000E+00,0.0000E+00,0.0000E+00,0.0000E+00,0.0000E+00,0.0000E+00,0.0000E+00,
   80,1999,   3,0.0000E+00,0.0000E+00,0.0000E+00,0.0000E+00,0.0000E+00,0.0000E+00,0.0000E+00,0.0000E+00,0.0000E+00,0.0000E+00,0.0000E+00,
   50,1999,   3,0.0000E+00,0.0000E+00,0.0000E+00,0.0000E+00,0.0000E+00,0.0000E+00,0.0000E+00,0.0000E+00,0.0000E+00,0.0000E+00,0.0000E+00,
   58,1999,   3,0.5535E-01,0.3063E+02,0.2259E+02,0.4496E+01,0.3222E+02,0.4638E+01,0.4724E+00,0.1042E+01,0.4135E+02,0.1514E+01,0.2204E+02,
   17,1999,   3,0.1647E+00,0.9502E+02,0.3706E+03,0.2294E+02,0.4788E+02,0.7634E+02,0.1061E+02,0.2626E+02,0.1472E+03,0.3687E+02,0.1054E+04,
   95,1999,   3,0.1031E-01,0.8115E+01,0.1690E+02,0.8146E+01,0.6088E+01,0.1784E+01,0.2661E+00,0.1396E+01,0.1602E+02,0.1662E+01,0.2080E+02,
   90,1999,   3,0.0000E+00,0.0000E+00,0.0000E+00,0.0000E+00,0.0000E+00,0.0000E+00,0.0000E+00,0.0000E+00,0.0000E+00,0.0000E+00,0.0000E+00,
   15,1999,   3,0.0000E+00,0.0000E+00,0.0000E+00,0.0000E+00,0.0000E+00,0.0000E+00,0.0000E+00,0.0000E+00,0.0000E+00,0.0000E+00,0.0000E+00,
   14,1999,   3,0.4525E-01,0.1953E+02,0.2834E+02,0.3023E+01,0.4963E+03,0.2448E+01,0.1499E+02,0.3667E+02,0.5017E+03,0.5166E+02,0.4756E+02,
   31,1999,   3,0.7565E+00,0.3398E+03,0.2862E+03,0.1755E+03,0.4260E+03,0.8285E+02,0.1936E+02,0.5368E+02,0.6843E+03,0.7304E+02,0.3969E+03,
   12,1999,   3,0.1767E-01,0.7330E+01,0.1205E+02,0.7940E+01,0.2229E+02,0.2783E+01,0.1410E+01,0.3453E+01,0.3302E+02,0.4864E+01,0.3882E+02,
   23,1999,   3,0.1416E-01,0.5539E+01,0.5350E+01,0.1078E+01,0.1649E+01,0.3545E+00,0.1205E+00,0.2882E+00,0.3081E+01,0.4088E+00,0.6535E+02,
   25,1999,   3,0.9521E+01,0.6279E+04,0.1161E+05,0.2937E+04,0.5724E+04,0.1706E+04,0.1870E+03,0.3834E+03,0.1037E+05,0.5704E+03,0.2171E+05,
   18,1999,   3,0.2469E-01,0.1152E+02,0.1439E+02,0.4115E+01,0.1725E+02,0.2174E+01,0.1320E+01,0.3180E+01,0.2354E+02,0.4500E+01,0.4667E+02,
    4,1999,   3,0.4394E-01,0.1717E+02,0.6117E+01,0.6118E+00,0.7175E+01,0.6796E+00,0.3237E+00,0.8630E+00,0.8467E+01,0.1187E+01,0.1330E+03,
   74,1999,   3,0.8881E+00,0.3824E+03,0.1645E+04,0.3793E+03,0.1148E+03,0.3273E+03,0.4724E+02,0.1156E+03,0.8214E+03,0.1628E+03,0.2255E+04,
   73,1999,   3,0.1227E-03,0.4769E-01,0.3179E+00,0.4993E+00,0.6062E+01,0.5706E+00,0.2257E+00,0.5267E+00,0.7132E+01,0.7524E+00,0.9481E+00,
   69,1999,   3,0.2250E-01,0.9312E+01,0.1880E+02,0.5392E+01,0.2421E+02,0.2990E+01,0.1585E+01,0.3774E+01,0.3259E+02,0.5358E+01,0.1302E+02,
   20,1999,   3,0.7116E+00,0.3123E+03,0.5723E+03,0.1167E+03,0.9439E+03,0.9664E+02,0.2618E+02,0.5642E+02,0.1157E+04,0.8260E+02,0.7953E+03,
   36,1999,   3,0.0000E+00,0.0000E+00,0.0000E+00,0.0000E+00,0.0000E+00,0.0000E+00,0.0000E+00,0.0000E+00,0.0000E+00,0.0000E+00,0.0000E+00,
   16,1999,   3,0.3940E-03,0.1570E+00,0.1021E+01,0.1606E+01,0.1807E+02,0.1725E+01,0.6775E+00,0.1581E+01,0.2140E+02,0.2259E+01,0.2572E+01,
   26,1999,   3,0.3308E-01,0.1637E+02,0.2132E+02,0.1224E+02,0.3974E+02,0.5716E+01,0.8360E+00,0.2029E+01,0.5770E+02,0.2865E+01,0.5066E+02,
   30,1999,   3,0.4270E-02,0.1813E+01,0.9548E+01,0.2857E+01,0.6353E+01,0.1144E+01,0.3725E+00,0.9117E+00,0.1035E+02,0.1284E+01,0.9578E+01,
   66,1999,   3,0.0000E+00,0.0000E+00,0.0000E+00,0.0000E+00,0.0000E+00,0.0000E+00,0.0000E+00,0.0000E+00,0.0000E+00,0.0000E+00,0.0000E+00,
   24,1999,   3,0.1892E-02,0.8169E+00,0.4901E+01,0.2444E+01,0.9165E-01,0.5193E+00,0.1185E+00,0.2900E+00,0.3055E+01,0.4085E+00,0.4084E+01,
   10,1999,   3,0.3414E+01,0.1456E+04,0.1103E+04,0.6386E+02,0.7660E+03,0.7224E+02,0.2268E+02,0.4628E+02,0.9021E+03,0.6897E+02,0.1256E+05,
   19,1999,   3,0.3612E+01,0.1562E+04,0.1414E+04,0.4903E+03,0.2471E+04,0.4303E+03,0.1259E+03,0.2645E+03,0.3391E+04,0.3904E+03,0.2030E+04,
   11,1999,   3,0.8426E+00,0.3638E+03,0.7354E+03,0.1167E+03,0.1310E+04,0.1252E+03,0.4804E+02,0.9830E+02,0.1552E+04,0.1463E+03,0.1292E+04,
    0,1999,   3,0.5957E-02,0.2315E+01,0.6498E+01,0.2479E+00,0.3010E+01,0.2832E+00,0.1417E+00,0.3305E+00,0.3541E+01,0.4722E+00,0.1301E-02,
   62,1999,   3,0.0000E+00,0.0000E+00,0.0000E+00,0.0000E+00,0.0000E+00,0.0000E+00,0.0000E+00,0.0000E+00,0.0000E+00,0.0000E+00,0.0000E+00,
   92,1999,   4,0.4144E-01,0.2115E+02,0.9732E+02,0.3409E+02,0.4919E+01,0.1100E+02,0.3409E+01,0.1141E+02,0.5001E+02,0.1482E+02,0.8388E+02,
   61,1999,   4,0.8687E+00,0.5512E+03,0.7056E+03,0.8030E+03,0.2496E+03,0.1412E+03,0.1196E+02,0.4480E+02,0.1194E+04,0.5675E+02,0.9027E+03,
   86,1999,   4,0.1865E+00,0.1121E+04,0.4306E+03,0.5766E+02,0.2790E+03,0.6877E+02,0.8706E+01,0.3512E+02,0.4054E+03,0.4382E+02,0.1964E+04,
   34,1999,   4,0.2022E+02,0.8475E+04,0.3380E+04,0.6130E+04,0.1549E+05,0.2161E+04,0.1229E+03,0.1454E+03,0.2378E+05,0.2683E+03,0.3309E+04,
   64,1999,   4,0.1247E+02,0.6998E+04,0.8415E+04,0.4480E+04,0.5581E+04,0.3568E+04,0.1373E+03,0.2136E+03,0.1363E+05,0.3509E+03,0.7160E+04,
   63,1999,   4,0.1043E-01,0.5405E+01,0.2702E+02,0.8071E+01,0.3027E+00,0.1715E+01,0.1567E+01,0.3837E+01,0.1009E+02,0.5405E+01,0.1351E+02,
   59,1999,   4,0.2072E+00,0.1199E+03,0.8409E+02,0.1038E+02,0.3024E+02,0.2862E+02,0.1074E+01,0.5367E+01,0.6924E+02,0.6441E+01,0.7478E+02,
   55,1999,   4,0.4938E-01,0.3163E+02,0.7842E+01,0.7589E+00,0.1649E+02,0.3971E+01,0.7897E+00,0.1050E+01,0.2122E+02,0.1839E+01,0.9212E+01,
   65,1999,   4,0.1222E+00,0.8074E+02,0.1435E+03,0.4831E+02,0.7164E+02,0.5034E+02,0.6251E+01,0.8711E+01,0.1703E+03,0.1496E+02,0.1847E+03,
   32,1999,   4,0.7585E+00,0.4903E+03,0.2203E+03,0.1966E+02,0.1484E+03,0.4507E+02,0.1529E+02,0.3183E+02,0.2131E+03,0.4712E+02,0.1590E+03,
   53,1999,   4,0.2216E-01,0.1432E+02,0.5904E-01,0.1410E+01,0.7528E-01,0.2196E+01,0.2362E-01,0.6832E+00,0.3682E+01,0.7068E+00,0.7530E+01,
   47,1999,   4,0.0000E+00,0.0000E+00,0.0000E+00,0.0000E+00,0.0000E+00,0.0000E+00,0.0000E+00,0.0000E+00,0.0000E+00,0.0000E+00,0.0000E+00,
   81,1999,   4,0.0000E+00,0.0000E+00,0.0000E+00,0.0000E+00,0.0000E+00,0.0000E+00,0.0000E+00,0.0000E+00,0.0000E+00,0.0000E+00,0.0000E+00,
   82,1999,   4,0.4383E-01,0.3028E+02,0.0000E+00,0.0000E+00,0.0000E+00,0.1892E+01,0.0000E+00,0.1892E+02,0.1892E+01,0.1892E+02,0.3028E+02,
   79,1999,   4,0.3454E-02,0.1789E+01,0.8947E+01,0.2672E+01,0.1002E+00,0.5677E+00,0.5190E+00,0.1270E+01,0.3340E+01,0.1789E+01,0.4474E+01,
   77,1999,   4,0.4002E+00,0.2700E+03,0.6712E+03,0.1107E+03,0.5591E+02,0.1443E+03,0.2720E+02,0.2536E+02,0.3109E+03,0.5256E+02,0.1669E+04,
   85,1999,   4,0.2712E+00,0.1699E+03,0.5708E+03,0.3820E+03,0.1191E+03,0.1205E+03,0.1129E+02,0.2417E+02,0.6216E+03,0.3546E+02,0.7820E+03,
   52,1999,   4,0.0000E+00,0.0000E+00,0.0000E+00,0.0000E+00,0.0000E+00,0.0000E+00,0.0000E+00,0.0000E+00,0.0000E+00,0.0000E+00,0.0000E+00,
   56,1999,   4,0.5288E-02,0.2055E+01,0.1963E+02,0.6392E+00,0.5022E+00,0.2511E+01,0.3653E+00,0.9131E-01,0.3652E+01,0.4566E+00,0.5935E+02,
   87,1999,   4,0.0000E+00,0.0000E+00,0.0000E+00,0.0000E+00,0.0000E+00,0.0000E+00,0.0000E+00,0.0000E+00,0.0000E+00,0.0000E+00,0.0000E+00,
   44,1999,   4,0.1578E-02,0.8175E+00,0.4088E+01,0.8584E-01,0.7059E-01,0.2282E+01,0.2647E+00,0.6481E+00,0.2439E+01,0.9129E+00,0.2044E+01,
   41,1999,   4,0.0000E+00,0.0000E+00,0.0000E+00,0.0000E+00,0.0000E+00,0.0000E+00,0.0000E+00,0.0000E+00,0.0000E+00,0.0000E+00,0.0000E+00,
   49,1999,   4,0.1052E-02,0.6510E+00,0.7267E+00,0.1227E+01,0.1390E+00,0.2689E+00,0.4360E-01,0.2289E+00,0.1635E+01,0.2725E+00,0.9840E+00,
   91,1999,   4,0.4070E-01,0.2033E+02,0.1447E+02,0.1655E+02,0.3076E+02,0.4954E+01,0.5045E+00,0.4035E+01,0.5226E+02,0.4540E+01,0.4068E+02,
   51,1999,   4,0.3331E-02,0.2071E+01,0.4890E+01,0.3886E+01,0.4401E+00,0.8513E+00,0.1381E+00,0.7249E+00,0.5177E+01,0.8629E+00,0.3739E+01,
   68,1999,   4,0.0000E+00,0.0000E+00,0.0000E+00,0.0000E+00,0.0000E+00,0.0000E+00,0.0000E+00,0.0000E+00,0.0000E+00,0.0000E+00,0.0000E+00,
   54,1999,   4,0.1324E+00,0.8572E+02,0.5372E+02,0.1143E+02,0.6744E+02,0.1714E+02,0.4572E+01,0.1257E+02,0.9601E+02,0.1715E+02,0.6515E+02,
   33,1999,   4,0.0000E+00,0.0000E+00,0.0000E+00,0.0000E+00,0.0000E+00,0.0000E+00,0.0000E+00,0.0000E+00,0.0000E+00,0.0000E+00,0.0000E+00,
   80,1999,   4,0.0000E+00,0.0000E+00,0.0000E+00,0.0000E+00,0.0000E+00,0.0000E+00,0.0000E+00,0.0000E+00,0.0000E+00,0.0000E+00,0.0000E+00,
   50,1999,   4,0.0000E+00,0.0000E+00,0.0000E+00,0.0000E+00,0.0000E+00,0.0000E+00,0.0000E+00,0.0000E+00,0.0000E+00,0.0000E+00,0.0000E+00,
   58,1999,   4,0.5430E-01,0.3165E+02,0.1970E+02,0.4305E+01,0.2302E+02,0.4774E+01,0.3471E+00,0.1359E+01,0.3210E+02,0.1706E+01,0.3552E+02,
   17,1999,   4,0.1740E+00,0.9026E+02,0.4131E+03,0.3227E+02,0.3395E+02,0.6423E+02,0.1012E+02,0.2801E+02,0.1305E+03,0.3813E+02,0.1046E+04,
   95,1999,   4,0.9876E-02,0.6133E+01,0.1706E+02,0.7461E+01,0.6245E+01,0.1635E+01,0.2514E+00,0.1344E+01,0.1534E+02,0.1596E+01,0.3079E+02,
   90,1999,   4,0.0000E+00,0.0000E+00,0.0000E+00,0.0000E+00,0.0000E+00,0.0000E+00,0.0000E+00,0.0000E+00,0.0000E+00,0.0000E+00,0.0000E+00,
   15,1999,   4,0.0000E+00,0.0000E+00,0.0000E+00,0.0000E+00,0.0000E+00,0.0000E+00,0.0000E+00,0.0000E+00,0.0000E+00,0.0000E+00,0.0000E+00,
   14,1999,   4,0.4481E-01,0.1934E+02,0.3023E+02,0.3061E+01,0.5423E+03,0.2491E+01,0.1580E+02,0.3865E+02,0.5479E+03,0.5445E+02,0.6037E+02,
   31,1999,   4,0.6101E+00,0.2766E+03,0.3062E+03,0.1787E+03,0.3566E+03,0.5669E+02,0.1600E+02,0.4679E+02,0.5920E+03,0.6279E+02,0.4308E+03,
   12,1999,   4,0.1679E-01,0.6952E+01,0.1109E+02,0.7701E+01,0.2116E+02,0.2739E+01,0.1355E+01,0.3319E+01,0.3160E+02,0.4674E+01,0.3972E+02,
   23,1999,   4,0.1416E-01,0.5539E+01,0.5350E+01,0.1078E+01,0.1649E+01,0.3545E+00,0.1205E+00,0.2882E+00,0.3081E+01,0.4088E+00,0.6535E+02,
   25,1999,   4,0.8637E+01,0.6116E+04,0.1142E+05,0.2589E+04,0.5408E+04,0.1634E+04,0.2401E+03,0.4767E+03,0.9631E+04,0.7168E+03,0.2095E+05,
   18,1999,   4,0.2469E-01,0.1152E+02,0.1153E+02,0.3861E+01,0.1625E+02,0.2049E+01,0.1842E+01,0.4459E+01,0.2216E+02,0.6301E+01,0.4667E+02,
    4,1999,   4,0.4350E-01,0.1698E+02,0.5360E+01,0.5597E+00,0.6542E+01,0.6201E+00,0.3016E+00,0.8087E+00,0.7722E+01,0.1110E+01,0.1320E+03,
   74,1999,   4,0.8314E+00,0.3579E+03,0.1538E+04,0.8065E+03,0.1829E+03,0.6984E+03,0.5887E+02,0.1441E+03,0.1688E+04,0.2030E+03,0.2114E+04,
   73,1999,   4,0.1227E-03,0.4769E-01,0.3179E+00,0.4993E+00,0.6062E+01,0.5706E+00,0.2257E+00,0.5267E+00,0.7132E+01,0.7524E+00,0.9481E+00,
   69,1999,   4,0.2250E-01,0.9312E+01,0.1880E+02,0.5392E+01,0.2421E+02,0.2990E+01,0.1585E+01,0.3774E+01,0.3259E+02,0.5358E+01,0.1302E+02,
   20,1999,   4,0.7257E+00,0.3183E+03,0.6940E+03,0.1184E+03,0.9645E+03,0.9857E+02,0.2658E+02,0.5723E+02,0.1181E+04,0.8381E+02,0.8098E+03,
   36,1999,   4,0.0000E+00,0.0000E+00,0.0000E+00,0.0000E+00,0.0000E+00,0.0000E+00,0.0000E+00,0.0000E+00,0.0000E+00,0.0000E+00,0.0000E+00,
   16,1999,   4,0.3940E-03,0.1570E+00,0.1021E+01,0.1606E+01,0.1807E+02,0.1725E+01,0.6775E+00,0.1581E+01,0.2140E+02,0.2259E+01,0.2572E+01,
   26,1999,   4,0.3308E-01,0.1637E+02,0.2132E+02,0.1224E+02,0.3974E+02,0.5716E+01,0.8360E+00,0.2029E+01,0.5770E+02,0.2865E+01,0.5066E+02,
   30,1999,   4,0.4270E-02,0.1813E+01,0.9548E+01,0.2857E+01,0.6353E+01,0.1144E+01,0.3725E+00,0.9117E+00,0.1035E+02,0.1284E+01,0.9578E+01,
   66,1999,   4,0.0000E+00,0.0000E+00,0.0000E+00,0.0000E+00,0.0000E+00,0.0000E+00,0.0000E+00,0.0000E+00,0.0000E+00,0.0000E+00,0.0000E+00,
   24,1999,   4,0.1892E-02,0.8169E+00,0.4901E+01,0.2444E+01,0.9165E-01,0.5193E+00,0.1185E+00,0.2900E+00,0.3055E+01,0.4085E+00,0.4084E+01,
   10,1999,   4,0.3090E+01,0.1317E+04,0.9015E+03,0.6066E+02,0.7271E+03,0.6859E+02,0.1862E+02,0.3804E+02,0.8564E+03,0.5667E+02,0.8256E+04,
   19,1999,   4,0.3585E+01,0.1550E+04,0.1595E+04,0.5145E+03,0.2579E+04,0.4516E+03,0.1405E+03,0.2943E+03,0.3546E+04,0.4348E+03,0.2103E+04,
   11,1999,   4,0.8443E+00,0.3646E+03,0.8770E+03,0.1267E+03,0.1432E+04,0.1366E+03,0.4814E+02,0.9851E+02,0.1695E+04,0.1466E+03,0.1364E+04,
    0,1999,   4,0.5957E-02,0.2315E+01,0.6498E+01,0.2479E+00,0.3010E+01,0.2832E+00,0.1417E+00,0.3305E+00,0.3541E+01,0.4722E+00,0.1301E-02,
   62,1999,   4,0.0000E+00,0.0000E+00,0.0000E+00,0.0000E+00,0.0000E+00,0.0000E+00,0.0000E+00,0.0000E+00,0.0000E+00,0.0000E+00,0.0000E+00,
   92,1999,   5,0.3895E-01,0.1925E+02,0.9465E+02,0.3126E+02,0.4778E+01,0.1014E+02,0.3296E+01,0.1081E+02,0.4618E+02,0.1411E+02,0.7424E+02,
   61,1999,   5,0.7917E+00,0.4830E+03,0.3799E+03,0.6753E+03,0.3136E+03,0.9510E+02,0.1016E+02,0.3068E+02,0.1084E+04,0.4084E+02,0.5824E+03,
   86,1999,   5,0.1043E+00,0.1707E+04,0.3555E+03,0.6346E+02,0.3743E+03,0.3368E+02,0.7658E+01,0.3486E+02,0.4715E+03,0.4251E+02,0.1992E+04,
   34,1999,   5,0.1963E+02,0.8862E+04,0.2849E+04,0.5708E+04,0.1845E+05,0.1967E+04,0.1097E+03,0.1587E+03,0.2613E+05,0.2684E+03,0.3896E+04,
   64,1999,   5,0.1155E+02,0.6245E+04,0.6606E+04,0.4594E+04,0.4525E+04,0.2515E+04,0.1132E+03,0.2058E+03,0.1163E+05,0.3190E+03,0.5790E+04,
   63,1999,   5,0.1043E-01,0.5405E+01,0.2702E+02,0.8071E+01,0.3027E+00,0.1715E+01,0.1567E+01,0.3837E+01,0.1009E+02,0.5405E+01,0.1351E+02,
   59,1999,   5,0.2117E+00,0.1243E+03,0.9095E+02,0.4022E+01,0.1828E+02,0.2248E+02,0.5486E+00,0.5484E+01,0.4479E+02,0.6033E+01,0.8135E+02,
   55,1999,   5,0.4038E-01,0.2461E+02,0.6272E+01,0.4978E+00,0.1175E+02,0.3556E+01,0.6522E+00,0.1946E+01,0.1580E+02,0.2599E+01,0.7348E+01,
   65,1999,   5,0.1006E+00,0.5760E+02,0.1204E+03,0.6276E+02,0.6261E+02,0.3189E+02,0.4342E+01,0.1253E+02,0.1573E+03,0.1687E+02,0.1106E+03,
   32,1999,   5,0.7221E+00,0.4821E+03,0.1500E+03,0.1824E+02,0.1393E+03,0.4866E+02,0.8832E+01,0.5423E+02,0.2062E+03,0.6306E+02,0.9811E+02,
   53,1999,   5,0.2178E-01,0.1367E+02,0.6396E-01,0.1397E+01,0.1907E+01,0.4907E+01,0.2362E-01,0.1040E+01,0.8211E+01,0.1063E+01,0.5666E+01,
   47,1999,   5,0.0000E+00,0.0000E+00,0.0000E+00,0.0000E+00,0.0000E+00,0.0000E+00,0.0000E+00,0.0000E+00,0.0000E+00,0.0000E+00,0.0000E+00,
   81,1999,   5,0.0000E+00,0.0000E+00,0.0000E+00,0.0000E+00,0.0000E+00,0.0000E+00,0.0000E+00,0.0000E+00,0.0000E+00,0.0000E+00,0.0000E+00,
   82,1999,   5,0.4383E-01,0.3028E+02,0.0000E+00,0.0000E+00,0.0000E+00,0.1892E+01,0.0000E+00,0.1892E+02,0.1892E+01,0.1892E+02,0.3028E+02,
   79,1999,   5,0.3454E-02,0.1789E+01,0.8947E+01,0.2672E+01,0.1002E+00,0.5677E+00,0.5190E+00,0.1270E+01,0.3340E+01,0.1789E+01,0.4474E+01,
   77,1999,   5,0.2633E+00,0.1588E+03,0.2922E+03,0.9059E+02,0.6450E+02,0.8115E+02,0.1396E+02,0.3608E+02,0.2362E+03,0.5004E+02,0.3738E+03,
   85,1999,   5,0.2582E+00,0.1575E+03,0.3792E+03,0.3102E+03,0.1302E+03,0.4905E+02,0.5472E+01,0.2553E+02,0.4895E+03,0.3100E+02,0.2196E+03,
   52,1999,   5,0.0000E+00,0.0000E+00,0.0000E+00,0.0000E+00,0.0000E+00,0.0000E+00,0.0000E+00,0.0000E+00,0.0000E+00,0.0000E+00,0.0000E+00,
   56,1999,   5,0.0000E+00,0.0000E+00,0.0000E+00,0.0000E+00,0.0000E+00,0.0000E+00,0.0000E+00,0.0000E+00,0.0000E+00,0.0000E+00,0.0000E+00,
   87,1999,   5,0.0000E+00,0.0000E+00,0.0000E+00,0.0000E+00,0.0000E+00,0.0000E+00,0.0000E+00,0.0000E+00,0.0000E+00,0.0000E+00,0.0000E+00,
   44,1999,   5,0.1578E-02,0.8175E+00,0.4088E+01,0.8584E-01,0.7059E-01,0.2282E+01,0.2647E+00,0.6481E+00,0.2439E+01,0.9129E+00,0.2044E+01,
   41,1999,   5,0.0000E+00,0.0000E+00,0.0000E+00,0.0000E+00,0.0000E+00,0.0000E+00,0.0000E+00,0.0000E+00,0.0000E+00,0.0000E+00,0.0000E+00,
   49,1999,   5,0.1008E-02,0.6669E+00,0.5829E+00,0.1176E+01,0.1332E+00,0.2577E+00,0.4178E-01,0.2194E+00,0.1567E+01,0.2611E+00,0.9083E+00,
   91,1999,   5,0.4039E-01,0.2008E+02,0.1527E+02,0.1621E+02,0.3074E+02,0.4899E+01,0.5006E+00,0.3963E+01,0.5184E+02,0.4463E+01,0.4160E+02,
   51,1999,   5,0.1929E-02,0.1199E+01,0.3164E+01,0.2250E+01,0.2548E+00,0.4929E+00,0.7994E-01,0.4197E+00,0.2997E+01,0.4996E+00,0.5162E+01,
   68,1999,   5,0.0000E+00,0.0000E+00,0.0000E+00,0.0000E+00,0.0000E+00,0.0000E+00,0.0000E+00,0.0000E+00,0.0000E+00,0.0000E+00,0.0000E+00,
   54,1999,   5,0.1188E+00,0.7077E+02,0.4718E+02,0.3282E+02,0.3077E+02,0.1231E+02,0.2051E+01,0.1436E+02,0.7590E+02,0.1641E+02,0.4923E+02,
   33,1999,   5,0.0000E+00,0.0000E+00,0.0000E+00,0.0000E+00,0.0000E+00,0.0000E+00,0.0000E+00,0.0000E+00,0.0000E+00,0.0000E+00,0.0000E+00,
   80,1999,   5,0.0000E+00,0.0000E+00,0.0000E+00,0.0000E+00,0.0000E+00,0.0000E+00,0.0000E+00,0.0000E+00,0.0000E+00,0.0000E+00,0.0000E+00,
   50,1999,   5,0.0000E+00,0.0000E+00,0.0000E+00,0.0000E+00,0.0000E+00,0.0000E+00,0.0000E+00,0.0000E+00,0.0000E+00,0.0000E+00,0.0000E+00,
   58,1999,   5,0.4888E-01,0.2562E+02,0.2069E+02,0.2906E+01,0.1086E+02,0.3922E+01,0.3108E+00,0.8068E+00,0.1768E+02,0.1118E+01,0.2429E+02,
   17,1999,   5,0.9581E-01,0.5632E+02,0.1489E+03,0.2043E+02,0.3194E+02,0.5189E+02,0.1623E+02,0.1877E+02,0.1043E+03,0.3499E+02,0.2770E+03,
   95,1999,   5,0.7904E-02,0.3985E+01,0.1967E+02,0.6624E+01,0.4196E+01,0.1452E+01,0.2079E+00,0.1093E+01,0.1227E+02,0.1301E+01,0.2346E+02,
   90,1999,   5,0.0000E+00,0.0000E+00,0.0000E+00,0.0000E+00,0.0000E+00,0.0000E+00,0.0000E+00,0.0000E+00,0.0000E+00,0.0000E+00,0.0000E+00,
   15,1999,   5,0.0000E+00,0.0000E+00,0.0000E+00,0.0000E+00,0.0000E+00,0.0000E+00,0.0000E+00,0.0000E+00,0.0000E+00,0.0000E+00,0.0000E+00,
   14,1999,   5,0.4613E-01,0.1991E+02,0.3089E+02,0.3125E+01,0.5502E+03,0.2563E+01,0.1769E+02,0.4328E+02,0.5559E+03,0.6097E+02,0.5550E+02,
   31,1999,   5,0.5251E+00,0.2399E+03,0.2526E+03,0.1427E+03,0.2967E+03,0.4532E+02,0.1548E+02,0.4553E+02,0.4847E+03,0.6100E+02,0.3334E+03,
   12,1999,   5,0.1569E-01,0.6479E+01,0.1120E+02,0.7676E+01,0.1948E+02,0.2742E+01,0.1309E+01,0.3205E+01,0.2990E+02,0.4513E+01,0.3919E+02,
   23,1999,   5,0.1416E-01,0.5539E+01,0.5350E+01,0.1078E+01,0.1649E+01,0.3545E+00,0.1205E+00,0.2882E+00,0.3081E+01,0.4088E+00,0.6535E+02,
   25,1999,   5,0.8319E+01,0.6449E+04,0.3363E+04,0.3172E+04,0.4878E+04,0.1818E+04,0.2267E+03,0.4640E+03,0.9867E+04,0.6907E+03,0.1254E+05,
   18,1999,   5,0.2425E-01,0.1133E+02,0.5867E+01,0.4082E+01,0.1712E+02,0.2158E+01,0.1927E+01,0.4667E+01,0.2336E+02,0.6595E+01,0.2065E+02,
    4,1999,   5,0.4350E-01,0.1698E+02,0.7025E+01,0.5597E+00,0.6542E+01,0.6200E+00,0.3016E+00,0.8087E+00,0.7722E+01,0.1110E+01,0.1324E+03,
   74,1999,   5,0.8628E+00,0.3714E+03,0.1594E+04,0.3363E+03,0.9212E+02,0.2899E+03,0.4531E+02,0.9267E+02,0.7184E+03,0.1380E+03,0.2173E+04,
   73,1999,   5,0.1227E-03,0.4769E-01,0.3179E+00,0.4993E+00,0.6062E+01,0.5706E+00,0.2257E+00,0.5267E+00,0.7132E+01,0.7524E+00,0.9481E+00,
   69,1999,   5,0.2250E-01,0.9312E+01,0.1880E+02,0.5392E+01,0.2421E+02,0.2990E+01,0.1585E+01,0.3774E+01,0.3259E+02,0.5358E+01,0.1302E+02,
   20,1999,   5,0.6362E+00,0.2797E+03,0.7617E+03,0.1211E+03,0.9975E+03,0.1017E+03,0.3997E+02,0.8441E+02,0.1220E+04,0.1244E+03,0.8138E+03,
   36,1999,   5,0.0000E+00,0.0000E+00,0.0000E+00,0.0000E+00,0.0000E+00,0.0000E+00,0.0000E+00,0.0000E+00,0.0000E+00,0.0000E+00,0.0000E+00,
   16,1999,   5,0.3940E-03,0.1570E+00,0.1021E+01,0.1606E+01,0.1807E+02,0.1725E+01,0.6775E+00,0.1581E+01,0.2140E+02,0.2259E+01,0.2572E+01,
   26,1999,   5,0.3308E-01,0.1637E+02,0.2132E+02,0.1224E+02,0.3974E+02,0.5716E+01,0.8360E+00,0.2029E+01,0.5770E+02,0.2865E+01,0.5066E+02,
   30,1999,   5,0.4709E-02,0.2002E+01,0.1025E+02,0.2907E+01,0.6955E+01,0.1201E+01,0.3999E+00,0.9789E+00,0.1106E+02,0.1379E+01,0.8044E+01,
   66,1999,   5,0.0000E+00,0.0000E+00,0.0000E+00,0.0000E+00,0.0000E+00,0.0000E+00,0.0000E+00,0.0000E+00,0.0000E+00,0.0000E+00,0.0000E+00,
   24,1999,   5,0.1892E-02,0.8169E+00,0.4901E+01,0.2444E+01,0.9165E-01,0.5193E+00,0.1185E+00,0.2900E+00,0.3055E+01,0.4085E+00,0.4084E+01,
   10,1999,   5,0.4413E+01,0.1887E+04,0.6081E+03,0.5610E+02,0.6718E+03,0.6338E+02,0.3072E+02,0.6260E+02,0.7913E+03,0.9332E+02,0.5808E+04,
   19,1999,   5,0.3412E+01,0.1475E+04,0.1268E+04,0.4983E+03,0.2440E+04,0.4192E+03,0.1198E+03,0.2526E+03,0.3358E+04,0.3724E+03,0.1794E+04,
   11,1999,   5,0.8443E+00,0.3646E+03,0.1017E+04,0.1218E+03,0.1373E+04,0.1310E+03,0.4814E+02,0.9851E+02,0.1625E+04,0.1466E+03,0.1505E+04,
    0,1999,   5,0.5957E-02,0.2315E+01,0.6498E+01,0.2479E+00,0.3010E+01,0.2832E+00,0.1417E+00,0.3305E+00,0.3541E+01,0.4722E+00,0.1301E-02,
   62,1999,   5,0.0000E+00,0.0000E+00,0.0000E+00,0.0000E+00,0.0000E+00,0.0000E+00,0.0000E+00,0.0000E+00,0.0000E+00,0.0000E+00,0.0000E+00,
   92,1999,   6,0.4311E-01,0.1988E+02,0.1068E+03,0.3506E+02,0.4848E+01,0.1077E+02,0.3470E+01,0.1173E+02,0.5069E+02,0.1520E+02,0.1276E+03,
   61,1999,   6,0.7864E+00,0.4568E+03,0.4242E+03,0.4126E+03,0.5180E+03,0.1388E+03,0.1230E+02,0.3228E+02,0.1069E+04,0.4458E+02,0.5725E+03,
   86,1999,   6,0.1112E+00,0.1609E+04,0.3696E+03,0.6929E+02,0.3782E+03,0.2893E+02,0.5337E+01,0.3766E+02,0.4764E+03,0.4300E+02,0.3228E+04,
   34,1999,   6,0.2028E+02,0.8858E+04,0.2989E+04,0.5905E+04,0.1898E+05,0.2047E+04,0.1130E+03,0.1409E+03,0.2693E+05,0.2538E+03,0.4125E+04,
   64,1999,   6,0.1036E+02,0.5522E+04,0.5638E+04,0.3111E+04,0.5307E+04,0.2230E+04,0.1059E+03,0.3099E+03,0.1065E+05,0.4158E+03,0.6759E+04,
   63,1999,   6,0.1043E-01,0.5405E+01,0.2702E+02,0.8071E+01,0.3027E+00,0.1715E+01,0.1567E+01,0.3837E+01,0.1009E+02,0.5405E+01,0.1351E+02,
   59,1999,   6,0.2153E+00,0.1413E+03,0.8141E+02,0.2602E+01,0.2268E+02,0.1673E+02,0.5578E+00,0.4275E+01,0.4201E+02,0.4833E+01,0.5279E+02,
   55,1999,   6,0.4055E-01,0.2433E+02,0.3384E+01,0.7956E+00,0.1301E+02,0.3161E+01,0.3668E+00,0.3419E+01,0.1696E+02,0.3786E+01,0.7334E+01,
   65,1999,   6,0.1031E+00,0.5734E+02,0.9949E+02,0.9954E+02,0.4334E+02,0.3301E+02,0.5805E+01,0.8715E+01,0.1759E+03,0.1452E+02,0.1202E+03,
   32,1999,   6,0.7541E+00,0.4369E+03,0.2120E+03,0.1946E+02,0.1246E+03,0.5126E+02,0.1530E+02,0.4429E+02,0.1953E+03,0.5960E+02,0.9684E+02,
   53,1999,   6,0.2200E-01,0.1232E+02,0.8175E-01,0.1596E+01,0.1924E+01,0.2860E+01,0.2180E-01,0.1969E+01,0.6380E+01,0.1990E+01,0.5640E+01,
   47,1999,   6,0.0000E+00,0.0000E+00,0.0000E+00,0.0000E+00,0.0000E+00,0.0000E+00,0.0000E+00,0.0000E+00,0.0000E+00,0.0000E+00,0.0000E+00,
   81,1999,   6,0.0000E+00,0.0000E+00,0.0000E+00,0.0000E+00,0.0000E+00,0.0000E+00,0.0000E+00,0.0000E+00,0.0000E+00,0.0000E+00,0.0000E+00,
   82,1999,   6,0.4383E-01,0.3028E+02,0.0000E+00,0.0000E+00,0.0000E+00,0.1892E+01,0.0000E+00,0.1892E+02,0.1892E+01,0.1892E+02,0.3028E+02,
   79,1999,   6,0.3454E-02,0.1789E+01,0.8947E+01,0.2672E+01,0.1002E+00,0.5677E+00,0.5190E+00,0.1270E+01,0.3340E+01,0.1789E+01,0.4474E+01,
   77,1999,   6,0.2557E+00,0.1283E+03,0.2884E+03,0.7331E+02,0.2660E+02,0.4189E+02,0.2749E+02,0.4768E+02,0.1418E+03,0.7517E+02,0.3853E+03,
   85,1999,   6,0.2651E+00,0.1563E+03,0.3076E+03,0.2883E+03,0.1389E+03,0.4202E+02,0.7793E+01,0.2159E+02,0.4692E+03,0.2938E+02,0.1758E+03,
   52,1999,   6,0.0000E+00,0.0000E+00,0.0000E+00,0.0000E+00,0.0000E+00,0.0000E+00,0.0000E+00,0.0000E+00,0.0000E+00,0.0000E+00,0.0000E+00,
   56,1999,   6,0.0000E+00,0.0000E+00,0.0000E+00,0.0000E+00,0.0000E+00,0.0000E+00,0.0000E+00,0.0000E+00,0.0000E+00,0.0000E+00,0.0000E+00,
   87,1999,   6,0.0000E+00,0.0000E+00,0.0000E+00,0.0000E+00,0.0000E+00,0.0000E+00,0.0000E+00,0.0000E+00,0.0000E+00,0.0000E+00,0.0000E+00,
   44,1999,   6,0.1578E-02,0.8175E+00,0.4088E+01,0.8584E-01,0.7059E-01,0.2282E+01,0.2647E+00,0.6481E+00,0.2439E+01,0.9129E+00,0.2044E+01,
   41,1999,   6,0.0000E+00,0.0000E+00,0.0000E+00,0.0000E+00,0.0000E+00,0.0000E+00,0.0000E+00,0.0000E+00,0.0000E+00,0.0000E+00,0.0000E+00,
   49,1999,   6,0.1140E-02,0.6888E+00,0.9083E+00,0.1329E+01,0.1506E+00,0.2913E+00,0.4724E-01,0.2480E+00,0.1771E+01,0.2952E+00,0.5526E+00,
   91,1999,   6,0.3965E-01,0.1996E+02,0.1629E+02,0.1539E+02,0.3071E+02,0.4790E+01,0.5007E+00,0.3780E+01,0.5089E+02,0.4280E+01,0.4326E+02,
   51,1999,   6,0.8767E-03,0.5299E+00,0.3785E+00,0.1023E+01,0.1158E+00,0.2241E+00,0.3633E-01,0.1908E+00,0.1363E+01,0.2271E+00,0.8326E+00,
   68,1999,   6,0.0000E+00,0.0000E+00,0.0000E+00,0.0000E+00,0.0000E+00,0.0000E+00,0.0000E+00,0.0000E+00,0.0000E+00,0.0000E+00,0.0000E+00,
   54,1999,   6,0.1240E+00,0.7605E+02,0.5570E+02,0.1392E+02,0.1617E+03,0.1499E+02,0.6427E+01,0.1500E+02,0.1907E+03,0.2142E+02,0.4070E+02,
   33,1999,   6,0.0000E+00,0.0000E+00,0.0000E+00,0.0000E+00,0.0000E+00,0.0000E+00,0.0000E+00,0.0000E+00,0.0000E+00,0.0000E+00,0.0000E+00,
   80,1999,   6,0.0000E+00,0.0000E+00,0.0000E+00,0.0000E+00,0.0000E+00,0.0000E+00,0.0000E+00,0.0000E+00,0.0000E+00,0.0000E+00,0.0000E+00,
   50,1999,   6,0.0000E+00,0.0000E+00,0.0000E+00,0.0000E+00,0.0000E+00,0.0000E+00,0.0000E+00,0.0000E+00,0.0000E+00,0.0000E+00,0.0000E+00,
   58,1999,   6,0.4769E-01,0.2651E+02,0.2055E+02,0.7013E+01,0.2411E+02,0.7814E+01,0.3319E+00,0.9567E+00,0.3894E+02,0.1289E+01,0.2257E+02,
   17,1999,   6,0.4079E-01,0.2368E+02,0.2977E+02,0.1398E+02,0.2787E+02,0.6781E+01,0.6029E+01,0.8216E+01,0.4864E+02,0.1425E+02,0.3623E+02,
   95,1999,   6,0.7422E-02,0.4094E+01,0.1346E+02,0.5586E+01,0.4711E+01,0.1225E+01,0.1944E+00,0.1030E+01,0.1152E+02,0.1224E+01,0.2626E+02,
   90,1999,   6,0.0000E+00,0.0000E+00,0.0000E+00,0.0000E+00,0.0000E+00,0.0000E+00,0.0000E+00,0.0000E+00,0.0000E+00,0.0000E+00,0.0000E+00,
   15,1999,   6,0.0000E+00,0.0000E+00,0.0000E+00,0.0000E+00,0.0000E+00,0.0000E+00,0.0000E+00,0.0000E+00,0.0000E+00,0.0000E+00,0.0000E+00,
   14,1999,   6,0.4569E-01,0.1972E+02,0.2749E+02,0.3032E+01,0.5014E+03,0.2459E+01,0.1820E+02,0.4452E+02,0.5069E+03,0.6273E+02,0.4951E+02,
   31,1999,   6,0.5590E+00,0.2690E+03,0.2128E+03,0.1367E+03,0.2498E+03,0.4162E+02,0.1724E+02,0.7320E+02,0.4281E+03,0.9043E+02,0.3309E+03,
   12,1999,   6,0.1591E-01,0.6573E+01,0.1753E+02,0.7462E+01,0.2003E+02,0.2694E+01,0.1301E+01,0.3185E+01,0.3019E+02,0.4485E+01,0.4026E+02,
   23,1999,   6,0.1416E-01,0.5539E+01,0.5350E+01,0.1078E+01,0.1649E+01,0.3545E+00,0.1205E+00,0.2882E+00,0.3081E+01,0.4088E+00,0.6535E+02,
   25,1999,   6,0.8343E+01,0.6751E+04,0.4511E+04,0.2732E+04,0.4683E+04,0.1682E+04,0.2683E+03,0.5483E+03,0.9098E+04,0.8166E+03,0.1476E+05,
   18,1999,   6,0.2294E-01,0.8158E+02,0.3085E+03,0.1232E+03,0.8129E+02,0.4305E+02,0.3426E+01,0.9343E+01,0.2475E+03,0.1277E+02,0.2653E+03,
    4,1999,   6,0.4350E-01,0.1698E+02,0.7796E+01,0.5597E+00,0.6542E+01,0.6200E+00,0.3016E+00,0.8087E+00,0.7722E+01,0.1110E+01,0.1372E+03,
   74,1999,   6,0.8724E+00,0.3756E+03,0.1628E+04,0.5954E+03,0.1373E+03,0.5150E+03,0.4766E+02,0.9742E+02,0.1248E+04,0.1451E+03,0.2202E+04,
   73,1999,   6,0.1227E-03,0.4769E-01,0.3179E+00,0.4993E+00,0.6062E+01,0.5706E+00,0.2257E+00,0.5267E+00,0.7132E+01,0.7524E+00,0.9481E+00,
   69,1999,   6,0.2250E-01,0.9312E+01,0.1880E+02,0.5392E+01,0.2421E+02,0.2990E+01,0.1585E+01,0.3774E+01,0.3259E+02,0.5358E+01,0.1302E+02,
   20,1999,   6,0.5775E+00,0.2544E+03,0.7822E+03,0.1156E+03,0.9308E+03,0.9539E+02,0.3662E+02,0.7762E+02,0.1142E+04,0.1142E+03,0.7428E+03,
   36,1999,   6,0.0000E+00,0.0000E+00,0.0000E+00,0.0000E+00,0.0000E+00,0.0000E+00,0.0000E+00,0.0000E+00,0.0000E+00,0.0000E+00,0.0000E+00,
   16,1999,   6,0.3940E-03,0.1570E+00,0.1021E+01,0.1606E+01,0.1807E+02,0.1725E+01,0.6775E+00,0.1581E+01,0.2140E+02,0.2259E+01,0.2572E+01,
   26,1999,   6,0.3308E-01,0.1637E+02,0.2132E+02,0.1224E+02,0.3974E+02,0.5716E+01,0.8360E+00,0.2029E+01,0.5770E+02,0.2865E+01,0.5066E+02,
   30,1999,   6,0.4709E-02,0.2002E+01,0.9932E+01,0.2907E+01,0.6955E+01,0.1201E+01,0.3999E+00,0.9789E+00,0.1106E+02,0.1379E+01,0.8163E+01,
   66,1999,   6,0.0000E+00,0.0000E+00,0.0000E+00,0.0000E+00,0.0000E+00,0.0000E+00,0.0000E+00,0.0000E+00,0.0000E+00,0.0000E+00,0.0000E+00,
   24,1999,   6,0.1892E-02,0.8169E+00,0.4901E+01,0.2444E+01,0.9165E-01,0.5193E+00,0.1185E+00,0.2900E+00,0.3055E+01,0.4085E+00,0.4084E+01,
   10,1999,   6,0.4392E+01,0.1879E+04,0.6638E+03,0.6325E+02,0.7586E+03,0.7155E+02,0.1998E+02,0.4081E+02,0.8934E+03,0.6079E+02,0.6265E+04,
   19,1999,   6,0.3330E+01,0.1439E+04,0.1049E+04,0.4931E+03,0.2381E+04,0.4058E+03,0.9605E+02,0.2045E+03,0.3280E+04,0.3006E+03,0.1725E+04,
   11,1999,   6,0.8649E+00,0.3735E+03,0.6112E+03,0.1297E+03,0.1468E+04,0.1400E+03,0.4931E+02,0.1009E+03,0.1738E+04,0.1502E+03,0.8957E+03,
    0,1999,   6,0.5957E-02,0.2315E+01,0.6498E+01,0.2479E+00,0.3010E+01,0.2832E+00,0.1417E+00,0.3305E+00,0.3541E+01,0.4722E+00,0.1301E-02,
   62,1999,   6,0.0000E+00,0.0000E+00,0.0000E+00,0.0000E+00,0.0000E+00,0.0000E+00,0.0000E+00,0.0000E+00,0.0000E+00,0.0000E+00,0.0000E+00,
   92,1999,   7,0.3580E-01,0.1267E+02,0.7248E+02,0.2848E+02,0.4740E+01,0.9747E+01,0.3167E+01,0.1014E+02,0.4297E+02,0.1330E+02,0.1081E+03,
   61,1999,   7,0.7887E+00,0.4518E+03,0.3874E+03,0.3354E+03,0.5277E+03,0.1046E+03,0.3200E+02,0.3082E+02,0.9676E+03,0.6283E+02,0.4807E+03,
   86,1999,   7,0.1537E+00,0.1808E+04,0.5773E+03,0.7414E+02,0.4338E+03,0.5756E+02,0.8231E+01,0.4282E+02,0.5655E+03,0.5105E+02,0.8151E+04,
   34,1999,   7,0.1952E+02,0.9789E+04,0.2950E+04,0.5568E+04,0.1381E+05,0.2074E+04,0.1007E+03,0.2106E+03,0.2146E+05,0.3114E+03,0.3585E+04,
   64,1999,   7,0.9505E+01,0.5020E+04,0.5130E+04,0.3061E+04,0.4894E+04,0.2436E+04,0.9916E+02,0.2141E+03,0.1039E+05,0.3133E+03,0.4802E+04,
   63,1999,   7,0.1043E-01,0.5405E+01,0.2702E+02,0.8071E+01,0.3027E+00,0.1715E+01,0.1567E+01,0.3837E+01,0.1009E+02,0.5405E+01,0.1351E+02,
   59,1999,   7,0.2117E+00,0.1334E+03,0.0000E+00,0.1645E+01,0.1133E+02,0.2011E+02,0.0000E+00,0.5484E+01,0.3309E+02,0.5484E+01,0.4223E+02,
   55,1999,   7,0.3561E-01,0.1905E+02,0.4012E+01,0.1202E+01,0.9637E+01,0.2695E+01,0.3365E+00,0.2814E+01,0.1353E+02,0.3150E+01,0.4010E+01,
   65,1999,   7,0.1109E+00,0.5593E+02,0.1335E+03,0.7765E+02,0.5707E+02,0.3711E+02,0.5742E+01,0.9700E+01,0.1718E+03,0.1544E+02,0.1765E+03,
   32,1999,   7,0.6920E+00,0.4064E+03,0.1396E+03,0.1726E+02,0.1553E+03,0.4670E+02,0.8614E+01,0.4118E+02,0.2193E+03,0.4980E+02,0.8777E+02,
   53,1999,   7,0.2335E-01,0.1237E+02,0.6245E+00,0.6472E+01,0.3836E+01,0.3584E+01,0.1998E+00,0.2649E+01,0.1389E+02,0.2849E+01,0.5215E+01,
   47,1999,   7,0.0000E+00,0.0000E+00,0.0000E+00,0.0000E+00,0.0000E+00,0.0000E+00,0.0000E+00,0.0000E+00,0.0000E+00,0.0000E+00,0.0000E+00,
   81,1999,   7,0.0000E+00,0.0000E+00,0.0000E+00,0.0000E+00,0.0000E+00,0.0000E+00,0.0000E+00,0.0000E+00,0.0000E+00,0.0000E+00,0.0000E+00,
   82,1999,   7,0.4383E-01,0.3028E+02,0.0000E+00,0.0000E+00,0.0000E+00,0.1892E+01,0.0000E+00,0.1892E+02,0.1892E+01,0.1892E+02,0.3028E+02,
   79,1999,   7,0.3454E-02,0.1789E+01,0.8947E+01,0.2672E+01,0.1002E+00,0.5677E+00,0.5190E+00,0.1270E+01,0.3340E+01,0.1789E+01,0.4474E+01,
   77,1999,   7,0.3813E+00,0.2121E+03,0.5932E+03,0.4436E+02,0.1016E+03,0.1020E+03,0.2659E+02,0.7006E+02,0.2480E+03,0.9665E+02,0.1417E+04,
   85,1999,   7,0.3087E+00,0.1500E+03,0.5029E+03,0.2659E+03,0.1000E+03,0.5571E+02,0.1059E+02,0.2741E+02,0.4216E+03,0.3799E+02,0.6495E+03,
   52,1999,   7,0.0000E+00,0.0000E+00,0.0000E+00,0.0000E+00,0.0000E+00,0.0000E+00,0.0000E+00,0.0000E+00,0.0000E+00,0.0000E+00,0.0000E+00,
   56,1999,   7,0.4971E-02,0.1933E+01,0.1844E+02,0.6000E+00,0.4715E+00,0.2373E+01,0.3447E+00,0.9102E-01,0.3445E+01,0.4357E+00,0.5567E+02,
   87,1999,   7,0.0000E+00,0.0000E+00,0.0000E+00,0.0000E+00,0.0000E+00,0.0000E+00,0.0000E+00,0.0000E+00,0.0000E+00,0.0000E+00,0.0000E+00,
   44,1999,   7,0.1578E-02,0.8175E+00,0.4088E+01,0.8584E-01,0.7059E-01,0.2282E+01,0.2647E+00,0.6481E+00,0.2439E+01,0.9129E+00,0.2044E+01,
   41,1999,   7,0.0000E+00,0.0000E+00,0.0000E+00,0.0000E+00,0.0000E+00,0.0000E+00,0.0000E+00,0.0000E+00,0.0000E+00,0.0000E+00,0.0000E+00,
   49,1999,   7,0.1096E-02,0.6472E+00,0.1393E+01,0.1278E+01,0.1448E+00,0.2801E+00,0.4542E-01,0.2384E+00,0.1703E+01,0.2839E+00,0.1491E+01,
   91,1999,   7,0.4149E-01,0.2083E+02,0.1743E+02,0.1743E+02,0.3081E+02,0.5097E+01,0.5150E+00,0.4222E+01,0.5334E+02,0.4737E+01,0.4099E+02,
   51,1999,   7,0.3244E-02,0.1904E+01,0.1680E+01,0.3784E+01,0.4285E+00,0.8290E+00,0.1344E+00,0.7058E+00,0.5041E+01,0.8402E+00,0.2521E+01,
   68,1999,   7,0.0000E+00,0.0000E+00,0.0000E+00,0.0000E+00,0.0000E+00,0.0000E+00,0.0000E+00,0.0000E+00,0.0000E+00,0.0000E+00,0.0000E+00,
   54,1999,   7,0.1219E+00,0.6944E+02,0.5156E+02,0.1368E+02,0.8838E+02,0.1157E+02,0.3157E+01,0.8417E+01,0.1136E+03,0.1157E+02,0.4209E+02,
   33,1999,   7,0.0000E+00,0.0000E+00,0.0000E+00,0.0000E+00,0.0000E+00,0.0000E+00,0.0000E+00,0.0000E+00,0.0000E+00,0.0000E+00,0.0000E+00,
   80,1999,   7,0.0000E+00,0.0000E+00,0.0000E+00,0.0000E+00,0.0000E+00,0.0000E+00,0.0000E+00,0.0000E+00,0.0000E+00,0.0000E+00,0.0000E+00,
   50,1999,   7,0.0000E+00,0.0000E+00,0.0000E+00,0.0000E+00,0.0000E+00,0.0000E+00,0.0000E+00,0.0000E+00,0.0000E+00,0.0000E+00,0.0000E+00,
   58,1999,   7,0.4968E-01,0.2741E+02,0.2109E+02,0.3913E+01,0.1695E+02,0.4713E+01,0.2929E+00,0.9011E+00,0.2558E+02,0.1194E+01,0.2270E+02,
   17,1999,   7,0.1622E+00,0.7309E+02,0.4411E+03,0.2857E+02,0.6331E+02,0.5716E+02,0.1069E+02,0.3294E+02,0.1490E+03,0.4363E+02,0.1070E+04,
   95,1999,   7,0.7159E-02,0.3660E+01,0.7487E+01,0.5286E+01,0.4671E+01,0.1159E+01,0.1794E+00,0.9571E+00,0.1112E+02,0.1137E+01,0.1755E+02,
   90,1999,   7,0.0000E+00,0.0000E+00,0.0000E+00,0.0000E+00,0.0000E+00,0.0000E+00,0.0000E+00,0.0000E+00,0.0000E+00,0.0000E+00,0.0000E+00,
   15,1999,   7,0.0000E+00,0.0000E+00,0.0000E+00,0.0000E+00,0.0000E+00,0.0000E+00,0.0000E+00,0.0000E+00,0.0000E+00,0.0000E+00,0.0000E+00,
   14,1999,   7,0.4613E-01,0.1991E+02,0.2786E+02,0.3066E+01,0.5193E+03,0.2497E+01,0.2137E+02,0.5227E+02,0.5249E+03,0.7364E+02,0.4199E+02,
   31,1999,   7,0.5695E+00,0.2735E+03,0.2470E+03,0.1270E+03,0.2508E+03,0.4305E+02,0.1695E+02,0.7268E+02,0.4208E+03,0.8962E+02,0.3559E+03,
   12,1999,   7,0.1613E-01,0.6668E+01,0.1227E+02,0.7795E+01,0.2004E+02,0.2765E+01,0.1336E+01,0.3272E+01,0.3060E+02,0.4608E+01,0.3828E+02,
   23,1999,   7,0.1416E-01,0.5539E+01,0.5350E+01,0.1078E+01,0.1649E+01,0.3545E+00,0.1205E+00,0.2882E+00,0.3081E+01,0.4088E+00,0.6535E+02,
   25,1999,   7,0.9423E+01,0.7621E+04,0.6456E+04,0.3620E+04,0.5375E+04,0.1982E+04,0.2912E+03,0.5726E+03,0.1098E+05,0.8638E+03,0.1942E+05,
   18,1999,   7,0.2382E-01,0.8195E+02,0.3085E+03,0.1229E+03,0.8021E+02,0.4292E+02,0.3725E+01,0.1007E+02,0.2460E+03,0.1380E+02,0.2652E+03,
    4,1999,   7,0.4350E-01,0.1698E+02,0.9554E+01,0.6268E+00,0.7357E+01,0.6967E+00,0.3270E+00,0.8710E+00,0.8680E+01,0.1198E+01,0.1317E+03,
   74,1999,   7,0.8650E+00,0.3724E+03,0.1602E+04,0.3857E+03,0.1062E+03,0.3333E+03,0.4582E+02,0.1121E+03,0.8251E+03,0.1579E+03,0.2178E+04,
   73,1999,   7,0.1227E-03,0.4769E-01,0.3179E+00,0.4993E+00,0.6062E+01,0.5706E+00,0.2257E+00,0.5267E+00,0.7132E+01,0.7524E+00,0.9481E+00,
   69,1999,   7,0.2250E-01,0.9312E+01,0.1880E+02,0.5392E+01,0.2421E+02,0.2990E+01,0.1585E+01,0.3774E+01,0.3259E+02,0.5358E+01,0.1302E+02,
   20,1999,   7,0.6661E+00,0.2926E+03,0.6425E+03,0.1219E+03,0.1007E+04,0.1025E+03,0.2488E+02,0.5378E+02,0.1231E+04,0.7866E+02,0.5446E+03,
   36,1999,   7,0.0000E+00,0.0000E+00,0.0000E+00,0.0000E+00,0.0000E+00,0.0000E+00,0.0000E+00,0.0000E+00,0.0000E+00,0.0000E+00,0.0000E+00,
   16,1999,   7,0.3940E-03,0.1570E+00,0.1021E+01,0.1606E+01,0.1807E+02,0.1725E+01,0.6775E+00,0.1581E+01,0.2140E+02,0.2259E+01,0.2572E+01,
   26,1999,   7,0.3308E-01,0.1637E+02,0.2132E+02,0.1224E+02,0.3974E+02,0.5716E+01,0.8360E+00,0.2029E+01,0.5770E+02,0.2865E+01,0.5066E+02,
   30,1999,   7,0.4270E-02,0.1813E+01,0.9702E+01,0.2857E+01,0.6353E+01,0.1144E+01,0.3725E+00,0.9117E+00,0.1035E+02,0.1284E+01,0.7792E+01,
   66,1999,   7,0.0000E+00,0.0000E+00,0.0000E+00,0.0000E+00,0.0000E+00,0.0000E+00,0.0000E+00,0.0000E+00,0.0000E+00,0.0000E+00,0.0000E+00,
   24,1999,   7,0.1892E-02,0.8169E+00,0.4901E+01,0.2444E+01,0.9165E-01,0.5193E+00,0.1185E+00,0.2900E+00,0.3055E+01,0.4085E+00,0.4084E+01,
   10,1999,   7,0.4780E+01,0.2046E+04,0.4869E+03,0.5618E+02,0.6727E+03,0.6347E+02,0.3430E+02,0.6987E+02,0.7924E+03,0.1042E+03,0.5803E+04,
   19,1999,   7,0.3605E+01,0.1558E+04,0.9857E+03,0.5396E+03,0.2657E+04,0.4574E+03,0.1192E+03,0.2514E+03,0.3654E+04,0.3706E+03,0.1619E+04,
   11,1999,   7,0.1014E+01,0.4378E+03,0.7988E+03,0.1454E+03,0.1659E+04,0.1580E+03,0.2986E+02,0.6141E+02,0.1962E+04,0.9127E+02,0.1304E+04,
    0,1999,   7,0.5957E-02,0.2315E+01,0.6498E+01,0.2479E+00,0.3010E+01,0.2832E+00,0.1417E+00,0.3305E+00,0.3541E+01,0.4722E+00,0.1301E-02,
   62,1999,   7,0.0000E+00,0.0000E+00,0.0000E+00,0.0000E+00,0.0000E+00,0.0000E+00,0.0000E+00,0.0000E+00,0.0000E+00,0.0000E+00,0.0000E+00,
   92,1999,   8,0.3193E-01,0.1721E+02,0.7422E+02,0.2477E+02,0.4646E+01,0.9000E+01,0.3002E+01,0.9270E+01,0.3841E+02,0.1227E+02,0.8347E+02,
   61,1999,   8,0.7994E+00,0.4384E+03,0.3004E+03,0.1979E+03,0.5962E+03,0.1188E+03,0.1501E+02,0.4917E+02,0.9129E+03,0.6418E+02,0.4142E+03,
   86,1999,   8,0.1219E+00,0.1553E+04,0.3737E+03,0.7254E+02,0.3935E+03,0.3401E+02,0.6311E+01,0.3881E+02,0.5000E+03,0.4512E+02,0.2824E+04,
   34,1999,   8,0.1975E+02,0.8336E+04,0.3049E+04,0.5898E+04,0.1454E+05,0.2274E+04,0.1245E+03,0.1637E+03,0.2271E+05,0.2881E+03,0.3493E+04,
   64,1999,   8,0.9946E+01,0.5150E+04,0.5539E+04,0.2792E+04,0.5419E+04,0.2077E+04,0.9769E+02,0.2624E+03,0.1029E+05,0.3601E+03,0.5047E+04,
   63,1999,   8,0.1043E-01,0.5405E+01,0.2702E+02,0.8071E+01,0.3027E+00,0.1715E+01,0.1567E+01,0.3837E+01,0.1009E+02,0.5405E+01,0.1351E+02,
   59,1999,   8,0.2074E+00,0.1361E+03,0.5939E+02,0.1003E+02,0.1235E+02,0.2095E+02,0.3582E+00,0.5730E+01,0.4333E+02,0.6088E+01,0.5515E+02,
   55,1999,   8,0.3579E-01,0.2067E+02,0.5832E+01,0.4185E+00,0.1279E+02,0.2369E+01,0.5797E+00,0.1681E+01,0.1558E+02,0.2261E+01,0.6478E+01,
   65,1999,   8,0.1074E+00,0.5811E+02,0.1550E+03,0.7953E+02,0.5720E+02,0.4577E+02,0.3811E+01,0.9465E+01,0.1825E+03,0.1328E+02,0.1733E+03,
   32,1999,   8,0.6936E+00,0.4245E+03,0.2675E+02,0.3487E+02,0.1302E+03,0.5841E+02,0.2881E+01,0.5781E+02,0.2235E+03,0.6069E+02,0.9556E+02,
   53,1999,   8,0.1957E-01,0.1093E+02,0.6661E-01,0.1057E+01,0.1712E+01,0.2926E+01,0.1998E-01,0.2083E+01,0.5695E+01,0.2103E+01,0.5029E+01,
   47,1999,   8,0.0000E+00,0.0000E+00,0.0000E+00,0.0000E+00,0.0000E+00,0.0000E+00,0.0000E+00,0.0000E+00,0.0000E+00,0.0000E+00,0.0000E+00,
   81,1999,   8,0.0000E+00,0.0000E+00,0.0000E+00,0.0000E+00,0.0000E+00,0.0000E+00,0.0000E+00,0.0000E+00,0.0000E+00,0.0000E+00,0.0000E+00,
   82,1999,   8,0.4383E-01,0.3028E+02,0.0000E+00,0.0000E+00,0.0000E+00,0.1892E+01,0.0000E+00,0.1892E+02,0.1892E+01,0.1892E+02,0.3028E+02,
   79,1999,   8,0.3454E-02,0.1789E+01,0.8947E+01,0.2672E+01,0.1002E+00,0.5677E+00,0.5190E+00,0.1270E+01,0.3340E+01,0.1789E+01,0.4474E+01,
   77,1999,   8,0.3097E+00,0.1927E+03,0.2016E+03,0.8192E+02,0.6815E+02,0.6353E+02,0.1516E+02,0.7601E+02,0.2136E+03,0.9117E+02,0.4152E+03,
   85,1999,   8,0.2717E+00,0.1503E+03,0.4297E+03,0.3253E+03,0.6199E+02,0.1128E+03,0.6329E+01,0.3079E+02,0.5001E+03,0.3712E+02,0.2688E+03,
   52,1999,   8,0.0000E+00,0.0000E+00,0.0000E+00,0.0000E+00,0.0000E+00,0.0000E+00,0.0000E+00,0.0000E+00,0.0000E+00,0.0000E+00,0.0000E+00,
   56,1999,   8,0.1315E-04,0.6813E-02,0.3406E-01,0.7153E-03,0.5883E-03,0.1902E-01,0.2206E-02,0.5401E-02,0.2032E-01,0.7607E-02,0.1703E-01,
   87,1999,   8,0.0000E+00,0.0000E+00,0.0000E+00,0.0000E+00,0.0000E+00,0.0000E+00,0.0000E+00,0.0000E+00,0.0000E+00,0.0000E+00,0.0000E+00,
   44,1999,   8,0.1578E-02,0.8175E+00,0.4088E+01,0.8584E-01,0.7059E-01,0.2282E+01,0.2647E+00,0.6481E+00,0.2439E+01,0.9129E+00,0.2044E+01,
   41,1999,   8,0.0000E+00,0.0000E+00,0.0000E+00,0.0000E+00,0.0000E+00,0.0000E+00,0.0000E+00,0.0000E+00,0.0000E+00,0.0000E+00,0.0000E+00,
   49,1999,   8,0.1052E-02,0.6215E+00,0.1071E+01,0.1227E+01,0.1390E+00,0.2689E+00,0.4360E-01,0.2289E+00,0.1635E+01,0.2725E+00,0.8175E+00,
   91,1999,   8,0.4158E-01,0.2076E+02,0.1756E+02,0.1753E+02,0.3082E+02,0.5116E+01,0.5172E+00,0.4242E+01,0.5347E+02,0.4759E+01,0.3977E+02,
   51,1999,   8,0.3156E-02,0.1417E+01,0.2180E+01,0.3682E+01,0.4169E+00,0.8066E+00,0.1308E+00,0.6867E+00,0.4905E+01,0.8175E+00,0.4360E+01,
   68,1999,   8,0.0000E+00,0.0000E+00,0.0000E+00,0.0000E+00,0.0000E+00,0.0000E+00,0.0000E+00,0.0000E+00,0.0000E+00,0.0000E+00,0.0000E+00,
   54,1999,   8,0.1284E+00,0.7097E+02,0.5988E+02,0.7763E+01,0.1009E+03,0.9980E+01,0.5545E+01,0.6654E+01,0.1187E+03,0.1220E+02,0.1996E+02,
   33,1999,   8,0.0000E+00,0.0000E+00,0.0000E+00,0.0000E+00,0.0000E+00,0.0000E+00,0.0000E+00,0.0000E+00,0.0000E+00,0.0000E+00,0.0000E+00,
   80,1999,   8,0.0000E+00,0.0000E+00,0.0000E+00,0.0000E+00,0.0000E+00,0.0000E+00,0.0000E+00,0.0000E+00,0.0000E+00,0.0000E+00,0.0000E+00,
   50,1999,   8,0.0000E+00,0.0000E+00,0.0000E+00,0.0000E+00,0.0000E+00,0.0000E+00,0.0000E+00,0.0000E+00,0.0000E+00,0.0000E+00,0.0000E+00,
   58,1999,   8,0.4770E-01,0.2379E+02,0.2167E+02,0.3102E+01,0.3346E+02,0.8427E+01,0.2497E+00,0.8259E+00,0.4499E+02,0.1076E+01,0.1966E+02,
   17,1999,   8,0.8941E-01,0.4429E+02,0.2960E+02,0.1537E+02,0.4213E+02,0.4294E+02,0.7547E+00,0.2913E+02,0.1004E+03,0.2988E+02,0.2644E+03,
   95,1999,   8,0.7992E-02,0.4030E+01,0.8858E+01,0.5296E+01,0.5952E+01,0.1159E+01,0.2407E+00,0.1263E+01,0.1241E+02,0.1503E+01,0.1638E+02,
   90,1999,   8,0.0000E+00,0.0000E+00,0.0000E+00,0.0000E+00,0.0000E+00,0.0000E+00,0.0000E+00,0.0000E+00,0.0000E+00,0.0000E+00,0.0000E+00,
   15,1999,   8,0.0000E+00,0.0000E+00,0.0000E+00,0.0000E+00,0.0000E+00,0.0000E+00,0.0000E+00,0.0000E+00,0.0000E+00,0.0000E+00,0.0000E+00,
   14,1999,   8,0.4569E-01,0.1972E+02,0.2710E+02,0.3013E+01,0.5168E+03,0.2437E+01,0.2001E+02,0.4895E+02,0.5222E+03,0.6895E+02,0.3209E+02,
   31,1999,   8,0.5800E+00,0.2780E+03,0.2205E+03,0.1461E+03,0.3026E+03,0.6265E+02,0.1569E+02,0.7006E+02,0.5113E+03,0.8575E+02,0.3488E+03,
   12,1999,   8,0.1569E-01,0.6479E+01,0.1330E+02,0.7676E+01,0.1948E+02,0.2742E+01,0.1309E+01,0.3205E+01,0.2989E+02,0.4513E+01,0.3856E+02,
   23,1999,   8,0.1416E-01,0.5539E+01,0.5350E+01,0.1078E+01,0.1649E+01,0.3545E+00,0.1205E+00,0.2882E+00,0.3081E+01,0.4088E+00,0.6535E+02,
   25,1999,   8,0.8599E+01,0.7093E+04,0.5359E+04,0.3765E+04,0.4823E+04,0.1635E+04,0.2187E+03,0.4458E+03,0.1022E+05,0.6645E+03,0.1607E+05,
   18,1999,   8,0.2425E-01,0.8214E+02,0.3150E+03,0.1230E+03,0.8071E+02,0.4298E+02,0.3490E+01,0.9497E+01,0.2467E+03,0.1299E+02,0.2913E+03,
    4,1999,   8,0.4350E-01,0.1698E+02,0.5360E+01,0.6692E+00,0.7872E+01,0.7452E+00,0.3358E+00,0.8925E+00,0.9286E+01,0.1228E+01,0.1335E+03,
   74,1999,   8,0.8718E+00,0.3753E+03,0.1596E+04,0.4080E+03,0.1061E+03,0.3524E+03,0.4370E+02,0.1069E+03,0.8665E+03,0.1506E+03,0.2197E+04,
   73,1999,   8,0.1227E-03,0.4769E-01,0.3179E+00,0.4993E+00,0.6062E+01,0.5706E+00,0.2257E+00,0.5267E+00,0.7132E+01,0.7524E+00,0.9481E+00,
   69,1999,   8,0.2250E-01,0.9312E+01,0.1880E+02,0.5392E+01,0.2421E+02,0.2990E+01,0.1585E+01,0.3774E+01,0.3259E+02,0.5358E+01,0.1302E+02,
   20,1999,   8,0.6174E+00,0.2716E+03,0.5539E+03,0.1184E+03,0.9643E+03,0.9855E+02,0.3889E+02,0.8223E+02,0.1181E+04,0.1211E+03,0.5110E+03,
   36,1999,   8,0.0000E+00,0.0000E+00,0.0000E+00,0.0000E+00,0.0000E+00,0.0000E+00,0.0000E+00,0.0000E+00,0.0000E+00,0.0000E+00,0.0000E+00,
   16,1999,   8,0.3940E-03,0.1570E+00,0.1021E+01,0.1606E+01,0.1807E+02,0.1725E+01,0.6775E+00,0.1581E+01,0.2140E+02,0.2259E+01,0.2572E+01,
   26,1999,   8,0.3308E-01,0.1637E+02,0.2132E+02,0.1224E+02,0.3974E+02,0.5716E+01,0.8360E+00,0.2029E+01,0.5770E+02,0.2865E+01,0.5066E+02,
   30,1999,   8,0.4709E-02,0.2002E+01,0.1301E+02,0.2907E+01,0.6955E+01,0.1201E+01,0.3999E+00,0.9789E+00,0.1106E+02,0.1379E+01,0.3191E+02,
   66,1999,   8,0.0000E+00,0.0000E+00,0.0000E+00,0.0000E+00,0.0000E+00,0.0000E+00,0.0000E+00,0.0000E+00,0.0000E+00,0.0000E+00,0.0000E+00,
   24,1999,   8,0.1892E-02,0.8169E+00,0.4901E+01,0.2444E+01,0.9165E-01,0.5193E+00,0.1185E+00,0.2900E+00,0.3055E+01,0.4085E+00,0.4084E+01,
   10,1999,   8,0.4215E+01,0.1802E+04,0.4899E+03,0.6433E+02,0.7717E+03,0.7279E+02,0.3386E+02,0.6899E+02,0.9088E+03,0.1028E+03,0.5430E+04,
   19,1999,   8,0.3459E+01,0.1495E+04,0.9318E+03,0.4882E+03,0.2383E+04,0.4072E+03,0.1141E+03,0.2410E+03,0.3278E+04,0.3551E+03,0.1591E+04,
   11,1999,   8,0.9763E+00,0.4215E+03,0.9323E+03,0.1174E+03,0.1319E+04,0.1259E+03,0.5566E+02,0.1138E+03,0.1562E+04,0.1694E+03,0.1011E+04,
    0,1999,   8,0.5957E-02,0.2315E+01,0.6498E+01,0.2479E+00,0.3010E+01,0.2832E+00,0.1417E+00,0.3305E+00,0.3541E+01,0.4722E+00,0.1301E-02,
   62,1999,   8,0.0000E+00,0.0000E+00,0.0000E+00,0.0000E+00,0.0000E+00,0.0000E+00,0.0000E+00,0.0000E+00,0.0000E+00,0.0000E+00,0.0000E+00,
   92,1999,   9,0.1480E+00,0.7652E+02,0.3838E+03,0.1300E+03,0.6440E+01,0.2594E+02,0.7828E+01,0.3461E+02,0.1624E+03,0.4244E+02,0.7356E+03,
   61,1999,   9,0.1033E+01,0.6063E+03,0.3348E+03,0.1323E+03,0.6311E+03,0.1185E+03,0.1525E+02,0.4513E+02,0.8819E+03,0.6037E+02,0.5851E+03,
   86,1999,   9,0.1920E+00,0.1508E+04,0.4739E+03,0.9456E+02,0.4448E+03,0.6737E+02,0.2174E+02,0.5022E+02,0.6067E+03,0.7196E+02,0.2441E+04,
   34,1999,   9,0.2305E+02,0.8939E+04,0.6521E+04,0.7350E+04,0.1683E+05,0.2741E+04,0.2241E+03,0.1619E+03,0.2692E+05,0.3860E+03,0.7928E+04,
   64,1999,   9,0.1342E+02,0.7080E+04,0.7591E+04,0.3174E+04,0.6468E+04,0.2160E+04,0.1261E+03,0.2452E+03,0.1180E+05,0.3713E+03,0.7434E+04,
   63,1999,   9,0.1043E-01,0.5405E+01,0.2702E+02,0.8071E+01,0.3027E+00,0.1715E+01,0.1567E+01,0.3837E+01,0.1009E+02,0.5405E+01,0.1351E+02,
   59,1999,   9,0.2346E+00,0.1458E+03,0.1008E+03,0.3707E+02,0.4942E+02,0.2552E+02,0.6079E+00,0.4456E+01,0.1120E+03,0.5064E+01,0.5753E+02,
   55,1999,   9,0.5464E-01,0.2474E+02,0.9083E+01,0.5783E+00,0.1653E+02,0.3653E+01,0.4618E+00,0.3066E+01,0.2076E+02,0.3528E+01,0.1080E+02,
   65,1999,   9,0.1520E+00,0.7512E+02,0.1927E+03,0.6496E+02,0.7693E+02,0.4074E+02,0.7850E+01,0.1629E+02,0.1826E+03,0.2414E+02,0.2473E+03,
   32,1999,   9,0.8412E+00,0.3697E+03,0.2597E+02,0.2009E+02,0.1015E+03,0.4929E+02,0.3084E+01,0.4890E+02,0.1708E+03,0.5198E+02,0.1036E+03,
   53,1999,   9,0.2728E-01,0.9293E+01,0.9008E-01,0.1328E+01,0.4682E+01,0.4315E+01,0.3088E-01,0.1995E+01,0.1032E+02,0.2026E+01,0.1384E+02,
   47,1999,   9,0.0000E+00,0.0000E+00,0.0000E+00,0.0000E+00,0.0000E+00,0.0000E+00,0.0000E+00,0.0000E+00,0.0000E+00,0.0000E+00,0.0000E+00,
   81,1999,   9,0.0000E+00,0.0000E+00,0.0000E+00,0.0000E+00,0.0000E+00,0.0000E+00,0.0000E+00,0.0000E+00,0.0000E+00,0.0000E+00,0.0000E+00,
   82,1999,   9,0.4383E-01,0.3028E+02,0.0000E+00,0.0000E+00,0.0000E+00,0.1892E+01,0.0000E+00,0.1892E+02,0.1892E+01,0.1892E+02,0.3028E+02,
   79,1999,   9,0.3454E-02,0.1789E+01,0.8947E+01,0.2672E+01,0.1002E+00,0.5677E+00,0.5190E+00,0.1270E+01,0.3340E+01,0.1789E+01,0.4474E+01,
   77,1999,   9,0.3486E+00,0.2023E+03,0.2134E+03,0.2334E+02,0.7675E+02,0.8161E+02,0.3330E+02,0.2934E+02,0.1817E+03,0.6263E+02,0.4347E+03,
   85,1999,   9,0.3017E+00,0.1210E+03,0.5012E+03,0.3508E+03,0.1189E+03,0.7435E+02,0.1457E+02,0.2729E+02,0.5440E+03,0.4186E+02,0.3356E+03,
   52,1999,   9,0.0000E+00,0.0000E+00,0.0000E+00,0.0000E+00,0.0000E+00,0.0000E+00,0.0000E+00,0.0000E+00,0.0000E+00,0.0000E+00,0.0000E+00,
   56,1999,   9,0.1315E-04,0.6813E-02,0.3406E-01,0.7153E-03,0.5883E-03,0.1902E-01,0.2206E-02,0.5401E-02,0.2032E-01,0.7607E-02,0.1703E-01,
   87,1999,   9,0.0000E+00,0.0000E+00,0.0000E+00,0.0000E+00,0.0000E+00,0.0000E+00,0.0000E+00,0.0000E+00,0.0000E+00,0.0000E+00,0.0000E+00,
   44,1999,   9,0.1578E-02,0.8175E+00,0.4088E+01,0.8584E-01,0.7059E-01,0.2282E+01,0.2647E+00,0.6481E+00,0.2439E+01,0.9129E+00,0.2044E+01,
   41,1999,   9,0.0000E+00,0.0000E+00,0.0000E+00,0.0000E+00,0.0000E+00,0.0000E+00,0.0000E+00,0.0000E+00,0.0000E+00,0.0000E+00,0.0000E+00,
   49,1999,   9,0.1841E-02,0.1104E+01,0.2112E+01,0.2148E+01,0.2432E+00,0.4705E+00,0.7630E-01,0.4006E+00,0.2861E+01,0.4769E+00,0.2589E+01,
   91,1999,   9,0.4504E-01,0.2209E+02,0.1835E+02,0.2138E+02,0.3103E+02,0.5712E+01,0.5515E+00,0.5068E+01,0.5812E+02,0.5620E+01,0.4349E+02,
   51,1999,   9,0.4471E-02,0.2200E+01,0.2702E+01,0.5215E+01,0.5906E+00,0.1143E+01,0.1853E+00,0.9728E+00,0.6949E+01,0.1158E+01,0.7721E+01,
   68,1999,   9,0.0000E+00,0.0000E+00,0.0000E+00,0.0000E+00,0.0000E+00,0.0000E+00,0.0000E+00,0.0000E+00,0.0000E+00,0.0000E+00,0.0000E+00,
   54,1999,   9,0.1587E+00,0.7261E+02,0.1233E+03,0.5617E+02,0.7261E+02,0.1781E+02,0.2740E+01,0.6850E+01,0.1466E+03,0.9591E+01,0.3425E+02,
   33,1999,   9,0.0000E+00,0.0000E+00,0.0000E+00,0.0000E+00,0.0000E+00,0.0000E+00,0.0000E+00,0.0000E+00,0.0000E+00,0.0000E+00,0.0000E+00,
   80,1999,   9,0.0000E+00,0.0000E+00,0.0000E+00,0.0000E+00,0.0000E+00,0.0000E+00,0.0000E+00,0.0000E+00,0.0000E+00,0.0000E+00,0.0000E+00,
   50,1999,   9,0.0000E+00,0.0000E+00,0.0000E+00,0.0000E+00,0.0000E+00,0.0000E+00,0.0000E+00,0.0000E+00,0.0000E+00,0.0000E+00,0.0000E+00,
   58,1999,   9,0.5746E-01,0.3277E+02,0.2090E+02,0.4060E+01,0.2886E+02,0.9252E+01,0.3043E+00,0.1122E+01,0.4218E+02,0.1426E+01,0.2196E+02,
   17,1999,   9,0.1032E+00,0.4905E+02,0.1638E+03,0.1204E+02,0.4808E+02,0.3353E+02,0.1067E+02,0.4119E+02,0.9364E+02,0.5186E+02,0.2892E+03,
   95,1999,   9,0.1194E-01,0.6374E+01,0.9683E+01,0.6091E+01,0.1111E+02,0.1334E+01,0.3330E+00,0.1773E+01,0.1854E+02,0.2106E+01,0.2161E+02,
   90,1999,   9,0.0000E+00,0.0000E+00,0.0000E+00,0.0000E+00,0.0000E+00,0.0000E+00,0.0000E+00,0.0000E+00,0.0000E+00,0.0000E+00,0.0000E+00,
   15,1999,   9,0.0000E+00,0.0000E+00,0.0000E+00,0.0000E+00,0.0000E+00,0.0000E+00,0.0000E+00,0.0000E+00,0.0000E+00,0.0000E+00,0.0000E+00,
   14,1999,   9,0.5270E-01,0.2275E+02,0.2208E+02,0.2963E+01,0.4133E+03,0.2382E+01,0.1968E+02,0.4815E+02,0.4187E+03,0.6783E+02,0.4255E+02,
   31,1999,   9,0.6312E+00,0.2857E+03,0.2226E+03,0.1482E+03,0.3163E+03,0.5580E+02,0.1470E+02,0.4412E+02,0.5203E+03,0.5882E+02,0.3061E+03,
   12,1999,   9,0.1793E-01,0.7444E+01,0.1187E+02,0.8339E+01,0.2231E+02,0.2868E+01,0.1453E+01,0.3558E+01,0.3352E+02,0.5011E+01,0.3916E+02,
   23,1999,   9,0.1416E-01,0.5539E+01,0.5350E+01,0.1078E+01,0.1649E+01,0.3545E+00,0.1205E+00,0.2882E+00,0.3081E+01,0.4088E+00,0.6535E+02,
   25,1999,   9,0.1163E+02,0.8251E+04,0.6795E+04,0.2918E+04,0.5628E+04,0.1614E+04,0.2153E+03,0.4408E+03,0.1016E+05,0.6562E+03,0.1765E+05,
   18,1999,   9,0.2732E-01,0.8347E+02,0.3096E+03,0.1231E+03,0.8095E+02,0.4301E+02,0.4041E+01,0.1085E+02,0.2470E+03,0.1489E+02,0.2684E+03,
    4,1999,   9,0.4394E-01,0.1717E+02,0.6306E+01,0.6824E+00,0.8033E+01,0.7603E+00,0.3501E+00,0.9275E+00,0.9475E+01,0.1278E+01,0.1331E+03,
   74,1999,   9,0.8900E+00,0.3832E+03,0.1626E+04,0.7133E+03,0.1811E+03,0.6176E+03,0.4038E+02,0.8304E+02,0.1512E+04,0.1234E+03,0.2231E+04,
   73,1999,   9,0.1227E-03,0.4769E-01,0.3179E+00,0.4993E+00,0.6062E+01,0.5706E+00,0.2257E+00,0.5267E+00,0.7132E+01,0.7524E+00,0.9481E+00,
   69,1999,   9,0.2250E-01,0.9312E+01,0.1880E+02,0.5392E+01,0.2421E+02,0.2990E+01,0.1585E+01,0.3774E+01,0.3259E+02,0.5358E+01,0.1302E+02,
   20,1999,   9,0.1092E+01,0.4763E+03,0.1010E+04,0.1258E+03,0.1055E+04,0.1071E+03,0.3701E+02,0.7840E+02,0.1288E+04,0.1154E+03,0.4881E+03,
   36,1999,   9,0.0000E+00,0.0000E+00,0.0000E+00,0.0000E+00,0.0000E+00,0.0000E+00,0.0000E+00,0.0000E+00,0.0000E+00,0.0000E+00,0.0000E+00,
   16,1999,   9,0.3940E-03,0.1570E+00,0.1021E+01,0.1606E+01,0.1807E+02,0.1725E+01,0.6775E+00,0.1581E+01,0.2140E+02,0.2259E+01,0.2572E+01,
   26,1999,   9,0.3308E-01,0.1637E+02,0.2132E+02,0.1224E+02,0.3974E+02,0.5716E+01,0.8360E+00,0.2029E+01,0.5770E+02,0.2865E+01,0.5066E+02,
   30,1999,   9,0.5147E-02,0.2192E+01,0.1038E+02,0.2956E+01,0.7557E+01,0.1257E+01,0.4273E+00,0.1046E+01,0.1177E+02,0.1473E+01,0.1124E+02,
   66,1999,   9,0.0000E+00,0.0000E+00,0.0000E+00,0.0000E+00,0.0000E+00,0.0000E+00,0.0000E+00,0.0000E+00,0.0000E+00,0.0000E+00,0.0000E+00,
   24,1999,   9,0.1892E-02,0.8169E+00,0.4901E+01,0.2444E+01,0.9165E-01,0.5193E+00,0.1185E+00,0.2900E+00,0.3055E+01,0.4085E+00,0.4084E+01,
   10,1999,   9,0.4049E+01,0.1731E+04,0.4169E+03,0.5282E+02,0.6320E+03,0.5964E+02,0.2866E+02,0.5843E+02,0.7444E+03,0.8709E+02,0.4666E+04,
   19,1999,   9,0.4887E+01,0.2112E+04,0.1369E+04,0.5270E+03,0.2640E+04,0.4540E+03,0.1712E+03,0.3568E+03,0.3622E+04,0.5279E+03,0.1845E+04,
   11,1999,   9,0.1148E+01,0.4955E+03,0.8064E+03,0.1371E+03,0.1558E+04,0.1484E+03,0.3367E+02,0.6914E+02,0.1843E+04,0.1028E+03,0.1092E+04,
    0,1999,   9,0.5957E-02,0.2315E+01,0.6498E+01,0.2479E+00,0.3010E+01,0.2832E+00,0.1417E+00,0.3305E+00,0.3541E+01,0.4722E+00,0.1301E-02,
   62,1999,   9,0.0000E+00,0.0000E+00,0.0000E+00,0.0000E+00,0.0000E+00,0.0000E+00,0.0000E+00,0.0000E+00,0.0000E+00,0.0000E+00,0.0000E+00,
   92,1999,  10,0.4903E-01,0.2557E+02,0.8944E+02,0.4146E+02,0.5129E+01,0.1255E+02,0.3732E+01,0.1312E+02,0.5913E+02,0.1685E+02,0.9182E+02,
   61,1999,  10,0.9334E+00,0.5490E+03,0.3009E+03,0.1259E+03,0.3125E+03,0.1112E+03,0.1255E+02,0.3886E+02,0.5495E+03,0.5141E+02,0.4784E+03,
   86,1999,  10,0.1779E+00,0.9451E+03,0.3740E+03,0.7865E+02,0.2329E+03,0.4797E+02,0.1189E+02,0.5359E+02,0.3595E+03,0.6547E+02,0.1103E+04,
   34,1999,  10,0.2085E+02,0.1028E+05,0.3472E+04,0.5454E+04,0.1752E+05,0.2109E+04,0.8107E+02,0.1322E+03,0.2508E+05,0.2133E+03,0.3566E+04,
   64,1999,  10,0.1166E+02,0.6595E+04,0.5497E+04,0.2227E+04,0.5747E+04,0.1675E+04,0.7169E+02,0.2695E+03,0.9649E+04,0.3412E+03,0.6235E+04,
   63,1999,  10,0.1043E-01,0.5405E+01,0.2702E+02,0.8071E+01,0.3027E+00,0.1715E+01,0.1567E+01,0.3837E+01,0.1009E+02,0.5405E+01,0.1351E+02,
   59,1999,  10,0.2121E+00,0.1355E+03,0.7329E+02,0.1771E+02,0.4135E+02,0.1247E+02,0.1126E+01,0.5739E+01,0.7153E+02,0.6865E+01,0.5567E+02,
   55,1999,  10,0.4508E-01,0.2785E+02,0.3831E+01,0.6770E+00,0.1287E+02,0.3226E+01,0.7276E+00,0.1567E+01,0.1678E+02,0.2295E+01,0.7885E+01,
   65,1999,  10,0.1418E+00,0.7935E+02,0.1898E+03,0.6883E+02,0.7307E+02,0.3182E+02,0.6584E+01,0.1627E+02,0.1737E+03,0.2286E+02,0.2499E+03,
   32,1999,  10,0.8000E+00,0.4489E+03,0.2659E+02,0.1940E+02,0.9610E+02,0.4718E+02,0.2901E+01,0.5954E+02,0.1627E+03,0.6244E+02,0.9888E+02,
   53,1999,  10,0.2190E-01,0.1280E+02,0.1060E+00,0.2002E+01,0.1919E+01,0.2546E+01,0.2543E-01,0.1788E+01,0.6467E+01,0.1813E+01,0.5566E+01,
   47,1999,  10,0.0000E+00,0.0000E+00,0.0000E+00,0.0000E+00,0.0000E+00,0.0000E+00,0.0000E+00,0.0000E+00,0.0000E+00,0.0000E+00,0.0000E+00,
   81,1999,  10,0.0000E+00,0.0000E+00,0.0000E+00,0.0000E+00,0.0000E+00,0.0000E+00,0.0000E+00,0.0000E+00,0.0000E+00,0.0000E+00,0.0000E+00,
   82,1999,  10,0.4383E-01,0.3028E+02,0.0000E+00,0.0000E+00,0.0000E+00,0.1892E+01,0.0000E+00,0.1892E+02,0.1892E+01,0.1892E+02,0.3028E+02,
   79,1999,  10,0.3454E-02,0.1789E+01,0.8947E+01,0.2672E+01,0.1002E+00,0.5677E+00,0.5190E+00,0.1270E+01,0.3340E+01,0.1789E+01,0.4474E+01,
   77,1999,  10,0.3029E+00,0.1890E+03,0.2300E+03,0.4742E+02,0.4508E+02,0.4690E+02,0.3734E+02,0.1612E+02,0.1394E+03,0.5346E+02,0.2944E+03,
   85,1999,  10,0.2808E+00,0.1790E+03,0.5576E+03,0.3462E+03,0.1315E+03,0.7450E+02,0.1378E+02,0.2568E+02,0.5522E+03,0.3946E+02,0.3541E+03,
   52,1999,  10,0.0000E+00,0.0000E+00,0.0000E+00,0.0000E+00,0.0000E+00,0.0000E+00,0.0000E+00,0.0000E+00,0.0000E+00,0.0000E+00,0.0000E+00,
   56,1999,  10,0.1315E-04,0.6813E-02,0.3406E-01,0.7153E-03,0.5883E-03,0.1902E-01,0.2206E-02,0.5401E-02,0.2032E-01,0.7607E-02,0.1703E-01,
   87,1999,  10,0.0000E+00,0.0000E+00,0.0000E+00,0.0000E+00,0.0000E+00,0.0000E+00,0.0000E+00,0.0000E+00,0.0000E+00,0.0000E+00,0.0000E+00,
   44,1999,  10,0.1578E-02,0.8175E+00,0.4088E+01,0.8584E-01,0.7059E-01,0.2282E+01,0.2647E+00,0.6481E+00,0.2439E+01,0.9129E+00,0.2044E+01,
   41,1999,  10,0.0000E+00,0.0000E+00,0.0000E+00,0.0000E+00,0.0000E+00,0.0000E+00,0.0000E+00,0.0000E+00,0.0000E+00,0.0000E+00,0.0000E+00,
   49,1999,  10,0.1227E-02,0.7418E+00,0.1431E+01,0.1432E+01,0.1621E+00,0.3137E+00,0.5087E-01,0.2671E+00,0.1907E+01,0.3179E+00,0.1590E+01,
   91,1999,  10,0.4175E-01,0.2056E+02,0.1514E+02,0.1774E+02,0.3085E+02,0.5164E+01,0.5259E+00,0.4279E+01,0.5375E+02,0.4805E+01,0.3981E+02,
   51,1999,  10,0.3638E-02,0.2073E+01,0.1885E+01,0.4244E+01,0.4806E+00,0.9298E+00,0.1508E+00,0.7916E+00,0.5654E+01,0.9424E+00,0.4084E+01,
   68,1999,  10,0.0000E+00,0.0000E+00,0.0000E+00,0.0000E+00,0.0000E+00,0.0000E+00,0.0000E+00,0.0000E+00,0.0000E+00,0.0000E+00,0.0000E+00,
   54,1999,  10,0.1354E+00,0.7251E+02,0.4795E+02,0.7017E+01,0.9707E+02,0.8186E+01,0.1170E+01,0.1053E+02,0.1123E+03,0.1169E+02,0.2339E+02,
   33,1999,  10,0.0000E+00,0.0000E+00,0.0000E+00,0.0000E+00,0.0000E+00,0.0000E+00,0.0000E+00,0.0000E+00,0.0000E+00,0.0000E+00,0.0000E+00,
   80,1999,  10,0.0000E+00,0.0000E+00,0.0000E+00,0.0000E+00,0.0000E+00,0.0000E+00,0.0000E+00,0.0000E+00,0.0000E+00,0.0000E+00,0.0000E+00,
   50,1999,  10,0.0000E+00,0.0000E+00,0.0000E+00,0.0000E+00,0.0000E+00,0.0000E+00,0.0000E+00,0.0000E+00,0.0000E+00,0.0000E+00,0.0000E+00,
   58,1999,  10,0.5332E-01,0.2819E+02,0.1904E+02,0.3702E+01,0.1487E+02,0.3450E+01,0.3033E+00,0.8102E+00,0.2202E+02,0.1113E+01,0.1825E+02,
   17,1999,  10,0.9714E-01,0.5166E+02,0.2112E+02,0.2499E+02,0.3588E+02,0.2892E+02,0.7322E+00,0.3534E+02,0.8979E+02,0.3607E+02,0.2978E+03,
   95,1999,  10,0.1084E-01,0.6484E+01,0.8149E+01,0.7241E+01,0.8004E+01,0.1590E+01,0.1804E+00,0.9575E+00,0.1684E+02,0.1138E+01,0.1675E+02,
   90,1999,  10,0.0000E+00,0.0000E+00,0.0000E+00,0.0000E+00,0.0000E+00,0.0000E+00,0.0000E+00,0.0000E+00,0.0000E+00,0.0000E+00,0.0000E+00,
   15,1999,  10,0.0000E+00,0.0000E+00,0.0000E+00,0.0000E+00,0.0000E+00,0.0000E+00,0.0000E+00,0.0000E+00,0.0000E+00,0.0000E+00,0.0000E+00,
   14,1999,  10,0.4613E-01,0.1991E+02,0.1255E+02,0.2468E+01,0.2023E+03,0.1821E+01,0.1748E+02,0.4276E+02,0.2066E+03,0.6024E+02,0.2606E+02,
   31,1999,  10,0.6097E+00,0.2764E+03,0.2396E+03,0.1470E+03,0.3018E+03,0.5196E+02,0.1460E+02,0.4391E+02,0.5007E+03,0.5851E+02,0.3581E+03,
   12,1999,  10,0.1802E-01,0.7481E+01,0.1221E+02,0.8473E+01,0.2231E+02,0.2897E+01,0.1467E+01,0.3593E+01,0.3368E+02,0.5060E+01,0.3870E+02,
   23,1999,  10,0.1416E-01,0.5539E+01,0.5350E+01,0.1078E+01,0.1649E+01,0.3545E+00,0.1205E+00,0.2882E+00,0.3081E+01,0.4088E+00,0.6535E+02,
   25,1999,  10,0.9983E+01,0.7206E+04,0.1236E+05,0.3048E+04,0.5339E+04,0.1416E+04,0.1920E+03,0.3935E+03,0.9803E+04,0.5854E+03,0.2600E+05,
   18,1999,  10,0.2645E-01,0.1228E+02,0.1665E+02,0.4316E+01,0.1804E+02,0.2272E+01,0.1590E+01,0.3841E+01,0.2463E+02,0.5431E+01,0.5045E+02,
    4,1999,  10,0.4394E-01,0.1717E+02,0.6117E+01,0.5764E+00,0.6746E+01,0.6392E+00,0.3253E+00,0.8198E+00,0.7961E+01,0.1145E+01,0.1330E+03,
   74,1999,  10,0.8400E+00,0.3616E+03,0.1548E+04,0.5497E+03,0.1439E+03,0.4755E+03,0.3778E+02,0.7760E+02,0.1169E+04,0.1154E+03,0.2128E+04,
   73,1999,  10,0.1227E-03,0.4769E-01,0.3179E+00,0.4993E+00,0.6062E+01,0.5706E+00,0.2257E+00,0.5267E+00,0.7132E+01,0.7524E+00,0.9481E+00,
   69,1999,  10,0.2250E-01,0.9312E+01,0.1880E+02,0.5392E+01,0.2421E+02,0.2990E+01,0.1585E+01,0.3774E+01,0.3259E+02,0.5358E+01,0.1302E+02,
   20,1999,  10,0.8857E+00,0.3874E+03,0.6227E+03,0.1231E+03,0.1021E+04,0.1039E+03,0.3114E+02,0.6649E+02,0.1248E+04,0.9762E+02,0.5566E+03,
   36,1999,  10,0.0000E+00,0.0000E+00,0.0000E+00,0.0000E+00,0.0000E+00,0.0000E+00,0.0000E+00,0.0000E+00,0.0000E+00,0.0000E+00,0.0000E+00,
   16,1999,  10,0.3940E-03,0.1570E+00,0.1021E+01,0.1606E+01,0.1807E+02,0.1725E+01,0.6775E+00,0.1581E+01,0.2140E+02,0.2259E+01,0.2572E+01,
   26,1999,  10,0.3308E-01,0.1637E+02,0.2132E+02,0.1224E+02,0.3974E+02,0.5716E+01,0.8360E+00,0.2029E+01,0.5770E+02,0.2865E+01,0.5066E+02,
   30,1999,  10,0.4709E-02,0.2002E+01,0.1030E+02,0.2907E+01,0.6955E+01,0.1201E+01,0.3999E+00,0.9789E+00,0.1106E+02,0.1379E+01,0.1052E+02,
   66,1999,  10,0.0000E+00,0.0000E+00,0.0000E+00,0.0000E+00,0.0000E+00,0.0000E+00,0.0000E+00,0.0000E+00,0.0000E+00,0.0000E+00,0.0000E+00,
   24,1999,  10,0.1892E-02,0.8169E+00,0.4901E+01,0.2444E+01,0.9165E-01,0.5193E+00,0.1185E+00,0.2900E+00,0.3055E+01,0.4085E+00,0.4084E+01,
   10,1999,  10,0.3760E+01,0.1606E+04,0.6125E+03,0.5801E+02,0.6950E+03,0.6557E+02,0.2863E+02,0.5837E+02,0.8186E+03,0.8700E+02,0.4711E+04,
   19,1999,  10,0.4148E+01,0.1793E+04,0.1412E+04,0.5017E+03,0.2419E+04,0.4171E+03,0.1193E+03,0.2517E+03,0.3338E+04,0.3709E+03,0.2088E+04,
   11,1999,  10,0.9938E+00,0.4291E+03,0.8660E+03,0.1078E+03,0.1202E+04,0.1150E+03,0.2929E+02,0.6024E+02,0.1425E+04,0.8953E+02,0.1444E+04,
    0,1999,  10,0.5957E-02,0.2315E+01,0.6498E+01,0.2479E+00,0.3010E+01,0.2832E+00,0.1417E+00,0.3305E+00,0.3541E+01,0.4722E+00,0.1301E-02,
   62,1999,  10,0.0000E+00,0.0000E+00,0.0000E+00,0.0000E+00,0.0000E+00,0.0000E+00,0.0000E+00,0.0000E+00,0.0000E+00,0.0000E+00,0.0000E+00,
   92,1999,  11,0.3943E-01,0.2000E+02,0.6421E+02,0.2920E+02,0.5468E+01,0.1017E+02,0.3251E+01,0.1032E+02,0.4484E+02,0.1357E+02,0.4178E+02,
   61,1999,  11,0.8604E+00,0.4951E+03,0.2944E+03,0.1751E+03,0.5646E+03,0.1095E+03,0.1213E+02,0.4264E+02,0.8492E+03,0.5476E+02,0.4166E+03,
   86,1999,  11,0.2067E+00,0.1078E+04,0.4148E+03,0.6031E+02,0.2802E+03,0.1065E+03,0.3226E+02,0.6055E+02,0.4470E+03,0.9281E+02,0.1149E+04,
   34,1999,  11,0.1943E+02,0.9387E+04,0.2847E+04,0.6001E+04,0.1525E+05,0.2281E+04,0.9702E+02,0.1855E+03,0.2353E+05,0.2826E+03,0.3937E+04,
   64,1999,  11,0.1065E+02,0.6107E+04,0.5536E+04,0.2495E+04,0.4998E+04,0.1903E+04,0.8972E+02,0.2518E+03,0.9395E+04,0.3415E+03,0.6473E+04,
   63,1999,  11,0.1043E-01,0.5405E+01,0.2702E+02,0.8071E+01,0.3027E+00,0.1715E+01,0.1567E+01,0.3837E+01,0.1009E+02,0.5405E+01,0.1351E+02,
   59,1999,  11,0.2121E+00,0.1337E+03,0.4493E+02,0.2338E+01,0.1830E+02,0.2125E+02,0.3321E+01,0.4276E+01,0.4189E+02,0.7597E+01,0.6098E+02,
   55,1999,  11,0.4016E-01,0.2673E+02,0.3282E+01,0.7000E+00,0.1008E+02,0.3326E+01,0.6374E+00,0.1021E+01,0.1411E+02,0.1658E+01,0.1065E+02,
   65,1999,  11,0.1198E+00,0.7893E+02,0.1541E+03,0.5756E+02,0.8264E+02,0.6785E+02,0.7432E+01,0.1110E+02,0.2080E+03,0.1853E+02,0.1749E+03,
   32,1999,  11,0.7680E+00,0.4262E+03,0.2193E+03,0.1834E+02,0.1044E+04,0.3275E+02,0.9027E+01,0.5070E+02,0.1095E+04,0.5973E+02,0.9120E+02,
   53,1999,  11,0.2082E-01,0.1290E+02,0.3785E-01,0.1567E+01,0.1817E+01,0.2575E+01,0.1817E-01,0.1503E+01,0.5960E+01,0.1521E+01,0.7114E+01,
   47,1999,  11,0.0000E+00,0.0000E+00,0.0000E+00,0.0000E+00,0.0000E+00,0.0000E+00,0.0000E+00,0.0000E+00,0.0000E+00,0.0000E+00,0.0000E+00,
   81,1999,  11,0.0000E+00,0.0000E+00,0.0000E+00,0.0000E+00,0.0000E+00,0.0000E+00,0.0000E+00,0.0000E+00,0.0000E+00,0.0000E+00,0.0000E+00,
   82,1999,  11,0.4383E-01,0.3028E+02,0.0000E+00,0.0000E+00,0.0000E+00,0.1892E+01,0.0000E+00,0.1892E+02,0.1892E+01,0.1892E+02,0.3028E+02,
   79,1999,  11,0.3454E-02,0.1789E+01,0.8947E+01,0.2672E+01,0.1002E+00,0.5677E+00,0.5190E+00,0.1270E+01,0.3340E+01,0.1789E+01,0.4474E+01,
   77,1999,  11,0.2573E+00,0.1548E+03,0.2963E+03,0.7930E+02,0.6418E+02,0.4072E+02,0.2036E+02,0.2778E+02,0.1842E+03,0.4814E+02,0.2360E+03,
   85,1999,  11,0.2727E+00,0.1740E+03,0.4814E+03,0.2647E+03,0.9462E+02,0.9182E+02,0.1158E+02,0.2436E+02,0.4512E+03,0.3594E+02,0.3309E+03,
   52,1999,  11,0.0000E+00,0.0000E+00,0.0000E+00,0.0000E+00,0.0000E+00,0.0000E+00,0.0000E+00,0.0000E+00,0.0000E+00,0.0000E+00,0.0000E+00,
   56,1999,  11,0.1315E-04,0.6813E-02,0.3406E-01,0.7153E-03,0.5883E-03,0.1902E-01,0.2206E-02,0.5401E-02,0.2032E-01,0.7607E-02,0.1703E-01,
   87,1999,  11,0.0000E+00,0.0000E+00,0.0000E+00,0.0000E+00,0.0000E+00,0.0000E+00,0.0000E+00,0.0000E+00,0.0000E+00,0.0000E+00,0.0000E+00,
   44,1999,  11,0.1578E-02,0.8175E+00,0.4088E+01,0.8584E-01,0.7059E-01,0.2282E+01,0.2647E+00,0.6481E+00,0.2439E+01,0.9129E+00,0.2044E+01,
   41,1999,  11,0.0000E+00,0.0000E+00,0.0000E+00,0.0000E+00,0.0000E+00,0.0000E+00,0.0000E+00,0.0000E+00,0.0000E+00,0.0000E+00,0.0000E+00,
   49,1999,  11,0.9205E-03,0.5564E+00,0.1249E+01,0.1074E+01,0.1216E+00,0.2352E+00,0.3815E-01,0.2003E+00,0.1431E+01,0.2384E+00,0.5904E+00,
   91,1999,  11,0.4013E-01,0.2047E+02,0.1263E+02,0.1594E+02,0.3076E+02,0.4894E+01,0.5133E+00,0.3890E+01,0.5159E+02,0.4403E+01,0.3830E+02,
   51,1999,  11,0.2805E-02,0.1986E+01,0.9689E+00,0.3272E+01,0.3706E+00,0.7170E+00,0.1163E+00,0.6104E+00,0.4360E+01,0.7267E+00,0.1696E+01,
   68,1999,  11,0.0000E+00,0.0000E+00,0.0000E+00,0.0000E+00,0.0000E+00,0.0000E+00,0.0000E+00,0.0000E+00,0.0000E+00,0.0000E+00,0.0000E+00,
   54,1999,  11,0.1271E+00,0.8342E+02,0.3073E+02,0.2195E+01,0.7464E+02,0.7683E+01,0.3293E+01,0.1207E+02,0.8451E+02,0.1537E+02,0.1756E+02,
   33,1999,  11,0.0000E+00,0.0000E+00,0.0000E+00,0.0000E+00,0.0000E+00,0.0000E+00,0.0000E+00,0.0000E+00,0.0000E+00,0.0000E+00,0.0000E+00,
   80,1999,  11,0.0000E+00,0.0000E+00,0.0000E+00,0.0000E+00,0.0000E+00,0.0000E+00,0.0000E+00,0.0000E+00,0.0000E+00,0.0000E+00,0.0000E+00,
   50,1999,  11,0.0000E+00,0.0000E+00,0.0000E+00,0.0000E+00,0.0000E+00,0.0000E+00,0.0000E+00,0.0000E+00,0.0000E+00,0.0000E+00,0.0000E+00,
   58,1999,  11,0.4982E-01,0.2679E+02,0.2190E+02,0.3462E+01,0.1593E+02,0.5562E+01,0.3623E+00,0.7353E+00,0.2495E+02,0.1098E+01,0.1884E+02,
   17,1999,  11,0.8859E-01,0.5059E+02,0.1607E+03,0.1737E+02,0.3371E+02,0.3521E+02,0.8977E+01,0.2609E+02,0.8629E+02,0.3507E+02,0.3759E+03,
   95,1999,  11,0.1014E-01,0.7343E+01,0.1334E+02,0.7234E+01,0.6928E+01,0.1584E+01,0.1940E+00,0.1012E+01,0.1575E+02,0.1206E+01,0.2363E+02,
   90,1999,  11,0.0000E+00,0.0000E+00,0.0000E+00,0.0000E+00,0.0000E+00,0.0000E+00,0.0000E+00,0.0000E+00,0.0000E+00,0.0000E+00,0.0000E+00,
   15,1999,  11,0.0000E+00,0.0000E+00,0.0000E+00,0.0000E+00,0.0000E+00,0.0000E+00,0.0000E+00,0.0000E+00,0.0000E+00,0.0000E+00,0.0000E+00,
   14,1999,  11,0.4437E-01,0.1915E+02,0.9837E+01,0.2363E+01,0.1466E+03,0.1703E+01,0.1403E+02,0.3430E+02,0.1507E+03,0.4833E+02,0.3643E+02,
   31,1999,  11,0.5575E+00,0.2539E+03,0.2086E+03,0.1473E+03,0.2984E+03,0.5217E+02,0.1274E+02,0.4006E+02,0.4979E+03,0.5280E+02,0.3361E+03,
   12,1999,  11,0.1604E-01,0.6630E+01,0.1157E+02,0.7662E+01,0.2004E+02,0.2736E+01,0.1322E+01,0.3237E+01,0.3044E+02,0.4559E+01,0.3758E+02,
   23,1999,  11,0.1416E-01,0.5539E+01,0.5350E+01,0.1078E+01,0.1649E+01,0.3545E+00,0.1205E+00,0.2882E+00,0.3081E+01,0.4088E+00,0.6535E+02,
   25,1999,  11,0.8590E+01,0.6199E+04,0.3085E+04,0.2404E+04,0.4239E+04,0.1339E+04,0.2117E+03,0.4336E+03,0.7983E+04,0.6453E+03,0.1050E+05,
   18,1999,  11,0.2513E-01,0.1171E+02,0.1284E+02,0.3977E+01,0.1671E+02,0.2106E+01,0.1303E+01,0.2859E+01,0.2279E+02,0.4162E+01,0.4761E+02,
    4,1999,  11,0.4350E-01,0.1698E+02,0.4832E+01,0.4466E+00,0.5169E+01,0.4908E+00,0.2678E+00,0.7031E+00,0.6107E+01,0.9710E+00,0.1320E+03,
   74,1999,  11,0.8689E+00,0.3741E+03,0.1605E+04,0.4715E+03,0.1207E+03,0.4078E+03,0.4828E+02,0.9868E+02,0.1000E+04,0.1470E+03,0.2203E+04,
   73,1999,  11,0.1227E-03,0.4769E-01,0.3179E+00,0.4993E+00,0.6062E+01,0.5706E+00,0.2257E+00,0.5267E+00,0.7132E+01,0.7524E+00,0.9481E+00,
   69,1999,  11,0.2250E-01,0.9312E+01,0.1880E+02,0.5392E+01,0.2421E+02,0.2990E+01,0.1585E+01,0.3774E+01,0.3259E+02,0.5358E+01,0.1302E+02,
   20,1999,  11,0.6459E+00,0.2839E+03,0.4286E+03,0.1191E+03,0.9727E+03,0.9935E+02,0.4052E+02,0.8553E+02,0.1191E+04,0.1260E+03,0.4324E+03,
   36,1999,  11,0.0000E+00,0.0000E+00,0.0000E+00,0.0000E+00,0.0000E+00,0.0000E+00,0.0000E+00,0.0000E+00,0.0000E+00,0.0000E+00,0.0000E+00,
   16,1999,  11,0.3940E-03,0.1570E+00,0.1021E+01,0.1606E+01,0.1807E+02,0.1725E+01,0.6775E+00,0.1581E+01,0.2140E+02,0.2259E+01,0.2572E+01,
   26,1999,  11,0.3308E-01,0.1637E+02,0.2132E+02,0.1224E+02,0.3974E+02,0.5716E+01,0.8360E+00,0.2029E+01,0.5770E+02,0.2865E+01,0.5066E+02,
   30,1999,  11,0.5147E-02,0.2192E+01,0.1106E+02,0.2956E+01,0.7557E+01,0.1257E+01,0.4273E+00,0.1046E+01,0.1177E+02,0.1473E+01,0.1147E+02,
   66,1999,  11,0.0000E+00,0.0000E+00,0.0000E+00,0.0000E+00,0.0000E+00,0.0000E+00,0.0000E+00,0.0000E+00,0.0000E+00,0.0000E+00,0.0000E+00,
   24,1999,  11,0.1892E-02,0.8169E+00,0.4901E+01,0.2444E+01,0.9165E-01,0.5193E+00,0.1185E+00,0.2900E+00,0.3055E+01,0.4085E+00,0.4084E+01,
   10,1999,  11,0.2975E+01,0.1267E+04,0.4480E+03,0.4968E+02,0.5938E+03,0.5604E+02,0.2964E+02,0.6041E+02,0.6995E+03,0.9005E+02,0.4354E+04,
   19,1999,  11,0.3350E+01,0.1448E+04,0.1392E+04,0.4982E+03,0.2363E+04,0.3958E+03,0.9748E+02,0.2078E+03,0.3257E+04,0.3052E+03,0.2221E+04,
   11,1999,  11,0.9447E+00,0.4079E+03,0.9810E+03,0.1248E+03,0.1408E+04,0.1344E+03,0.5386E+02,0.1101E+03,0.1667E+04,0.1640E+03,0.1450E+04,
    0,1999,  11,0.5957E-02,0.2315E+01,0.6498E+01,0.2479E+00,0.3010E+01,0.2832E+00,0.1417E+00,0.3305E+00,0.3541E+01,0.4722E+00,0.1301E-02,
   62,1999,  11,0.0000E+00,0.0000E+00,0.0000E+00,0.0000E+00,0.0000E+00,0.0000E+00,0.0000E+00,0.0000E+00,0.0000E+00,0.0000E+00,0.0000E+00,
   92,1999,  12,0.4026E-01,0.2276E+02,0.6464E+02,0.3007E+02,0.5622E+01,0.1037E+02,0.3287E+01,0.1059E+02,0.4606E+02,0.1388E+02,0.4387E+02,
   61,1999,  12,0.9160E+00,0.5943E+03,0.3632E+03,0.1806E+03,0.5807E+03,0.1276E+03,0.3453E+02,0.5291E+02,0.8890E+03,0.8744E+02,0.7638E+03,
   86,1999,  12,0.1826E+00,0.1175E+04,0.3553E+03,0.6910E+02,0.2513E+03,0.6388E+02,0.1223E+02,0.6597E+02,0.3843E+03,0.7820E+02,0.1508E+04,
   34,1999,  12,0.2068E+02,0.5207E+04,0.5656E+04,0.9205E+04,0.1458E+05,0.3925E+04,0.6211E+02,0.7293E+03,0.2771E+05,0.7914E+03,0.2722E+05,
   64,1999,  12,0.1108E+02,0.6288E+04,0.3381E+04,0.3652E+04,0.5767E+04,0.1746E+04,0.1034E+03,0.2817E+03,0.1116E+05,0.3852E+03,0.5949E+04,
   63,1999,  12,0.1043E-01,0.5405E+01,0.2702E+02,0.8071E+01,0.3027E+00,0.1715E+01,0.1567E+01,0.3837E+01,0.1009E+02,0.5405E+01,0.1351E+02,
   59,1999,  12,0.2266E+00,0.1624E+03,0.2298E+03,0.4844E+02,0.4106E+02,0.5028E+02,0.3547E+01,0.6520E+01,0.1398E+03,0.1007E+02,0.1107E+03,
   55,1999,  12,0.5338E-01,0.4150E+02,0.8504E+01,0.1357E+01,0.1620E+02,0.5080E+01,0.1279E+01,0.2117E+01,0.2264E+02,0.3396E+01,0.1763E+02,
   65,1999,  12,0.1217E+00,0.8962E+02,0.1392E+03,0.8536E+02,0.7508E+02,0.3425E+02,0.5135E+01,0.1298E+02,0.1947E+03,0.1811E+02,0.1545E+03,
   32,1999,  12,0.7802E+00,0.4985E+03,0.2186E+03,0.1848E+02,0.1099E+04,0.5235E+02,0.9189E+01,0.3892E+02,0.1170E+04,0.4811E+02,0.3496E+03,
   53,1999,  12,0.1973E-01,0.1243E+02,0.3406E-01,0.1988E+01,0.3397E+01,0.1748E+01,0.1090E-01,0.1738E+01,0.7133E+01,0.1749E+01,0.5089E+01,
   47,1999,  12,0.0000E+00,0.0000E+00,0.0000E+00,0.0000E+00,0.0000E+00,0.0000E+00,0.0000E+00,0.0000E+00,0.0000E+00,0.0000E+00,0.0000E+00,
   81,1999,  12,0.0000E+00,0.0000E+00,0.0000E+00,0.0000E+00,0.0000E+00,0.0000E+00,0.0000E+00,0.0000E+00,0.0000E+00,0.0000E+00,0.0000E+00,
   82,1999,  12,0.4383E-01,0.3028E+02,0.0000E+00,0.0000E+00,0.0000E+00,0.1892E+01,0.0000E+00,0.1892E+02,0.1892E+01,0.1892E+02,0.3028E+02,
   79,1999,  12,0.3454E-02,0.1789E+01,0.8947E+01,0.2672E+01,0.1002E+00,0.5677E+00,0.5190E+00,0.1270E+01,0.3340E+01,0.1789E+01,0.4474E+01,
   77,1999,  12,0.2402E+00,0.1468E+03,0.1901E+03,0.6371E+02,0.7256E+02,0.4894E+02,0.1315E+02,0.3918E+02,0.1852E+03,0.5233E+02,0.2286E+03,
   85,1999,  12,0.2721E+00,0.1885E+03,0.4649E+03,0.3048E+03,0.1491E+03,0.7121E+02,0.1359E+02,0.2422E+02,0.5252E+03,0.3781E+02,0.3283E+03,
   52,1999,  12,0.0000E+00,0.0000E+00,0.0000E+00,0.0000E+00,0.0000E+00,0.0000E+00,0.0000E+00,0.0000E+00,0.0000E+00,0.0000E+00,0.0000E+00,
   56,1999,  12,0.1315E-04,0.6813E-02,0.3406E-01,0.7153E-03,0.5883E-03,0.1902E-01,0.2206E-02,0.5401E-02,0.2032E-01,0.7607E-02,0.1703E-01,
   87,1999,  12,0.0000E+00,0.0000E+00,0.0000E+00,0.0000E+00,0.0000E+00,0.0000E+00,0.0000E+00,0.0000E+00,0.0000E+00,0.0000E+00,0.0000E+00,
   44,1999,  12,0.1578E-02,0.8175E+00,0.4088E+01,0.8584E-01,0.7059E-01,0.2282E+01,0.2647E+00,0.6481E+00,0.2439E+01,0.9129E+00,0.2044E+01,
   41,1999,  12,0.0000E+00,0.0000E+00,0.0000E+00,0.0000E+00,0.0000E+00,0.0000E+00,0.0000E+00,0.0000E+00,0.0000E+00,0.0000E+00,0.0000E+00,
   49,1999,  12,0.9205E-03,0.6358E+00,0.4996E+00,0.1074E+01,0.1216E+00,0.2353E+00,0.3815E-01,0.2003E+00,0.1431E+01,0.2384E+00,0.4769E+00,
   91,1999,  12,0.4074E-01,0.2145E+02,0.1433E+02,0.1663E+02,0.3079E+02,0.5000E+01,0.5196E+00,0.4036E+01,0.5242E+02,0.4555E+01,0.3964E+02,
   51,1999,  12,0.2937E-02,0.2688E+01,0.1268E+01,0.3426E+01,0.3880E+00,0.7506E+00,0.1217E+00,0.6390E+00,0.4564E+01,0.7607E+00,0.1521E+01,
   68,1999,  12,0.0000E+00,0.0000E+00,0.0000E+00,0.0000E+00,0.0000E+00,0.0000E+00,0.0000E+00,0.0000E+00,0.0000E+00,0.0000E+00,0.0000E+00,
   54,1999,  12,0.1324E+00,0.8344E+02,0.3886E+02,0.2286E+01,0.4801E+02,0.8000E+01,0.1143E+01,0.1143E+02,0.5829E+02,0.1257E+02,0.2515E+02,
   33,1999,  12,0.0000E+00,0.0000E+00,0.0000E+00,0.0000E+00,0.0000E+00,0.0000E+00,0.0000E+00,0.0000E+00,0.0000E+00,0.0000E+00,0.0000E+00,
   80,1999,  12,0.0000E+00,0.0000E+00,0.0000E+00,0.0000E+00,0.0000E+00,0.0000E+00,0.0000E+00,0.0000E+00,0.0000E+00,0.0000E+00,0.0000E+00,
   50,1999,  12,0.0000E+00,0.0000E+00,0.0000E+00,0.0000E+00,0.0000E+00,0.0000E+00,0.0000E+00,0.0000E+00,0.0000E+00,0.0000E+00,0.0000E+00,
   58,1999,  12,0.4866E-01,0.3107E+02,0.1763E+02,0.7549E+01,0.1443E+02,0.8201E+01,0.3784E+00,0.8418E+00,0.3018E+02,0.1220E+01,0.1976E+02,
   17,1999,  12,0.9210E-01,0.5428E+02,0.1364E+03,0.2377E+02,0.3263E+02,0.3640E+02,0.8073E+01,0.2970E+02,0.9280E+02,0.3777E+02,0.3636E+03,
   95,1999,  12,0.1001E-01,0.8378E+01,0.1594E+02,0.8112E+01,0.5655E+01,0.1778E+01,0.2462E+00,0.1321E+01,0.1555E+02,0.1567E+01,0.1754E+02,
   90,1999,  12,0.0000E+00,0.0000E+00,0.0000E+00,0.0000E+00,0.0000E+00,0.0000E+00,0.0000E+00,0.0000E+00,0.0000E+00,0.0000E+00,0.0000E+00,
   15,1999,  12,0.0000E+00,0.0000E+00,0.0000E+00,0.0000E+00,0.0000E+00,0.0000E+00,0.0000E+00,0.0000E+00,0.0000E+00,0.0000E+00,0.0000E+00,
   14,1999,  12,0.4481E-01,0.1934E+02,0.1455E+02,0.2398E+01,0.2163E+03,0.1741E+01,0.1483E+02,0.3626E+02,0.2204E+03,0.5109E+02,0.2328E+02,
   31,1999,  12,0.6304E+00,0.2998E+03,0.2111E+03,0.1732E+03,0.3352E+03,0.5749E+02,0.1251E+02,0.6360E+02,0.5659E+03,0.7611E+02,0.3504E+03,
   12,1999,  12,0.1556E-01,0.6422E+01,0.1139E+02,0.6929E+01,0.2001E+02,0.2581E+01,0.1243E+01,0.3045E+01,0.2952E+02,0.4288E+01,0.3808E+02,
   23,1999,  12,0.1416E-01,0.5539E+01,0.5350E+01,0.1078E+01,0.1649E+01,0.3545E+00,0.1205E+00,0.2882E+00,0.3081E+01,0.4088E+00,0.6535E+02,
   25,1999,  12,0.8470E+01,0.6101E+04,0.4317E+04,0.2549E+04,0.4650E+04,0.1286E+04,0.2312E+03,0.4730E+03,0.8486E+04,0.7042E+03,0.1287E+05,
   18,1999,  12,0.2601E-01,0.1209E+02,0.6226E+01,0.3841E+01,0.1617E+02,0.2039E+01,0.1319E+01,0.3179E+01,0.2205E+02,0.4498E+01,0.2077E+02,
    4,1999,  12,0.4350E-01,0.1698E+02,0.3694E+01,0.4678E+00,0.5427E+01,0.5151E+00,0.2778E+00,0.7234E+00,0.6410E+01,0.1001E+01,0.1296E+03,
   74,1999,  12,0.8723E+00,0.3756E+03,0.1608E+04,0.4586E+03,0.1175E+03,0.3964E+03,0.5114E+02,0.1252E+03,0.9725E+03,0.1763E+03,0.2212E+04,
   73,1999,  12,0.1227E-03,0.4769E-01,0.3179E+00,0.4993E+00,0.6062E+01,0.5706E+00,0.2257E+00,0.5267E+00,0.7132E+01,0.7524E+00,0.9481E+00,
   69,1999,  12,0.2250E-01,0.9312E+01,0.1880E+02,0.5392E+01,0.2421E+02,0.2990E+01,0.1585E+01,0.3774E+01,0.3259E+02,0.5358E+01,0.1302E+02,
   20,1999,  12,0.6691E+00,0.2939E+03,0.7474E+03,0.1223E+03,0.1012E+04,0.1030E+03,0.2497E+02,0.5396E+02,0.1237E+04,0.7893E+02,0.5467E+03,
   36,1999,  12,0.0000E+00,0.0000E+00,0.0000E+00,0.0000E+00,0.0000E+00,0.0000E+00,0.0000E+00,0.0000E+00,0.0000E+00,0.0000E+00,0.0000E+00,
   16,1999,  12,0.3940E-03,0.1570E+00,0.1021E+01,0.1606E+01,0.1807E+02,0.1725E+01,0.6775E+00,0.1581E+01,0.2140E+02,0.2259E+01,0.2572E+01,
   26,1999,  12,0.3308E-01,0.1637E+02,0.2132E+02,0.1224E+02,0.3974E+02,0.5716E+01,0.8360E+00,0.2029E+01,0.5770E+02,0.2865E+01,0.5066E+02,
   30,1999,  12,0.4709E-02,0.2002E+01,0.1030E+02,0.2907E+01,0.6955E+01,0.1201E+01,0.3999E+00,0.9789E+00,0.1106E+02,0.1379E+01,0.9957E+01,
   66,1999,  12,0.0000E+00,0.0000E+00,0.0000E+00,0.0000E+00,0.0000E+00,0.0000E+00,0.0000E+00,0.0000E+00,0.0000E+00,0.0000E+00,0.0000E+00,
   24,1999,  12,0.1892E-02,0.8169E+00,0.4901E+01,0.2444E+01,0.9165E-01,0.5193E+00,0.1185E+00,0.2900E+00,0.3055E+01,0.4085E+00,0.4084E+01,
   10,1999,  12,0.3064E+01,0.1305E+04,0.8734E+03,0.6939E+02,0.8332E+03,0.7857E+02,0.1774E+02,0.3625E+02,0.9812E+03,0.5399E+02,0.4032E+04,
   19,1999,  12,0.3281E+01,0.1418E+04,0.1272E+04,0.4882E+03,0.2383E+04,0.4004E+03,0.1091E+03,0.2310E+03,0.3271E+04,0.3402E+03,0.1930E+04,
   11,1999,  12,0.8702E+00,0.3757E+03,0.7593E+03,0.1355E+03,0.1539E+04,0.1467E+03,0.4961E+02,0.1015E+03,0.1821E+04,0.1511E+03,0.7567E+03,
    0,1999,  12,0.5957E-02,0.2315E+01,0.6498E+01,0.2479E+00,0.3010E+01,0.2832E+00,0.1417E+00,0.3305E+00,0.3541E+01,0.4722E+00,0.1301E-02,
   62,1999,  12,0.0000E+00,0.0000E+00,0.0000E+00,0.0000E+00,0.0000E+00,0.0000E+00,0.0000E+00,0.0000E+00,0.0000E+00,0.0000E+00,0.0000E+00,
