   92,1992,   1,0.2231E-01,0.1001E+02,0.4601E+02,0.2178E+02,0.5689E+01,0.6205E+01,0.1444E+01,0.5737E+01,0.3368E+02,0.7181E+01,0.3905E+02,
   61,1992,   1,0.6377E+00,0.4738E+03,0.6499E+03,0.9276E+03,0.4169E+03,0.1472E+03,0.1150E+02,0.4143E+02,0.1492E+04,0.5293E+02,0.7643E+03,
   86,1992,   1,0.1539E+00,0.1042E+04,0.3321E+03,0.1874E+03,0.2283E+03,0.3904E+02,0.6169E+01,0.4245E+02,0.4548E+03,0.4862E+02,0.1524E+04,
   34,1992,   1,0.2047E+02,0.1147E+05,0.5104E+04,0.8950E+04,0.1649E+05,0.2367E+04,0.1792E+03,0.1673E+03,0.2781E+05,0.3466E+03,0.1715E+05,
   64,1992,   1,0.1229E+02,0.8858E+04,0.9353E+04,0.7792E+04,0.5913E+04,0.1499E+04,0.3289E+03,0.3171E+03,0.1521E+05,0.6460E+03,0.1214E+05,
   63,1992,   1,0.0000E+00,0.0000E+00,0.0000E+00,0.0000E+00,0.0000E+00,0.0000E+00,0.0000E+00,0.0000E+00,0.0000E+00,0.0000E+00,0.0000E+00,
   59,1992,   1,0.1530E+00,0.5944E+02,0.1374E+03,0.6314E+02,0.2906E+02,0.5085E+02,0.8454E+01,0.2457E+02,0.1430E+03,0.3302E+02,0.2179E+03,
   55,1992,   1,0.4495E-01,0.1828E+02,0.3799E+02,0.8219E+01,0.3177E+02,0.5720E+01,0.3217E+01,0.5314E+01,0.4570E+02,0.8531E+01,0.2367E+02,
   65,1992,   1,0.1043E+00,0.4232E+02,0.1436E+03,0.5780E+02,0.8419E+02,0.1069E+03,0.5918E+01,0.1716E+02,0.2489E+03,0.2308E+02,0.1758E+03,
   32,1992,   1,0.6368E+00,0.4566E+03,0.8230E+02,0.1875E+02,0.7366E+03,0.4951E+02,0.4707E+01,0.4289E+02,0.8049E+03,0.4759E+02,0.2060E+03,
   53,1992,   1,0.1532E-01,0.1035E+02,0.1154E+02,0.4469E+01,0.2072E+02,0.9813E+00,0.4735E+00,0.1419E+01,0.2617E+02,0.1893E+01,0.1756E+02,
   47,1992,   1,0.0000E+00,0.0000E+00,0.0000E+00,0.0000E+00,0.0000E+00,0.0000E+00,0.0000E+00,0.0000E+00,0.0000E+00,0.0000E+00,0.0000E+00,
   81,1992,   1,0.0000E+00,0.0000E+00,0.0000E+00,0.0000E+00,0.0000E+00,0.0000E+00,0.0000E+00,0.0000E+00,0.0000E+00,0.0000E+00,0.0000E+00,
   82,1992,   1,0.4383E-01,0.3028E+02,0.0000E+00,0.0000E+00,0.0000E+00,0.1892E+01,0.0000E+00,0.1892E+02,0.1892E+01,0.1892E+02,0.3028E+02,
   79,1992,   1,0.3454E-02,0.1789E+01,0.8947E+01,0.2672E+01,0.1002E+00,0.5677E+00,0.5190E+00,0.1270E+01,0.3340E+01,0.1789E+01,0.4474E+01,
   77,1992,   1,0.2175E+00,0.1395E+03,0.1430E+03,0.7710E+02,0.9579E+02,0.4058E+02,0.1720E+01,0.3665E+02,0.2135E+03,0.3837E+02,0.3594E+03,
   85,1992,   1,0.2067E+00,0.1585E+03,0.3803E+03,0.2307E+03,0.4308E+02,0.5183E+02,0.6523E+01,0.1990E+02,0.3256E+03,0.2642E+02,0.5184E+03,
   52,1992,   1,0.0000E+00,0.0000E+00,0.0000E+00,0.0000E+00,0.0000E+00,0.0000E+00,0.0000E+00,0.0000E+00,0.0000E+00,0.0000E+00,0.0000E+00,
   56,1992,   1,0.0000E+00,0.0000E+00,0.0000E+00,0.0000E+00,0.0000E+00,0.0000E+00,0.0000E+00,0.0000E+00,0.0000E+00,0.0000E+00,0.0000E+00,
   87,1992,   1,0.0000E+00,0.0000E+00,0.0000E+00,0.0000E+00,0.0000E+00,0.0000E+00,0.0000E+00,0.0000E+00,0.0000E+00,0.0000E+00,0.0000E+00,
   44,1992,   1,0.0000E+00,0.0000E+00,0.0000E+00,0.0000E+00,0.0000E+00,0.0000E+00,0.0000E+00,0.0000E+00,0.0000E+00,0.0000E+00,0.0000E+00,
   41,1992,   1,0.0000E+00,0.0000E+00,0.0000E+00,0.0000E+00,0.0000E+00,0.0000E+00,0.0000E+00,0.0000E+00,0.0000E+00,0.0000E+00,0.0000E+00,
   49,1992,   1,0.1446E-02,0.6245E+00,0.1586E+01,0.1687E+01,0.1911E+00,0.3697E+00,0.5995E-01,0.3147E+00,0.2248E+01,0.3747E+00,0.2078E+01,
   91,1992,   1,0.3829E-01,0.1895E+02,0.1047E+02,0.1449E+02,0.3141E+02,0.5461E+01,0.8296E+00,0.3227E+01,0.5136E+02,0.4057E+01,0.4242E+02,
   51,1992,   1,0.2060E-02,0.8894E+00,0.2135E+01,0.2403E+01,0.2722E+00,0.5265E+00,0.8539E-01,0.4483E+00,0.3202E+01,0.5337E+00,0.4625E+01,
   68,1992,   1,0.0000E+00,0.0000E+00,0.0000E+00,0.0000E+00,0.0000E+00,0.0000E+00,0.0000E+00,0.0000E+00,0.0000E+00,0.0000E+00,0.0000E+00,
   54,1992,   1,0.1201E+00,0.6637E+02,0.2696E+03,0.1483E+03,0.4843E+02,0.5807E+02,0.4563E+01,0.2707E+02,0.2548E+03,0.3163E+02,0.1867E+03,
   33,1992,   1,0.0000E+00,0.0000E+00,0.0000E+00,0.0000E+00,0.0000E+00,0.0000E+00,0.0000E+00,0.0000E+00,0.0000E+00,0.0000E+00,0.0000E+00,
   80,1992,   1,0.0000E+00,0.0000E+00,0.0000E+00,0.0000E+00,0.0000E+00,0.0000E+00,0.0000E+00,0.0000E+00,0.0000E+00,0.0000E+00,0.0000E+00,
   50,1992,   1,0.0000E+00,0.0000E+00,0.0000E+00,0.0000E+00,0.0000E+00,0.0000E+00,0.0000E+00,0.0000E+00,0.0000E+00,0.0000E+00,0.0000E+00,
   58,1992,   1,0.5583E-01,0.3474E+02,0.2452E+02,0.4236E+02,0.9805E+01,0.8413E+01,0.6060E+00,0.5575E+00,0.6058E+02,0.1164E+01,0.2608E+02,
   17,1992,   1,0.1043E+00,0.4935E+02,0.1207E+03,0.2266E+02,0.3211E+02,0.2457E+02,0.4879E+01,0.1619E+02,0.7934E+02,0.2107E+02,0.2218E+03,
   95,1992,   1,0.9526E-02,0.4114E+01,0.1182E+02,0.1110E+02,0.1264E+01,0.2432E+01,0.2507E+00,0.1322E+01,0.1479E+02,0.1572E+01,0.2723E+02,
   90,1992,   1,0.0000E+00,0.0000E+00,0.0000E+00,0.0000E+00,0.0000E+00,0.0000E+00,0.0000E+00,0.0000E+00,0.0000E+00,0.0000E+00,0.0000E+00,
   15,1992,   1,0.0000E+00,0.0000E+00,0.0000E+00,0.0000E+00,0.0000E+00,0.0000E+00,0.0000E+00,0.0000E+00,0.0000E+00,0.0000E+00,0.0000E+00,
   14,1992,   1,0.3025E-01,0.1296E+02,0.1737E+02,0.1905E+02,0.1651E+03,0.1668E+02,0.7523E+01,0.1838E+02,0.2009E+03,0.2590E+02,0.1801E+02,
   31,1992,   1,0.4115E+00,0.2059E+03,0.6840E+03,0.3856E+03,0.2848E+02,0.8306E+02,0.2199E+02,0.5120E+02,0.4972E+03,0.7319E+02,0.8883E+03,
   12,1992,   1,0.1702E-01,0.7353E+01,0.3048E+02,0.1466E+02,0.1300E+02,0.4262E+01,0.1352E+01,0.3311E+01,0.3192E+02,0.4663E+01,0.6278E+02,
   23,1992,   1,0.1407E-01,0.5496E+01,0.5113E+01,0.9827E+00,0.1645E+01,0.3343E+00,0.1110E+00,0.2648E+00,0.2962E+01,0.3758E+00,0.6519E+02,
   25,1992,   1,0.8771E+01,0.6666E+04,0.1473E+05,0.1292E+05,0.2841E+04,0.2984E+04,0.3766E+03,0.7835E+03,0.1875E+05,0.1160E+04,0.2184E+05,
   18,1992,   1,0.2063E-01,0.1053E+02,0.1932E+02,0.1497E+02,0.1262E+02,0.4108E+01,0.1095E+01,0.2628E+01,0.3170E+02,0.3723E+01,0.3789E+02,
    4,1992,   1,0.5095E-01,0.2026E+02,0.1822E+02,0.1224E+02,0.4457E+01,0.2908E+01,0.7886E+00,0.2001E+01,0.1961E+02,0.2790E+01,0.1481E+03,
   74,1992,   1,0.7991E+00,0.3468E+03,0.1481E+04,0.3676E+02,0.6773E+01,0.8258E+03,0.3168E+02,0.6495E+02,0.8693E+03,0.9663E+02,0.2040E+04,
   73,1992,   1,0.1227E-03,0.4769E-01,0.3179E+00,0.4993E+00,0.6062E+01,0.5706E+00,0.2257E+00,0.5267E+00,0.7132E+01,0.7524E+00,0.9481E+00,
   69,1992,   1,0.1812E-01,0.7040E+01,0.7444E+01,0.1999E+01,0.2408E+02,0.2270E+01,0.9261E+00,0.2161E+01,0.2835E+02,0.3087E+01,0.7343E+01,
   20,1992,   1,0.8618E+00,0.4207E+03,0.1402E+04,0.1215E+04,0.8426E+03,0.3191E+03,0.9129E+02,0.2234E+03,0.2377E+04,0.3147E+03,0.2070E+04,
   36,1992,   1,0.0000E+00,0.0000E+00,0.0000E+00,0.0000E+00,0.0000E+00,0.0000E+00,0.0000E+00,0.0000E+00,0.0000E+00,0.0000E+00,0.0000E+00,
   16,1992,   1,0.3879E-03,0.1544E+00,0.1005E+01,0.1598E+01,0.1806E+02,0.1723E+01,0.6771E+00,0.1580E+01,0.2139E+02,0.2258E+01,0.2559E+01,
   26,1992,   1,0.3273E-01,0.1622E+02,0.2043E+02,0.1180E+02,0.3972E+02,0.5622E+01,0.8145E+00,0.1976E+01,0.5715E+02,0.2791E+01,0.4992E+02,
   30,1992,   1,0.4543E-02,0.1931E+01,0.9877E+01,0.5278E+01,0.4045E+01,0.1474E+01,0.3890E+00,0.9522E+00,0.1080E+02,0.1341E+01,0.1017E+02,
   66,1992,   1,0.0000E+00,0.0000E+00,0.0000E+00,0.0000E+00,0.0000E+00,0.0000E+00,0.0000E+00,0.0000E+00,0.0000E+00,0.0000E+00,0.0000E+00,
   24,1992,   1,0.1758E-02,0.7590E+00,0.4554E+01,0.2271E+01,0.8516E-01,0.4825E+00,0.1101E+00,0.2695E+00,0.2839E+01,0.3795E+00,0.3795E+01,
   10,1992,   1,0.3731E+01,0.1611E+04,0.8777E+03,0.4849E+03,0.9701E+02,0.1091E+03,0.2350E+02,0.5706E+02,0.6910E+03,0.8055E+02,0.9636E+04,
   19,1992,   1,0.3108E+01,0.1286E+04,0.4545E+04,0.2815E+04,0.3493E+03,0.6238E+03,0.1302E+03,0.2858E+03,0.3789E+04,0.4160E+03,0.5939E+04,
   11,1992,   1,0.7383E+00,0.3363E+03,0.1244E+04,0.1072E+04,0.4363E+02,0.2281E+03,0.3429E+02,0.6969E+02,0.1344E+04,0.1040E+03,0.1565E+04,
    0,1992,   1,0.5957E-02,0.2315E+01,0.6498E+01,0.2479E+00,0.3010E+01,0.2832E+00,0.1417E+00,0.3305E+00,0.3541E+01,0.4722E+00,0.1301E-02,
   62,1992,   1,0.0000E+00,0.0000E+00,0.0000E+00,0.0000E+00,0.0000E+00,0.0000E+00,0.0000E+00,0.0000E+00,0.0000E+00,0.0000E+00,0.0000E+00,
   92,1992,   2,0.1942E-01,0.8765E+01,0.4258E+02,0.1841E+02,0.5307E+01,0.5466E+01,0.1324E+01,0.5108E+01,0.2918E+02,0.6431E+01,0.2756E+02,
   61,1992,   2,0.6563E+00,0.4889E+03,0.6637E+03,0.9039E+03,0.3428E+03,0.2122E+03,0.1458E+02,0.4004E+02,0.1459E+04,0.5462E+02,0.8066E+03,
   86,1992,   2,0.1298E+00,0.9989E+03,0.3170E+03,0.1527E+03,0.2218E+03,0.3344E+02,0.5896E+01,0.3676E+02,0.4080E+03,0.4266E+02,0.1478E+04,
   34,1992,   2,0.2032E+02,0.9828E+04,0.5703E+04,0.1038E+05,0.1475E+05,0.2543E+04,0.1467E+03,0.3344E+03,0.2767E+05,0.4810E+03,0.2136E+05,
   64,1992,   2,0.1303E+02,0.9422E+04,0.9022E+04,0.8373E+04,0.6099E+04,0.1316E+04,0.3177E+03,0.3068E+03,0.1579E+05,0.6245E+03,0.1446E+05,
   63,1992,   2,0.0000E+00,0.0000E+00,0.0000E+00,0.0000E+00,0.0000E+00,0.0000E+00,0.0000E+00,0.0000E+00,0.0000E+00,0.0000E+00,0.0000E+00,
   59,1992,   2,0.1499E+00,0.5825E+02,0.1980E+03,0.1989E+03,0.9578E+01,0.7895E+02,0.6602E+01,0.1566E+02,0.2875E+03,0.2226E+02,0.1592E+03,
   55,1992,   2,0.4851E-01,0.1973E+02,0.5510E+02,0.1270E+02,0.2154E+02,0.7134E+01,0.3999E+01,0.3913E+01,0.4137E+02,0.7912E+01,0.2017E+02,
   65,1992,   2,0.9162E-01,0.3740E+02,0.1665E+03,0.5764E+02,0.8042E+02,0.3116E+02,0.5431E+01,0.1684E+02,0.1692E+03,0.2227E+02,0.2223E+03,
   32,1992,   2,0.6429E+00,0.4663E+03,0.1351E+03,0.1897E+02,0.6414E+03,0.5521E+02,0.3691E+01,0.4958E+02,0.7156E+03,0.5327E+02,0.1497E+03,
   53,1992,   2,0.1575E-01,0.1083E+02,0.6932E+01,0.4157E+01,0.1763E+02,0.9067E+00,0.3799E+00,0.1166E+01,0.2270E+02,0.1546E+01,0.9216E+01,
   47,1992,   2,0.0000E+00,0.0000E+00,0.0000E+00,0.0000E+00,0.0000E+00,0.0000E+00,0.0000E+00,0.0000E+00,0.0000E+00,0.0000E+00,0.0000E+00,
   81,1992,   2,0.0000E+00,0.0000E+00,0.0000E+00,0.0000E+00,0.0000E+00,0.0000E+00,0.0000E+00,0.0000E+00,0.0000E+00,0.0000E+00,0.0000E+00,
   82,1992,   2,0.4383E-01,0.3028E+02,0.0000E+00,0.0000E+00,0.0000E+00,0.1892E+01,0.0000E+00,0.1892E+02,0.1892E+01,0.1892E+02,0.3028E+02,
   79,1992,   2,0.3454E-02,0.1789E+01,0.8947E+01,0.2672E+01,0.1002E+00,0.5677E+00,0.5190E+00,0.1270E+01,0.3340E+01,0.1789E+01,0.4474E+01,
   77,1992,   2,0.2376E+00,0.1502E+03,0.6928E+02,0.7573E+02,0.6199E+02,0.4886E+02,0.1169E+01,0.3769E+02,0.1866E+03,0.3886E+02,0.3705E+03,
   85,1992,   2,0.2071E+00,0.1523E+03,0.3945E+03,0.2311E+03,0.4313E+02,0.5193E+02,0.6081E+01,0.1866E+02,0.3262E+03,0.2474E+02,0.4606E+03,
   52,1992,   2,0.0000E+00,0.0000E+00,0.0000E+00,0.0000E+00,0.0000E+00,0.0000E+00,0.0000E+00,0.0000E+00,0.0000E+00,0.0000E+00,0.0000E+00,
   56,1992,   2,0.0000E+00,0.0000E+00,0.0000E+00,0.0000E+00,0.0000E+00,0.0000E+00,0.0000E+00,0.0000E+00,0.0000E+00,0.0000E+00,0.0000E+00,
   87,1992,   2,0.0000E+00,0.0000E+00,0.0000E+00,0.0000E+00,0.0000E+00,0.0000E+00,0.0000E+00,0.0000E+00,0.0000E+00,0.0000E+00,0.0000E+00,
   44,1992,   2,0.0000E+00,0.0000E+00,0.0000E+00,0.0000E+00,0.0000E+00,0.0000E+00,0.0000E+00,0.0000E+00,0.0000E+00,0.0000E+00,0.0000E+00,
   41,1992,   2,0.0000E+00,0.0000E+00,0.0000E+00,0.0000E+00,0.0000E+00,0.0000E+00,0.0000E+00,0.0000E+00,0.0000E+00,0.0000E+00,0.0000E+00,
   49,1992,   2,0.1666E-02,0.7191E+00,0.1749E+01,0.1943E+01,0.2200E+00,0.4257E+00,0.6904E-01,0.3624E+00,0.2589E+01,0.4315E+00,0.2051E+01,
   91,1992,   2,0.3969E-01,0.1955E+02,0.1357E+02,0.1613E+02,0.3159E+02,0.5819E+01,0.8878E+00,0.3532E+01,0.5354E+02,0.4420E+01,0.4438E+02,
   51,1992,   2,0.2367E-02,0.1022E+01,0.2453E+01,0.2761E+01,0.3127E+00,0.6049E+00,0.9811E-01,0.5150E+00,0.3679E+01,0.6131E+00,0.7562E+01,
   68,1992,   2,0.0000E+00,0.0000E+00,0.0000E+00,0.0000E+00,0.0000E+00,0.0000E+00,0.0000E+00,0.0000E+00,0.0000E+00,0.0000E+00,0.0000E+00,
   54,1992,   2,0.1271E+00,0.6585E+02,0.0000E+00,0.2009E+03,0.2568E+02,0.1537E+03,0.0000E+00,0.3556E+02,0.3802E+03,0.3556E+02,0.2415E+03,
   33,1992,   2,0.0000E+00,0.0000E+00,0.0000E+00,0.0000E+00,0.0000E+00,0.0000E+00,0.0000E+00,0.0000E+00,0.0000E+00,0.0000E+00,0.0000E+00,
   80,1992,   2,0.0000E+00,0.0000E+00,0.0000E+00,0.0000E+00,0.0000E+00,0.0000E+00,0.0000E+00,0.0000E+00,0.0000E+00,0.0000E+00,0.0000E+00,
   50,1992,   2,0.0000E+00,0.0000E+00,0.0000E+00,0.0000E+00,0.0000E+00,0.0000E+00,0.0000E+00,0.0000E+00,0.0000E+00,0.0000E+00,0.0000E+00,
   58,1992,   2,0.5449E-01,0.3311E+02,0.2727E+02,0.1361E+02,0.7392E+01,0.2911E+02,0.5565E+00,0.7968E+00,0.5012E+02,0.1353E+01,0.3135E+02,
   17,1992,   2,0.1003E+00,0.4702E+02,0.1145E+03,0.3179E+02,0.4322E+02,0.3344E+02,0.5176E+01,0.2211E+02,0.1084E+03,0.2729E+02,0.1791E+03,
   95,1992,   2,0.8430E-02,0.3641E+01,0.1163E+02,0.9818E+01,0.1119E+01,0.2151E+01,0.2575E+00,0.1341E+01,0.1309E+02,0.1598E+01,0.2418E+02,
   90,1992,   2,0.0000E+00,0.0000E+00,0.0000E+00,0.0000E+00,0.0000E+00,0.0000E+00,0.0000E+00,0.0000E+00,0.0000E+00,0.0000E+00,0.0000E+00,
   15,1992,   2,0.0000E+00,0.0000E+00,0.0000E+00,0.0000E+00,0.0000E+00,0.0000E+00,0.0000E+00,0.0000E+00,0.0000E+00,0.0000E+00,0.0000E+00,
   14,1992,   2,0.3025E-01,0.1296E+02,0.2710E+02,0.1905E+02,0.1651E+03,0.1668E+02,0.7523E+01,0.1838E+02,0.2009E+03,0.2590E+02,0.2351E+02,
   31,1992,   2,0.4115E+00,0.2059E+03,0.6840E+03,0.3856E+03,0.2848E+02,0.8306E+02,0.2199E+02,0.5120E+02,0.4972E+03,0.7319E+02,0.8883E+03,
   12,1992,   2,0.1719E-01,0.7429E+01,0.3116E+02,0.1493E+02,0.1301E+02,0.4319E+01,0.1381E+01,0.3381E+01,0.3225E+02,0.4762E+01,0.6368E+02,
   23,1992,   2,0.1407E-01,0.5496E+01,0.5113E+01,0.9827E+00,0.1645E+01,0.3343E+00,0.1110E+00,0.2648E+00,0.2962E+01,0.3758E+00,0.6519E+02,
   25,1992,   2,0.8771E+01,0.6666E+04,0.1473E+05,0.1292E+05,0.2841E+04,0.2984E+04,0.3766E+03,0.7835E+03,0.1875E+05,0.1160E+04,0.2184E+05,
   18,1992,   2,0.2063E-01,0.1053E+02,0.1932E+02,0.1497E+02,0.1262E+02,0.4108E+01,0.1095E+01,0.2628E+01,0.3170E+02,0.3723E+01,0.3789E+02,
    4,1992,   2,0.5095E-01,0.2026E+02,0.1822E+02,0.1224E+02,0.4457E+01,0.2908E+01,0.7886E+00,0.2001E+01,0.1961E+02,0.2790E+01,0.1481E+03,
   74,1992,   2,0.7991E+00,0.3468E+03,0.1481E+04,0.3676E+02,0.6773E+01,0.8258E+03,0.3168E+02,0.6495E+02,0.8693E+03,0.9663E+02,0.2040E+04,
   73,1992,   2,0.1227E-03,0.4769E-01,0.3179E+00,0.4993E+00,0.6062E+01,0.5706E+00,0.2257E+00,0.5267E+00,0.7132E+01,0.7524E+00,0.9481E+00,
   69,1992,   2,0.1812E-01,0.7040E+01,0.7444E+01,0.1999E+01,0.2408E+02,0.2270E+01,0.9261E+00,0.2161E+01,0.2835E+02,0.3087E+01,0.7343E+01,
   20,1992,   2,0.8618E+00,0.4207E+03,0.1335E+04,0.1215E+04,0.8426E+03,0.3191E+03,0.9129E+02,0.2234E+03,0.2377E+04,0.3147E+03,0.2008E+04,
   36,1992,   2,0.0000E+00,0.0000E+00,0.0000E+00,0.0000E+00,0.0000E+00,0.0000E+00,0.0000E+00,0.0000E+00,0.0000E+00,0.0000E+00,0.0000E+00,
   16,1992,   2,0.3879E-03,0.1544E+00,0.1005E+01,0.1598E+01,0.1806E+02,0.1723E+01,0.6771E+00,0.1580E+01,0.2139E+02,0.2258E+01,0.2559E+01,
   26,1992,   2,0.3273E-01,0.1622E+02,0.2043E+02,0.1180E+02,0.3972E+02,0.5622E+01,0.8145E+00,0.1976E+01,0.5715E+02,0.2791E+01,0.4992E+02,
   30,1992,   2,0.4543E-02,0.1931E+01,0.9877E+01,0.5278E+01,0.4045E+01,0.1474E+01,0.3890E+00,0.9522E+00,0.1080E+02,0.1341E+01,0.1017E+02,
   66,1992,   2,0.0000E+00,0.0000E+00,0.0000E+00,0.0000E+00,0.0000E+00,0.0000E+00,0.0000E+00,0.0000E+00,0.0000E+00,0.0000E+00,0.0000E+00,
   24,1992,   2,0.1758E-02,0.7590E+00,0.4554E+01,0.2271E+01,0.8516E-01,0.4825E+00,0.1101E+00,0.2695E+00,0.2839E+01,0.3795E+00,0.3795E+01,
   10,1992,   2,0.3731E+01,0.1611E+04,0.8777E+03,0.4849E+03,0.9701E+02,0.1091E+03,0.2350E+02,0.5706E+02,0.6910E+03,0.8055E+02,0.9636E+04,
   19,1992,   2,0.3111E+01,0.1287E+04,0.4570E+04,0.2839E+04,0.3658E+03,0.6283E+03,0.1315E+03,0.2890E+03,0.3833E+04,0.4205E+03,0.5968E+04,
   11,1992,   2,0.7383E+00,0.3363E+03,0.1244E+04,0.1072E+04,0.4363E+02,0.2281E+03,0.3429E+02,0.6969E+02,0.1344E+04,0.1040E+03,0.1565E+04,
    0,1992,   2,0.5957E-02,0.2315E+01,0.6498E+01,0.2479E+00,0.3010E+01,0.2832E+00,0.1417E+00,0.3305E+00,0.3541E+01,0.4722E+00,0.1301E-02,
   62,1992,   2,0.0000E+00,0.0000E+00,0.0000E+00,0.0000E+00,0.0000E+00,0.0000E+00,0.0000E+00,0.0000E+00,0.0000E+00,0.0000E+00,0.0000E+00,
   92,1992,   3,0.2893E-01,0.1287E+02,0.6769E+02,0.2961E+02,0.6508E+01,0.8128E+01,0.1724E+01,0.7216E+01,0.4425E+02,0.8940E+01,0.4094E+02,
   61,1992,   3,0.7310E+00,0.5255E+03,0.6651E+03,0.9688E+03,0.5499E+03,0.1811E+03,0.1673E+02,0.3839E+02,0.1700E+04,0.5512E+02,0.8004E+03,
   86,1992,   3,0.1298E+00,0.1010E+04,0.3410E+03,0.1504E+03,0.2396E+03,0.5031E+02,0.6026E+01,0.3588E+02,0.4403E+03,0.4191E+02,0.1496E+04,
   34,1992,   3,0.2020E+02,0.1159E+05,0.6634E+04,0.9482E+04,0.1448E+05,0.2154E+04,0.1468E+03,0.1858E+03,0.2612E+05,0.3327E+03,0.1573E+05,
   64,1992,   3,0.1397E+02,0.1003E+05,0.1086E+05,0.8405E+04,0.5748E+04,0.1332E+04,0.2519E+03,0.2962E+03,0.1549E+05,0.5481E+03,0.1498E+05,
   63,1992,   3,0.0000E+00,0.0000E+00,0.0000E+00,0.0000E+00,0.0000E+00,0.0000E+00,0.0000E+00,0.0000E+00,0.0000E+00,0.0000E+00,0.0000E+00,
   59,1992,   3,0.1556E+00,0.6046E+02,0.0000E+00,0.3019E+03,0.8733E+01,0.8868E+02,0.0000E+00,0.2351E+02,0.3993E+03,0.2351E+02,0.1814E+03,
   55,1992,   3,0.6003E-01,0.2426E+02,0.3692E+02,0.7020E+01,0.2470E+02,0.8572E+01,0.3026E+01,0.1616E+01,0.4029E+02,0.4642E+01,0.1812E+02,
   65,1992,   3,0.1121E+00,0.4555E+02,0.1736E+03,0.5036E+02,0.9484E+02,0.3328E+02,0.6362E+01,0.1827E+02,0.1785E+03,0.2463E+02,0.3597E+03,
   32,1992,   3,0.7139E+00,0.5181E+03,0.1009E+03,0.2007E+02,0.2592E+03,0.4936E+02,0.8664E+01,0.4210E+02,0.3286E+03,0.5077E+02,0.2244E+03,
   53,1992,   3,0.1852E-01,0.1222E+02,0.6396E+01,0.3625E+01,0.1133E+02,0.7966E+00,0.4659E+00,0.1450E+01,0.1575E+02,0.1916E+01,0.7722E+01,
   47,1992,   3,0.0000E+00,0.0000E+00,0.0000E+00,0.0000E+00,0.0000E+00,0.0000E+00,0.0000E+00,0.0000E+00,0.0000E+00,0.0000E+00,0.0000E+00,
   81,1992,   3,0.0000E+00,0.0000E+00,0.0000E+00,0.0000E+00,0.0000E+00,0.0000E+00,0.0000E+00,0.0000E+00,0.0000E+00,0.0000E+00,0.0000E+00,
   82,1992,   3,0.4383E-01,0.3028E+02,0.0000E+00,0.0000E+00,0.0000E+00,0.1892E+01,0.0000E+00,0.1892E+02,0.1892E+01,0.1892E+02,0.3028E+02,
   79,1992,   3,0.3454E-02,0.1789E+01,0.8947E+01,0.2672E+01,0.1002E+00,0.5677E+00,0.5190E+00,0.1270E+01,0.3340E+01,0.1789E+01,0.4474E+01,
   77,1992,   3,0.2697E+00,0.1690E+03,0.3278E+02,0.5654E+02,0.1131E+03,0.6066E+02,0.6050E+00,0.3299E+02,0.2303E+03,0.3360E+02,0.4135E+03,
   85,1992,   3,0.2027E+00,0.1484E+03,0.3497E+03,0.2260E+03,0.4255E+02,0.5080E+02,0.5688E+01,0.1777E+02,0.3193E+03,0.2345E+02,0.3523E+03,
   52,1992,   3,0.0000E+00,0.0000E+00,0.0000E+00,0.0000E+00,0.0000E+00,0.0000E+00,0.0000E+00,0.0000E+00,0.0000E+00,0.0000E+00,0.0000E+00,
   56,1992,   3,0.0000E+00,0.0000E+00,0.0000E+00,0.0000E+00,0.0000E+00,0.0000E+00,0.0000E+00,0.0000E+00,0.0000E+00,0.0000E+00,0.0000E+00,
   87,1992,   3,0.0000E+00,0.0000E+00,0.0000E+00,0.0000E+00,0.0000E+00,0.0000E+00,0.0000E+00,0.0000E+00,0.0000E+00,0.0000E+00,0.0000E+00,
   44,1992,   3,0.0000E+00,0.0000E+00,0.0000E+00,0.0000E+00,0.0000E+00,0.0000E+00,0.0000E+00,0.0000E+00,0.0000E+00,0.0000E+00,0.0000E+00,
   41,1992,   3,0.0000E+00,0.0000E+00,0.0000E+00,0.0000E+00,0.0000E+00,0.0000E+00,0.0000E+00,0.0000E+00,0.0000E+00,0.0000E+00,0.0000E+00,
   49,1992,   3,0.1359E-02,0.5866E+00,0.1188E+01,0.1585E+01,0.1795E+00,0.3473E+00,0.5632E-01,0.2957E+00,0.2112E+01,0.3520E+00,0.1347E+01,
   91,1992,   3,0.4499E-01,0.2184E+02,0.1566E+02,0.2231E+02,0.3229E+02,0.7175E+01,0.1108E+01,0.4687E+01,0.6178E+02,0.5794E+01,0.4957E+02,
   51,1992,   3,0.4208E-02,0.1817E+01,0.1817E+01,0.4909E+01,0.5559E+00,0.1075E+01,0.1744E+00,0.9156E+00,0.6540E+01,0.1090E+01,0.1708E+02,
   68,1992,   3,0.0000E+00,0.0000E+00,0.0000E+00,0.0000E+00,0.0000E+00,0.0000E+00,0.0000E+00,0.0000E+00,0.0000E+00,0.0000E+00,0.0000E+00,
   54,1992,   3,0.1411E+00,0.8043E+02,0.0000E+00,0.1560E+03,0.3790E+02,0.6215E+02,0.0000E+00,0.2876E+02,0.2560E+03,0.2876E+02,0.2559E+03,
   33,1992,   3,0.0000E+00,0.0000E+00,0.0000E+00,0.0000E+00,0.0000E+00,0.0000E+00,0.0000E+00,0.0000E+00,0.0000E+00,0.0000E+00,0.0000E+00,
   80,1992,   3,0.0000E+00,0.0000E+00,0.0000E+00,0.0000E+00,0.0000E+00,0.0000E+00,0.0000E+00,0.0000E+00,0.0000E+00,0.0000E+00,0.0000E+00,
   50,1992,   3,0.0000E+00,0.0000E+00,0.0000E+00,0.0000E+00,0.0000E+00,0.0000E+00,0.0000E+00,0.0000E+00,0.0000E+00,0.0000E+00,0.0000E+00,
   58,1992,   3,0.5401E-01,0.3353E+02,0.2447E+02,0.2048E+01,0.9729E+01,0.1089E+02,0.4811E+00,0.6712E+00,0.2266E+02,0.1152E+01,0.2741E+02,
   17,1992,   3,0.1083E+00,0.4957E+02,0.1451E+03,0.3636E+02,0.3667E+02,0.4502E+02,0.5110E+01,0.1797E+02,0.1180E+03,0.2308E+02,0.2025E+03,
   95,1992,   3,0.9964E-02,0.4303E+01,0.1582E+02,0.1161E+02,0.1322E+01,0.2544E+01,0.3951E+00,0.2052E+01,0.1547E+02,0.2447E+01,0.2247E+02,
   90,1992,   3,0.0000E+00,0.0000E+00,0.0000E+00,0.0000E+00,0.0000E+00,0.0000E+00,0.0000E+00,0.0000E+00,0.0000E+00,0.0000E+00,0.0000E+00,
   15,1992,   3,0.0000E+00,0.0000E+00,0.0000E+00,0.0000E+00,0.0000E+00,0.0000E+00,0.0000E+00,0.0000E+00,0.0000E+00,0.0000E+00,0.0000E+00,
   14,1992,   3,0.3025E-01,0.1296E+02,0.2342E+02,0.1905E+02,0.1651E+03,0.1668E+02,0.7523E+01,0.1838E+02,0.2009E+03,0.2590E+02,0.2284E+02,
   31,1992,   3,0.4115E+00,0.2059E+03,0.6840E+03,0.3856E+03,0.2848E+02,0.8306E+02,0.2199E+02,0.5120E+02,0.4972E+03,0.7319E+02,0.8883E+03,
   12,1992,   3,0.1724E-01,0.7448E+01,0.3133E+02,0.1499E+02,0.1301E+02,0.4333E+01,0.1388E+01,0.3398E+01,0.3234E+02,0.4786E+01,0.6391E+02,
   23,1992,   3,0.1407E-01,0.5496E+01,0.5113E+01,0.9827E+00,0.1645E+01,0.3343E+00,0.1110E+00,0.2648E+00,0.2962E+01,0.3758E+00,0.6519E+02,
   25,1992,   3,0.8771E+01,0.6666E+04,0.1473E+05,0.1292E+05,0.2841E+04,0.2984E+04,0.3766E+03,0.7835E+03,0.1875E+05,0.1160E+04,0.2184E+05,
   18,1992,   3,0.2063E-01,0.1053E+02,0.1932E+02,0.1497E+02,0.1262E+02,0.4108E+01,0.1095E+01,0.2628E+01,0.3170E+02,0.3723E+01,0.3789E+02,
    4,1992,   3,0.5095E-01,0.2026E+02,0.1822E+02,0.1224E+02,0.4457E+01,0.2908E+01,0.7886E+00,0.2001E+01,0.1961E+02,0.2790E+01,0.1481E+03,
   74,1992,   3,0.7991E+00,0.3468E+03,0.1481E+04,0.3676E+02,0.6773E+01,0.8258E+03,0.3168E+02,0.6495E+02,0.8693E+03,0.9663E+02,0.2040E+04,
   73,1992,   3,0.1227E-03,0.4769E-01,0.3179E+00,0.4993E+00,0.6062E+01,0.5706E+00,0.2257E+00,0.5267E+00,0.7132E+01,0.7524E+00,0.9481E+00,
   69,1992,   3,0.1812E-01,0.7040E+01,0.7444E+01,0.1999E+01,0.2408E+02,0.2270E+01,0.9261E+00,0.2161E+01,0.2835E+02,0.3087E+01,0.7343E+01,
   20,1992,   3,0.8618E+00,0.4207E+03,0.1379E+04,0.1215E+04,0.8426E+03,0.3191E+03,0.9129E+02,0.2234E+03,0.2377E+04,0.3147E+03,0.2032E+04,
   36,1992,   3,0.0000E+00,0.0000E+00,0.0000E+00,0.0000E+00,0.0000E+00,0.0000E+00,0.0000E+00,0.0000E+00,0.0000E+00,0.0000E+00,0.0000E+00,
   16,1992,   3,0.3879E-03,0.1544E+00,0.1005E+01,0.1598E+01,0.1806E+02,0.1723E+01,0.6771E+00,0.1580E+01,0.2139E+02,0.2258E+01,0.2559E+01,
   26,1992,   3,0.3273E-01,0.1622E+02,0.2043E+02,0.1180E+02,0.3972E+02,0.5622E+01,0.8145E+00,0.1976E+01,0.5715E+02,0.2791E+01,0.4992E+02,
   30,1992,   3,0.4543E-02,0.1931E+01,0.9877E+01,0.5278E+01,0.4045E+01,0.1474E+01,0.3890E+00,0.9522E+00,0.1080E+02,0.1341E+01,0.1017E+02,
   66,1992,   3,0.0000E+00,0.0000E+00,0.0000E+00,0.0000E+00,0.0000E+00,0.0000E+00,0.0000E+00,0.0000E+00,0.0000E+00,0.0000E+00,0.0000E+00,
   24,1992,   3,0.1758E-02,0.7590E+00,0.4554E+01,0.2271E+01,0.8516E-01,0.4825E+00,0.1101E+00,0.2695E+00,0.2839E+01,0.3795E+00,0.3795E+01,
   10,1992,   3,0.3731E+01,0.1611E+04,0.8777E+03,0.4849E+03,0.9701E+02,0.1091E+03,0.2350E+02,0.5706E+02,0.6910E+03,0.8055E+02,0.9636E+04,
   19,1992,   3,0.3112E+01,0.1287E+04,0.4576E+04,0.2845E+04,0.3701E+03,0.6294E+03,0.1318E+03,0.2898E+03,0.3845E+04,0.4216E+03,0.5976E+04,
   11,1992,   3,0.7383E+00,0.3363E+03,0.1244E+04,0.1072E+04,0.4363E+02,0.2281E+03,0.3429E+02,0.6969E+02,0.1344E+04,0.1040E+03,0.1565E+04,
    0,1992,   3,0.5957E-02,0.2315E+01,0.6498E+01,0.2479E+00,0.3010E+01,0.2832E+00,0.1417E+00,0.3305E+00,0.3541E+01,0.4722E+00,0.1301E-02,
   62,1992,   3,0.0000E+00,0.0000E+00,0.0000E+00,0.0000E+00,0.0000E+00,0.0000E+00,0.0000E+00,0.0000E+00,0.0000E+00,0.0000E+00,0.0000E+00,
   92,1992,   4,0.3046E-01,0.1353E+02,0.7520E+02,0.3130E+02,0.6762E+01,0.8307E+01,0.1782E+01,0.7514E+01,0.4637E+02,0.9296E+01,0.4907E+02,
   61,1992,   4,0.6811E+00,0.4736E+03,0.7112E+03,0.8804E+03,0.1983E+03,0.1845E+03,0.1886E+02,0.4152E+02,0.1263E+04,0.6038E+02,0.7576E+03,
   86,1992,   4,0.1027E+00,0.1297E+04,0.3217E+03,0.1567E+03,0.2705E+03,0.2908E+02,0.4383E+01,0.3393E+02,0.4563E+03,0.3831E+02,0.1826E+04,
   34,1992,   4,0.1993E+02,0.1226E+05,0.4459E+04,0.6943E+04,0.1815E+05,0.2115E+04,0.1174E+03,0.1502E+03,0.2721E+05,0.2676E+03,0.1475E+05,
   64,1992,   4,0.1174E+02,0.7756E+04,0.9869E+04,0.6886E+04,0.5856E+04,0.1255E+04,0.2766E+03,0.2924E+03,0.1400E+05,0.5690E+03,0.1379E+05,
   63,1992,   4,0.0000E+00,0.0000E+00,0.0000E+00,0.0000E+00,0.0000E+00,0.0000E+00,0.0000E+00,0.0000E+00,0.0000E+00,0.0000E+00,0.0000E+00,
   59,1992,   4,0.1556E+00,0.6046E+02,0.1532E+03,0.3010E+03,0.2284E+01,0.3627E+02,0.8599E+02,0.2015E+02,0.3395E+03,0.1061E+03,0.1868E+03,
   55,1992,   4,0.4601E-01,0.1877E+02,0.4007E+02,0.9386E+01,0.1647E+02,0.8467E+01,0.1354E+02,0.3376E+01,0.3432E+02,0.1692E+02,0.1674E+02,
   65,1992,   4,0.8333E-01,0.3435E+02,0.9091E+02,0.3461E+02,0.7050E+02,0.3927E+02,0.4590E+01,0.1253E+02,0.1444E+03,0.1712E+02,0.1647E+03,
   32,1992,   4,0.7092E+00,0.4796E+03,0.9589E+02,0.2643E+02,0.1271E+03,0.4347E+02,0.4140E+01,0.4778E+02,0.1970E+03,0.5192E+02,0.1064E+03,
   53,1992,   4,0.1839E-01,0.1210E+02,0.6145E+01,0.4737E+01,0.4063E+01,0.1030E+01,0.4946E+00,0.1505E+01,0.9830E+01,0.2000E+01,0.7631E+01,
   47,1992,   4,0.0000E+00,0.0000E+00,0.0000E+00,0.0000E+00,0.0000E+00,0.0000E+00,0.0000E+00,0.0000E+00,0.0000E+00,0.0000E+00,0.0000E+00,
   81,1992,   4,0.0000E+00,0.0000E+00,0.0000E+00,0.0000E+00,0.0000E+00,0.0000E+00,0.0000E+00,0.0000E+00,0.0000E+00,0.0000E+00,0.0000E+00,
   82,1992,   4,0.4383E-01,0.3028E+02,0.0000E+00,0.0000E+00,0.0000E+00,0.1892E+01,0.0000E+00,0.1892E+02,0.1892E+01,0.1892E+02,0.3028E+02,
   79,1992,   4,0.3454E-02,0.1789E+01,0.8947E+01,0.2672E+01,0.1002E+00,0.5677E+00,0.5190E+00,0.1270E+01,0.3340E+01,0.1789E+01,0.4474E+01,
   77,1992,   4,0.2065E+00,0.8083E+02,0.8222E+02,0.4239E+02,0.1411E+03,0.6323E+02,0.2201E+01,0.4241E+02,0.2468E+03,0.4461E+02,0.3196E+03,
   85,1992,   4,0.2039E+00,0.1376E+03,0.2857E+03,0.2274E+03,0.4272E+02,0.5113E+02,0.5855E+01,0.1788E+02,0.3213E+03,0.2373E+02,0.3399E+03,
   52,1992,   4,0.0000E+00,0.0000E+00,0.0000E+00,0.0000E+00,0.0000E+00,0.0000E+00,0.0000E+00,0.0000E+00,0.0000E+00,0.0000E+00,0.0000E+00,
   56,1992,   4,0.0000E+00,0.0000E+00,0.0000E+00,0.0000E+00,0.0000E+00,0.0000E+00,0.0000E+00,0.0000E+00,0.0000E+00,0.0000E+00,0.0000E+00,
   87,1992,   4,0.0000E+00,0.0000E+00,0.0000E+00,0.0000E+00,0.0000E+00,0.0000E+00,0.0000E+00,0.0000E+00,0.0000E+00,0.0000E+00,0.0000E+00,
   44,1992,   4,0.0000E+00,0.0000E+00,0.0000E+00,0.0000E+00,0.0000E+00,0.0000E+00,0.0000E+00,0.0000E+00,0.0000E+00,0.0000E+00,0.0000E+00,
   41,1992,   4,0.0000E+00,0.0000E+00,0.0000E+00,0.0000E+00,0.0000E+00,0.0000E+00,0.0000E+00,0.0000E+00,0.0000E+00,0.0000E+00,0.0000E+00,
   49,1992,   4,0.1140E-02,0.4920E+00,0.1597E+01,0.1329E+01,0.1506E+00,0.2913E+00,0.4724E-01,0.2480E+00,0.1771E+01,0.2952E+00,0.1014E+01,
   91,1992,   4,0.4109E-01,0.2016E+02,0.1369E+02,0.1776E+02,0.3178E+02,0.6177E+01,0.9459E+00,0.3838E+01,0.5572E+02,0.4784E+01,0.4417E+02,
   51,1992,   4,0.7495E-02,0.3236E+01,0.4530E+01,0.8744E+01,0.9902E+00,0.1916E+01,0.3107E+00,0.1631E+01,0.1165E+02,0.1942E+01,0.4013E+02,
   68,1992,   4,0.0000E+00,0.0000E+00,0.0000E+00,0.0000E+00,0.0000E+00,0.0000E+00,0.0000E+00,0.0000E+00,0.0000E+00,0.0000E+00,0.0000E+00,
   54,1992,   4,0.1232E+00,0.6700E+02,0.0000E+00,0.1627E+03,0.2744E+02,0.7870E+02,0.0000E+00,0.3456E+02,0.2689E+03,0.3456E+02,0.1702E+03,
   33,1992,   4,0.0000E+00,0.0000E+00,0.0000E+00,0.0000E+00,0.0000E+00,0.0000E+00,0.0000E+00,0.0000E+00,0.0000E+00,0.0000E+00,0.0000E+00,
   80,1992,   4,0.0000E+00,0.0000E+00,0.0000E+00,0.0000E+00,0.0000E+00,0.0000E+00,0.0000E+00,0.0000E+00,0.0000E+00,0.0000E+00,0.0000E+00,
   50,1992,   4,0.0000E+00,0.0000E+00,0.0000E+00,0.0000E+00,0.0000E+00,0.0000E+00,0.0000E+00,0.0000E+00,0.0000E+00,0.0000E+00,0.0000E+00,
   58,1992,   4,0.4805E-01,0.2941E+02,0.2599E+02,0.4979E+01,0.9049E+01,0.6816E+01,0.5609E+00,0.5289E+00,0.2084E+02,0.1090E+01,0.2145E+02,
   17,1992,   4,0.1055E+00,0.4798E+02,0.1822E+03,0.2653E+02,0.3763E+02,0.3274E+02,0.8014E+01,0.2653E+02,0.9689E+02,0.3455E+02,0.2669E+03,
   95,1992,   4,0.8386E-02,0.3622E+01,0.1818E+02,0.9767E+01,0.1113E+01,0.2140E+01,0.4395E+00,0.2302E+01,0.1302E+02,0.2742E+01,0.2943E+02,
   90,1992,   4,0.0000E+00,0.0000E+00,0.0000E+00,0.0000E+00,0.0000E+00,0.0000E+00,0.0000E+00,0.0000E+00,0.0000E+00,0.0000E+00,0.0000E+00,
   15,1992,   4,0.0000E+00,0.0000E+00,0.0000E+00,0.0000E+00,0.0000E+00,0.0000E+00,0.0000E+00,0.0000E+00,0.0000E+00,0.0000E+00,0.0000E+00,
   14,1992,   4,0.3025E-01,0.1296E+02,0.2175E+02,0.1905E+02,0.1651E+03,0.1668E+02,0.7523E+01,0.1838E+02,0.2009E+03,0.2590E+02,0.2553E+02,
   31,1992,   4,0.4115E+00,0.2059E+03,0.6840E+03,0.3856E+03,0.2848E+02,0.8306E+02,0.2199E+02,0.5120E+02,0.4972E+03,0.7319E+02,0.8883E+03,
   12,1992,   4,0.1733E-01,0.7486E+01,0.3167E+02,0.1513E+02,0.1302E+02,0.4361E+01,0.1402E+01,0.3433E+01,0.3250E+02,0.4835E+01,0.6437E+02,
   23,1992,   4,0.1407E-01,0.5496E+01,0.5113E+01,0.9827E+00,0.1645E+01,0.3343E+00,0.1110E+00,0.2648E+00,0.2962E+01,0.3758E+00,0.6519E+02,
   25,1992,   4,0.8771E+01,0.6666E+04,0.1473E+05,0.1292E+05,0.2841E+04,0.2984E+04,0.3766E+03,0.7835E+03,0.1875E+05,0.1160E+04,0.2184E+05,
   18,1992,   4,0.2063E-01,0.1053E+02,0.1932E+02,0.1497E+02,0.1262E+02,0.4108E+01,0.1095E+01,0.2628E+01,0.3170E+02,0.3723E+01,0.3789E+02,
    4,1992,   4,0.5095E-01,0.2026E+02,0.1822E+02,0.1224E+02,0.4457E+01,0.2908E+01,0.7886E+00,0.2001E+01,0.1961E+02,0.2790E+01,0.1481E+03,
   74,1992,   4,0.7991E+00,0.3468E+03,0.1481E+04,0.3676E+02,0.6773E+01,0.8258E+03,0.3168E+02,0.6495E+02,0.8693E+03,0.9663E+02,0.2040E+04,
   73,1992,   4,0.1227E-03,0.4769E-01,0.3179E+00,0.4993E+00,0.6062E+01,0.5706E+00,0.2257E+00,0.5267E+00,0.7132E+01,0.7524E+00,0.9481E+00,
   69,1992,   4,0.1812E-01,0.7040E+01,0.7444E+01,0.1999E+01,0.2408E+02,0.2270E+01,0.9261E+00,0.2161E+01,0.2835E+02,0.3087E+01,0.7343E+01,
   20,1992,   4,0.8618E+00,0.4207E+03,0.1333E+04,0.1215E+04,0.8426E+03,0.3191E+03,0.9129E+02,0.2234E+03,0.2377E+04,0.3147E+03,0.1874E+04,
   36,1992,   4,0.0000E+00,0.0000E+00,0.0000E+00,0.0000E+00,0.0000E+00,0.0000E+00,0.0000E+00,0.0000E+00,0.0000E+00,0.0000E+00,0.0000E+00,
   16,1992,   4,0.3879E-03,0.1544E+00,0.1005E+01,0.1598E+01,0.1806E+02,0.1723E+01,0.6771E+00,0.1580E+01,0.2139E+02,0.2258E+01,0.2559E+01,
   26,1992,   4,0.3273E-01,0.1622E+02,0.2043E+02,0.1180E+02,0.3972E+02,0.5622E+01,0.8145E+00,0.1976E+01,0.5715E+02,0.2791E+01,0.4992E+02,
   30,1992,   4,0.4543E-02,0.1931E+01,0.9877E+01,0.5278E+01,0.4045E+01,0.1474E+01,0.3890E+00,0.9522E+00,0.1080E+02,0.1341E+01,0.1017E+02,
   66,1992,   4,0.0000E+00,0.0000E+00,0.0000E+00,0.0000E+00,0.0000E+00,0.0000E+00,0.0000E+00,0.0000E+00,0.0000E+00,0.0000E+00,0.0000E+00,
   24,1992,   4,0.1758E-02,0.7590E+00,0.4554E+01,0.2271E+01,0.8516E-01,0.4825E+00,0.1101E+00,0.2695E+00,0.2839E+01,0.3795E+00,0.3795E+01,
   10,1992,   4,0.3731E+01,0.1611E+04,0.8777E+03,0.4849E+03,0.9701E+02,0.1091E+03,0.2350E+02,0.5706E+02,0.6910E+03,0.8055E+02,0.9636E+04,
   19,1992,   4,0.3109E+01,0.1286E+04,0.4548E+04,0.2818E+04,0.3511E+03,0.6243E+03,0.1303E+03,0.2862E+03,0.3793E+04,0.4165E+03,0.5942E+04,
   11,1992,   4,0.7383E+00,0.3363E+03,0.1244E+04,0.1072E+04,0.4363E+02,0.2281E+03,0.3429E+02,0.6969E+02,0.1344E+04,0.1040E+03,0.1565E+04,
    0,1992,   4,0.5957E-02,0.2315E+01,0.6498E+01,0.2479E+00,0.3010E+01,0.2832E+00,0.1417E+00,0.3305E+00,0.3541E+01,0.4722E+00,0.1301E-02,
   62,1992,   4,0.0000E+00,0.0000E+00,0.0000E+00,0.0000E+00,0.0000E+00,0.0000E+00,0.0000E+00,0.0000E+00,0.0000E+00,0.0000E+00,0.0000E+00,
   92,1992,   5,0.1889E-01,0.8538E+01,0.4399E+02,0.1777E+02,0.5249E+01,0.5286E+01,0.1300E+01,0.4985E+01,0.2831E+02,0.6286E+01,0.3614E+02,
   61,1992,   5,0.6944E+00,0.4706E+03,0.8568E+03,0.9579E+03,0.3109E+03,0.1894E+03,0.1785E+02,0.5563E+02,0.1458E+04,0.7348E+02,0.8401E+03,
   86,1992,   5,0.1208E+00,0.1047E+04,0.3303E+03,0.1178E+03,0.2368E+03,0.3158E+02,0.5164E+01,0.3162E+02,0.3862E+03,0.3678E+02,0.1613E+04,
   34,1992,   5,0.1999E+02,0.1272E+05,0.4748E+04,0.6798E+04,0.2081E+05,0.2114E+04,0.1017E+03,0.1644E+03,0.2972E+05,0.2661E+03,0.1485E+05,
   64,1992,   5,0.1252E+02,0.8261E+04,0.7342E+04,0.6277E+04,0.7585E+04,0.1093E+04,0.2616E+03,0.3904E+03,0.1495E+05,0.6520E+03,0.1194E+05,
   63,1992,   5,0.0000E+00,0.0000E+00,0.0000E+00,0.0000E+00,0.0000E+00,0.0000E+00,0.0000E+00,0.0000E+00,0.0000E+00,0.0000E+00,0.0000E+00,
   59,1992,   5,0.1543E+00,0.5995E+02,0.1932E+03,0.2251E+03,0.2931E+01,0.1492E+03,0.9978E+02,0.1346E+02,0.3773E+03,0.1132E+03,0.2158E+03,
   55,1992,   5,0.4192E-01,0.1733E+02,0.1108E+01,0.5606E+01,0.4190E+02,0.1063E+02,0.1477E+00,0.6175E+01,0.5814E+02,0.6323E+01,0.1926E+02,
   65,1992,   5,0.8561E-01,0.3491E+02,0.1348E+03,0.2743E+02,0.7274E+02,0.3570E+02,0.4602E+01,0.1306E+02,0.1359E+03,0.1766E+02,0.1658E+03,
   32,1992,   5,0.6644E+00,0.4373E+03,0.3198E+02,0.2109E+02,0.1724E+03,0.3643E+02,0.3120E+01,0.5605E+02,0.2299E+03,0.5917E+02,0.9672E+02,
   53,1992,   5,0.1892E-01,0.1298E+02,0.3268E+01,0.3714E+01,0.6686E+01,0.8046E+00,0.5051E+00,0.1543E+01,0.1121E+02,0.2048E+01,0.9470E+01,
   47,1992,   5,0.0000E+00,0.0000E+00,0.0000E+00,0.0000E+00,0.0000E+00,0.0000E+00,0.0000E+00,0.0000E+00,0.0000E+00,0.0000E+00,0.0000E+00,
   81,1992,   5,0.0000E+00,0.0000E+00,0.0000E+00,0.0000E+00,0.0000E+00,0.0000E+00,0.0000E+00,0.0000E+00,0.0000E+00,0.0000E+00,0.0000E+00,
   82,1992,   5,0.4383E-01,0.3028E+02,0.0000E+00,0.0000E+00,0.0000E+00,0.1892E+01,0.0000E+00,0.1892E+02,0.1892E+01,0.1892E+02,0.3028E+02,
   79,1992,   5,0.3454E-02,0.1789E+01,0.8947E+01,0.2672E+01,0.1002E+00,0.5677E+00,0.5190E+00,0.1270E+01,0.3340E+01,0.1789E+01,0.4474E+01,
   77,1992,   5,0.2018E+00,0.7891E+02,0.1187E+03,0.4768E+02,0.4476E+02,0.5229E+02,0.3224E+01,0.4525E+02,0.1447E+03,0.4847E+02,0.3315E+03,
   85,1992,   5,0.2244E+00,0.1471E+03,0.2610E+03,0.2513E+03,0.4542E+02,0.5635E+02,0.6191E+01,0.1876E+02,0.3530E+03,0.2496E+02,0.3190E+03,
   52,1992,   5,0.0000E+00,0.0000E+00,0.0000E+00,0.0000E+00,0.0000E+00,0.0000E+00,0.0000E+00,0.0000E+00,0.0000E+00,0.0000E+00,0.0000E+00,
   56,1992,   5,0.0000E+00,0.0000E+00,0.0000E+00,0.0000E+00,0.0000E+00,0.0000E+00,0.0000E+00,0.0000E+00,0.0000E+00,0.0000E+00,0.0000E+00,
   87,1992,   5,0.0000E+00,0.0000E+00,0.0000E+00,0.0000E+00,0.0000E+00,0.0000E+00,0.0000E+00,0.0000E+00,0.0000E+00,0.0000E+00,0.0000E+00,
   44,1992,   5,0.0000E+00,0.0000E+00,0.0000E+00,0.0000E+00,0.0000E+00,0.0000E+00,0.0000E+00,0.0000E+00,0.0000E+00,0.0000E+00,0.0000E+00,
   41,1992,   5,0.0000E+00,0.0000E+00,0.0000E+00,0.0000E+00,0.0000E+00,0.0000E+00,0.0000E+00,0.0000E+00,0.0000E+00,0.0000E+00,0.0000E+00,
   49,1992,   5,0.1227E-02,0.5299E+00,0.7418E+00,0.1432E+01,0.1621E+00,0.3137E+00,0.5087E-01,0.2671E+00,0.1908E+01,0.3179E+00,0.6964E+00,
   91,1992,   5,0.3952E-01,0.1948E+02,0.1630E+02,0.1592E+02,0.3157E+02,0.5774E+01,0.8805E+00,0.3494E+01,0.5327E+02,0.4375E+01,0.4717E+02,
   51,1992,   5,0.2148E-02,0.9273E+00,0.2782E+01,0.2505E+01,0.2837E+00,0.5489E+00,0.8902E-01,0.4673E+00,0.3338E+01,0.5564E+00,0.6120E+01,
   68,1992,   5,0.0000E+00,0.0000E+00,0.0000E+00,0.0000E+00,0.0000E+00,0.0000E+00,0.0000E+00,0.0000E+00,0.0000E+00,0.0000E+00,0.0000E+00,
   54,1992,   5,0.1201E+00,0.6222E+02,0.2074E+03,0.1410E+03,0.3858E+02,0.4459E+02,0.4563E+01,0.3111E+02,0.2242E+03,0.3567E+02,0.1452E+03,
   33,1992,   5,0.0000E+00,0.0000E+00,0.0000E+00,0.0000E+00,0.0000E+00,0.0000E+00,0.0000E+00,0.0000E+00,0.0000E+00,0.0000E+00,0.0000E+00,
   80,1992,   5,0.0000E+00,0.0000E+00,0.0000E+00,0.0000E+00,0.0000E+00,0.0000E+00,0.0000E+00,0.0000E+00,0.0000E+00,0.0000E+00,0.0000E+00,
   50,1992,   5,0.0000E+00,0.0000E+00,0.0000E+00,0.0000E+00,0.0000E+00,0.0000E+00,0.0000E+00,0.0000E+00,0.0000E+00,0.0000E+00,0.0000E+00,
   58,1992,   5,0.5449E-01,0.3468E+02,0.2126E+02,0.5920E+01,0.9643E+01,0.1221E+01,0.6276E+00,0.5673E+00,0.1678E+02,0.1195E+01,0.1898E+02,
   17,1992,   5,0.1095E+00,0.5044E+02,0.2072E+03,0.2914E+02,0.4184E+02,0.2859E+02,0.6391E+01,0.2282E+02,0.9958E+02,0.2921E+02,0.2501E+03,
   95,1992,   5,0.6983E-02,0.3016E+01,0.1529E+02,0.8131E+01,0.9281E+00,0.1782E+01,0.4078E+00,0.2125E+01,0.1084E+02,0.2533E+01,0.3572E+02,
   90,1992,   5,0.0000E+00,0.0000E+00,0.0000E+00,0.0000E+00,0.0000E+00,0.0000E+00,0.0000E+00,0.0000E+00,0.0000E+00,0.0000E+00,0.0000E+00,
   15,1992,   5,0.0000E+00,0.0000E+00,0.0000E+00,0.0000E+00,0.0000E+00,0.0000E+00,0.0000E+00,0.0000E+00,0.0000E+00,0.0000E+00,0.0000E+00,
   14,1992,   5,0.3025E-01,0.1296E+02,0.1966E+02,0.1905E+02,0.1651E+03,0.1668E+02,0.7523E+01,0.1838E+02,0.2009E+03,0.2590E+02,0.1967E+02,
   31,1992,   5,0.4115E+00,0.2059E+03,0.6840E+03,0.3856E+03,0.2848E+02,0.8306E+02,0.2199E+02,0.5120E+02,0.4972E+03,0.7319E+02,0.8883E+03,
   12,1992,   5,0.1728E-01,0.7467E+01,0.3150E+02,0.1506E+02,0.1301E+02,0.4347E+01,0.1395E+01,0.3416E+01,0.3242E+02,0.4811E+01,0.6414E+02,
   23,1992,   5,0.1407E-01,0.5496E+01,0.5113E+01,0.9827E+00,0.1645E+01,0.3343E+00,0.1110E+00,0.2648E+00,0.2962E+01,0.3758E+00,0.6519E+02,
   25,1992,   5,0.8771E+01,0.6666E+04,0.1473E+05,0.1292E+05,0.2841E+04,0.2984E+04,0.3766E+03,0.7835E+03,0.1875E+05,0.1160E+04,0.2184E+05,
   18,1992,   5,0.2063E-01,0.1053E+02,0.1932E+02,0.1497E+02,0.1262E+02,0.4108E+01,0.1095E+01,0.2628E+01,0.3170E+02,0.3723E+01,0.3789E+02,
    4,1992,   5,0.5095E-01,0.2026E+02,0.1822E+02,0.1224E+02,0.4457E+01,0.2908E+01,0.7886E+00,0.2001E+01,0.1961E+02,0.2790E+01,0.1481E+03,
   74,1992,   5,0.7991E+00,0.3468E+03,0.1481E+04,0.3676E+02,0.6773E+01,0.8258E+03,0.3168E+02,0.6495E+02,0.8693E+03,0.9663E+02,0.2040E+04,
   73,1992,   5,0.1227E-03,0.4769E-01,0.3179E+00,0.4993E+00,0.6062E+01,0.5706E+00,0.2257E+00,0.5267E+00,0.7132E+01,0.7524E+00,0.9481E+00,
   69,1992,   5,0.1812E-01,0.7040E+01,0.7444E+01,0.1999E+01,0.2408E+02,0.2270E+01,0.9261E+00,0.2161E+01,0.2835E+02,0.3087E+01,0.7343E+01,
   20,1992,   5,0.8618E+00,0.4207E+03,0.1328E+04,0.1215E+04,0.8426E+03,0.3191E+03,0.9129E+02,0.2234E+03,0.2377E+04,0.3147E+03,0.1922E+04,
   36,1992,   5,0.0000E+00,0.0000E+00,0.0000E+00,0.0000E+00,0.0000E+00,0.0000E+00,0.0000E+00,0.0000E+00,0.0000E+00,0.0000E+00,0.0000E+00,
   16,1992,   5,0.3879E-03,0.1544E+00,0.1005E+01,0.1598E+01,0.1806E+02,0.1723E+01,0.6771E+00,0.1580E+01,0.2139E+02,0.2258E+01,0.2559E+01,
   26,1992,   5,0.3273E-01,0.1622E+02,0.2043E+02,0.1180E+02,0.3972E+02,0.5622E+01,0.8145E+00,0.1976E+01,0.5715E+02,0.2791E+01,0.4992E+02,
   30,1992,   5,0.4543E-02,0.1931E+01,0.9877E+01,0.5278E+01,0.4045E+01,0.1474E+01,0.3890E+00,0.9522E+00,0.1080E+02,0.1341E+01,0.1017E+02,
   66,1992,   5,0.0000E+00,0.0000E+00,0.0000E+00,0.0000E+00,0.0000E+00,0.0000E+00,0.0000E+00,0.0000E+00,0.0000E+00,0.0000E+00,0.0000E+00,
   24,1992,   5,0.1758E-02,0.7590E+00,0.4554E+01,0.2271E+01,0.8516E-01,0.4825E+00,0.1101E+00,0.2695E+00,0.2839E+01,0.3795E+00,0.3795E+01,
   10,1992,   5,0.3731E+01,0.1611E+04,0.8777E+03,0.4849E+03,0.9701E+02,0.1091E+03,0.2350E+02,0.5706E+02,0.6910E+03,0.8055E+02,0.9636E+04,
   19,1992,   5,0.3110E+01,0.1287E+04,0.4559E+04,0.2829E+04,0.3587E+03,0.6263E+03,0.1309E+03,0.2876E+03,0.3814E+04,0.4185E+03,0.5956E+04,
   11,1992,   5,0.7383E+00,0.3363E+03,0.1244E+04,0.1072E+04,0.4363E+02,0.2281E+03,0.3429E+02,0.6969E+02,0.1344E+04,0.1040E+03,0.1565E+04,
    0,1992,   5,0.5957E-02,0.2315E+01,0.6498E+01,0.2479E+00,0.3010E+01,0.2832E+00,0.1417E+00,0.3305E+00,0.3541E+01,0.4722E+00,0.1301E-02,
   62,1992,   5,0.0000E+00,0.0000E+00,0.0000E+00,0.0000E+00,0.0000E+00,0.0000E+00,0.0000E+00,0.0000E+00,0.0000E+00,0.0000E+00,0.0000E+00,
   92,1992,   6,0.2205E-01,0.9901E+01,0.5129E+02,0.2140E+02,0.5692E+01,0.5981E+01,0.1428E+01,0.5653E+01,0.3307E+02,0.7082E+01,0.5482E+02,
   61,1992,   6,0.6985E+00,0.4550E+03,0.2467E+03,0.8737E+03,0.2724E+03,0.1423E+03,0.6490E+01,0.6679E+02,0.1288E+04,0.7328E+02,0.5848E+03,
   86,1992,   6,0.1607E+00,0.1183E+04,0.4769E+03,0.1134E+03,0.2607E+03,0.5086E+02,0.7120E+01,0.3519E+02,0.4249E+03,0.4231E+02,0.2116E+04,
   34,1992,   6,0.2006E+02,0.1227E+05,0.4267E+04,0.6868E+04,0.2132E+05,0.2229E+04,0.1106E+03,0.1740E+03,0.3041E+05,0.2846E+03,0.1463E+05,
   64,1992,   6,0.1355E+02,0.8521E+04,0.1086E+05,0.5088E+04,0.7884E+04,0.1216E+04,0.3392E+03,0.3636E+03,0.1419E+05,0.7028E+03,0.1056E+05,
   63,1992,   6,0.0000E+00,0.0000E+00,0.0000E+00,0.0000E+00,0.0000E+00,0.0000E+00,0.0000E+00,0.0000E+00,0.0000E+00,0.0000E+00,0.0000E+00,
   59,1992,   6,0.1503E+00,0.5842E+02,0.2869E+03,0.3077E+03,0.1220E+02,0.5932E+02,0.2687E+02,0.1558E+02,0.3792E+03,0.4245E+02,0.1363E+03,
   55,1992,   6,0.3891E-01,0.1602E+02,0.4743E+02,0.1211E+02,0.2746E+02,0.1241E+02,0.5132E+01,0.5243E+01,0.5198E+02,0.1038E+02,0.9741E+01,
   65,1992,   6,0.9683E-01,0.3933E+02,0.1296E+03,0.3837E+02,0.1311E+03,0.3066E+02,0.6717E+01,0.1559E+02,0.2002E+03,0.2230E+02,0.2130E+03,
   32,1992,   6,0.6310E+00,0.3995E+03,0.8181E+02,0.1924E+02,0.1323E+03,0.3354E+02,0.5215E+01,0.5357E+02,0.1851E+03,0.5879E+02,0.9605E+02,
   53,1992,   6,0.1566E-01,0.1020E+02,0.2689E+01,0.2780E+01,0.4323E+01,0.6044E+00,0.3819E+00,0.1181E+01,0.7707E+01,0.1562E+01,0.1440E+02,
   47,1992,   6,0.0000E+00,0.0000E+00,0.0000E+00,0.0000E+00,0.0000E+00,0.0000E+00,0.0000E+00,0.0000E+00,0.0000E+00,0.0000E+00,0.0000E+00,
   81,1992,   6,0.0000E+00,0.0000E+00,0.0000E+00,0.0000E+00,0.0000E+00,0.0000E+00,0.0000E+00,0.0000E+00,0.0000E+00,0.0000E+00,0.0000E+00,
   82,1992,   6,0.4383E-01,0.3028E+02,0.0000E+00,0.0000E+00,0.0000E+00,0.1892E+01,0.0000E+00,0.1892E+02,0.1892E+01,0.1892E+02,0.3028E+02,
   79,1992,   6,0.3454E-02,0.1789E+01,0.8947E+01,0.2672E+01,0.1002E+00,0.5677E+00,0.5190E+00,0.1270E+01,0.3340E+01,0.1789E+01,0.4474E+01,
   77,1992,   6,0.2863E+00,0.1118E+03,0.4761E+03,0.7658E+02,0.4849E+02,0.8621E+02,0.7797E+01,0.7170E+02,0.2113E+03,0.7950E+02,0.1379E+04,
   85,1992,   6,0.2727E+00,0.1619E+03,0.4092E+03,0.2682E+03,0.5040E+02,0.7697E+02,0.9049E+01,0.1993E+02,0.3956E+03,0.2898E+02,0.7031E+03,
   52,1992,   6,0.0000E+00,0.0000E+00,0.0000E+00,0.0000E+00,0.0000E+00,0.0000E+00,0.0000E+00,0.0000E+00,0.0000E+00,0.0000E+00,0.0000E+00,
   56,1992,   6,0.4871E-02,0.1893E+01,0.1809E+02,0.5889E+00,0.4627E+00,0.2313E+01,0.3365E+00,0.8412E-01,0.3365E+01,0.4207E+00,0.5468E+02,
   87,1992,   6,0.0000E+00,0.0000E+00,0.0000E+00,0.0000E+00,0.0000E+00,0.0000E+00,0.0000E+00,0.0000E+00,0.0000E+00,0.0000E+00,0.0000E+00,
   44,1992,   6,0.0000E+00,0.0000E+00,0.0000E+00,0.0000E+00,0.0000E+00,0.0000E+00,0.0000E+00,0.0000E+00,0.0000E+00,0.0000E+00,0.0000E+00,
   41,1992,   6,0.0000E+00,0.0000E+00,0.0000E+00,0.0000E+00,0.0000E+00,0.0000E+00,0.0000E+00,0.0000E+00,0.0000E+00,0.0000E+00,0.0000E+00,
   49,1992,   6,0.1315E-02,0.5677E+00,0.1241E+01,0.1534E+01,0.1737E+00,0.3361E+00,0.5450E-01,0.2861E+00,0.2044E+01,0.3406E+00,0.1658E+01,
   91,1992,   6,0.4044E-01,0.1987E+02,0.1206E+02,0.1700E+02,0.3169E+02,0.6009E+01,0.9187E+00,0.3695E+01,0.5470E+02,0.4613E+01,0.4159E+02,
   51,1992,   6,0.2016E-02,0.8705E+00,0.2611E+01,0.2352E+01,0.2664E+00,0.5153E+00,0.8357E-01,0.4387E+00,0.3134E+01,0.5223E+00,0.5397E+01,
   68,1992,   6,0.0000E+00,0.0000E+00,0.0000E+00,0.0000E+00,0.0000E+00,0.0000E+00,0.0000E+00,0.0000E+00,0.0000E+00,0.0000E+00,0.0000E+00,
   54,1992,   6,0.1188E+00,0.6154E+02,0.2154E+03,0.1087E+03,0.5621E+02,0.3897E+02,0.1436E+01,0.2831E+02,0.2039E+03,0.2974E+02,0.1641E+03,
   33,1992,   6,0.0000E+00,0.0000E+00,0.0000E+00,0.0000E+00,0.0000E+00,0.0000E+00,0.0000E+00,0.0000E+00,0.0000E+00,0.0000E+00,0.0000E+00,
   80,1992,   6,0.0000E+00,0.0000E+00,0.0000E+00,0.0000E+00,0.0000E+00,0.0000E+00,0.0000E+00,0.0000E+00,0.0000E+00,0.0000E+00,0.0000E+00,
   50,1992,   6,0.0000E+00,0.0000E+00,0.0000E+00,0.0000E+00,0.0000E+00,0.0000E+00,0.0000E+00,0.0000E+00,0.0000E+00,0.0000E+00,0.0000E+00,
   58,1992,   6,0.5406E-01,0.3361E+02,0.1269E+02,0.4566E+01,0.1311E+02,0.8201E+00,0.4738E+00,0.8900E+00,0.1849E+02,0.1364E+01,0.1985E+02,
   17,1992,   6,0.1112E+00,0.5023E+02,0.2866E+03,0.2956E+02,0.4463E+02,0.3951E+02,0.5631E+01,0.7876E+01,0.1137E+03,0.1351E+02,0.7680E+03,
   95,1992,   6,0.6896E-02,0.2978E+01,0.8259E+01,0.8028E+01,0.9165E+00,0.1759E+01,0.2855E+00,0.1498E+01,0.1070E+02,0.1784E+01,0.2832E+02,
   90,1992,   6,0.0000E+00,0.0000E+00,0.0000E+00,0.0000E+00,0.0000E+00,0.0000E+00,0.0000E+00,0.0000E+00,0.0000E+00,0.0000E+00,0.0000E+00,
   15,1992,   6,0.0000E+00,0.0000E+00,0.0000E+00,0.0000E+00,0.0000E+00,0.0000E+00,0.0000E+00,0.0000E+00,0.0000E+00,0.0000E+00,0.0000E+00,
   14,1992,   6,0.3025E-01,0.1296E+02,0.1715E+02,0.1905E+02,0.1651E+03,0.1668E+02,0.7523E+01,0.1838E+02,0.2009E+03,0.2590E+02,0.1822E+02,
   31,1992,   6,0.4115E+00,0.2059E+03,0.6840E+03,0.3856E+03,0.2848E+02,0.8306E+02,0.2199E+02,0.5120E+02,0.4972E+03,0.7319E+02,0.8883E+03,
   12,1992,   6,0.1733E-01,0.7486E+01,0.3167E+02,0.1513E+02,0.1302E+02,0.4361E+01,0.1402E+01,0.3433E+01,0.3250E+02,0.4835E+01,0.6437E+02,
   23,1992,   6,0.1407E-01,0.5496E+01,0.5113E+01,0.9827E+00,0.1645E+01,0.3343E+00,0.1110E+00,0.2648E+00,0.2962E+01,0.3758E+00,0.6519E+02,
   25,1992,   6,0.8771E+01,0.6666E+04,0.1473E+05,0.1292E+05,0.2841E+04,0.2984E+04,0.3766E+03,0.7835E+03,0.1875E+05,0.1160E+04,0.2184E+05,
   18,1992,   6,0.2063E-01,0.7650E+02,0.3491E+03,0.1003E+03,0.5855E+02,0.3313E+02,0.3084E+01,0.8595E+01,0.1920E+03,0.1168E+02,0.2667E+03,
    4,1992,   6,0.5095E-01,0.2026E+02,0.1822E+02,0.1224E+02,0.4457E+01,0.2908E+01,0.7886E+00,0.2001E+01,0.1961E+02,0.2790E+01,0.1481E+03,
   74,1992,   6,0.7991E+00,0.3468E+03,0.1481E+04,0.3676E+02,0.6773E+01,0.8258E+03,0.3168E+02,0.6495E+02,0.8693E+03,0.9663E+02,0.2040E+04,
   73,1992,   6,0.1227E-03,0.4769E-01,0.3179E+00,0.4993E+00,0.6062E+01,0.5706E+00,0.2257E+00,0.5267E+00,0.7132E+01,0.7524E+00,0.9481E+00,
   69,1992,   6,0.1812E-01,0.7040E+01,0.7444E+01,0.1999E+01,0.2408E+02,0.2270E+01,0.9261E+00,0.2161E+01,0.2835E+02,0.3087E+01,0.7343E+01,
   20,1992,   6,0.8618E+00,0.4207E+03,0.1335E+04,0.1215E+04,0.8426E+03,0.3191E+03,0.9129E+02,0.2234E+03,0.2377E+04,0.3147E+03,0.1922E+04,
   36,1992,   6,0.0000E+00,0.0000E+00,0.0000E+00,0.0000E+00,0.0000E+00,0.0000E+00,0.0000E+00,0.0000E+00,0.0000E+00,0.0000E+00,0.0000E+00,
   16,1992,   6,0.3879E-03,0.1544E+00,0.1005E+01,0.1598E+01,0.1806E+02,0.1723E+01,0.6771E+00,0.1580E+01,0.2139E+02,0.2258E+01,0.2559E+01,
   26,1992,   6,0.3273E-01,0.1622E+02,0.2043E+02,0.1180E+02,0.3972E+02,0.5622E+01,0.8145E+00,0.1976E+01,0.5715E+02,0.2791E+01,0.4992E+02,
   30,1992,   6,0.4543E-02,0.1931E+01,0.9877E+01,0.5278E+01,0.4045E+01,0.1474E+01,0.3890E+00,0.9522E+00,0.1080E+02,0.1341E+01,0.1017E+02,
   66,1992,   6,0.0000E+00,0.0000E+00,0.0000E+00,0.0000E+00,0.0000E+00,0.0000E+00,0.0000E+00,0.0000E+00,0.0000E+00,0.0000E+00,0.0000E+00,
   24,1992,   6,0.1758E-02,0.7590E+00,0.4554E+01,0.2271E+01,0.8516E-01,0.4825E+00,0.1101E+00,0.2695E+00,0.2839E+01,0.3795E+00,0.3795E+01,
   10,1992,   6,0.3731E+01,0.1611E+04,0.8777E+03,0.4849E+03,0.9701E+02,0.1091E+03,0.2350E+02,0.5706E+02,0.6910E+03,0.8055E+02,0.9636E+04,
   19,1992,   6,0.3109E+01,0.1286E+04,0.4546E+04,0.2817E+04,0.3503E+03,0.6241E+03,0.1303E+03,0.2860E+03,0.3791E+04,0.4163E+03,0.5940E+04,
   11,1992,   6,0.7383E+00,0.3363E+03,0.1244E+04,0.1072E+04,0.4363E+02,0.2281E+03,0.3429E+02,0.6969E+02,0.1344E+04,0.1040E+03,0.1565E+04,
    0,1992,   6,0.5957E-02,0.2315E+01,0.6498E+01,0.2479E+00,0.3010E+01,0.2832E+00,0.1417E+00,0.3305E+00,0.3541E+01,0.4722E+00,0.1301E-02,
   62,1992,   6,0.0000E+00,0.0000E+00,0.0000E+00,0.0000E+00,0.0000E+00,0.0000E+00,0.0000E+00,0.0000E+00,0.0000E+00,0.0000E+00,0.0000E+00,
   92,1992,   7,0.2012E-01,0.9068E+01,0.4322E+02,0.1911E+02,0.5460E+01,0.5396E+01,0.1346E+01,0.5218E+01,0.2996E+02,0.6564E+01,0.5948E+02,
   61,1992,   7,0.6792E+00,0.4154E+03,0.4724E+03,0.8800E+03,0.3564E+03,0.2588E+03,0.9379E+01,0.3395E+02,0.1495E+04,0.4332E+02,0.5558E+03,
   86,1992,   7,0.1173E+00,0.1350E+04,0.3121E+03,0.1136E+03,0.2922E+03,0.3123E+02,0.4309E+01,0.3682E+02,0.4370E+03,0.4113E+02,0.1895E+04,
   34,1992,   7,0.2680E+02,0.1466E+05,0.2775E+05,0.7457E+04,0.2048E+05,0.3862E+04,0.5142E+03,0.2801E+03,0.3180E+05,0.7942E+03,0.8421E+05,
   64,1992,   7,0.1209E+02,0.7521E+04,0.7964E+04,0.4730E+04,0.6703E+04,0.1209E+04,0.2481E+03,0.4339E+03,0.1264E+05,0.6820E+03,0.8004E+04,
   63,1992,   7,0.0000E+00,0.0000E+00,0.0000E+00,0.0000E+00,0.0000E+00,0.0000E+00,0.0000E+00,0.0000E+00,0.0000E+00,0.0000E+00,0.0000E+00,
   59,1992,   7,0.1543E+00,0.5995E+02,0.2904E+03,0.2478E+03,0.1998E+02,0.4769E+02,0.2491E+02,0.1865E+02,0.3155E+03,0.4356E+02,0.1572E+03,
   55,1992,   7,0.3618E-01,0.1488E+02,0.4882E+02,0.2013E+02,0.1972E+02,0.2378E+01,0.6178E+01,0.3191E+01,0.4224E+02,0.9369E+01,0.1969E+02,
   65,1992,   7,0.7794E-01,0.3150E+02,0.1041E+03,0.2938E+02,0.1458E+03,0.2543E+02,0.5664E+01,0.1210E+02,0.2006E+03,0.1777E+02,0.1232E+03,
   32,1992,   7,0.6251E+00,0.3851E+03,0.8071E+02,0.1909E+02,0.1481E+03,0.3285E+02,0.8354E+01,0.4833E+02,0.2000E+03,0.5669E+02,0.9832E+02,
   53,1992,   7,0.1646E-01,0.1059E+02,0.2842E+01,0.3368E+01,0.1687E+02,0.7450E+00,0.6285E+00,0.1864E+01,0.2098E+02,0.2492E+01,0.1618E+02,
   47,1992,   7,0.0000E+00,0.0000E+00,0.0000E+00,0.0000E+00,0.0000E+00,0.0000E+00,0.0000E+00,0.0000E+00,0.0000E+00,0.0000E+00,0.0000E+00,
   81,1992,   7,0.0000E+00,0.0000E+00,0.0000E+00,0.0000E+00,0.0000E+00,0.0000E+00,0.0000E+00,0.0000E+00,0.0000E+00,0.0000E+00,0.0000E+00,
   82,1992,   7,0.4383E-01,0.3028E+02,0.0000E+00,0.0000E+00,0.0000E+00,0.1892E+01,0.0000E+00,0.1892E+02,0.1892E+01,0.1892E+02,0.3028E+02,
   79,1992,   7,0.3454E-02,0.1789E+01,0.8947E+01,0.2672E+01,0.1002E+00,0.5677E+00,0.5190E+00,0.1270E+01,0.3340E+01,0.1789E+01,0.4474E+01,
   77,1992,   7,0.1611E+00,0.6308E+02,0.1379E+03,0.4046E+02,0.4796E+02,0.2371E+02,0.6335E+01,0.3936E+02,0.1121E+03,0.4570E+02,0.2438E+03,
   85,1992,   7,0.2348E+00,0.1399E+03,0.2389E+03,0.2635E+03,0.4680E+02,0.5903E+02,0.6088E+01,0.1841E+02,0.3693E+03,0.2450E+02,0.2273E+03,
   52,1992,   7,0.0000E+00,0.0000E+00,0.0000E+00,0.0000E+00,0.0000E+00,0.0000E+00,0.0000E+00,0.0000E+00,0.0000E+00,0.0000E+00,0.0000E+00,
   56,1992,   7,0.0000E+00,0.0000E+00,0.0000E+00,0.0000E+00,0.0000E+00,0.0000E+00,0.0000E+00,0.0000E+00,0.0000E+00,0.0000E+00,0.0000E+00,
   87,1992,   7,0.0000E+00,0.0000E+00,0.0000E+00,0.0000E+00,0.0000E+00,0.0000E+00,0.0000E+00,0.0000E+00,0.0000E+00,0.0000E+00,0.0000E+00,
   44,1992,   7,0.0000E+00,0.0000E+00,0.0000E+00,0.0000E+00,0.0000E+00,0.0000E+00,0.0000E+00,0.0000E+00,0.0000E+00,0.0000E+00,0.0000E+00,
   41,1992,   7,0.0000E+00,0.0000E+00,0.0000E+00,0.0000E+00,0.0000E+00,0.0000E+00,0.0000E+00,0.0000E+00,0.0000E+00,0.0000E+00,0.0000E+00,
   49,1992,   7,0.1271E-02,0.5488E+00,0.1048E+01,0.1483E+01,0.1679E+00,0.3249E+00,0.5269E-01,0.2766E+00,0.1976E+01,0.3293E+00,0.3860E+00,
   91,1992,   7,0.3995E-01,0.1967E+02,0.1066E+02,0.1643E+02,0.3163E+02,0.5886E+01,0.8987E+00,0.3590E+01,0.5395E+02,0.4488E+01,0.4042E+02,
   51,1992,   7,0.2498E-02,0.1079E+01,0.3667E+01,0.2915E+01,0.3301E+00,0.6385E+00,0.1036E+00,0.5436E+00,0.3883E+01,0.6472E+00,0.8414E+01,
   68,1992,   7,0.0000E+00,0.0000E+00,0.0000E+00,0.0000E+00,0.0000E+00,0.0000E+00,0.0000E+00,0.0000E+00,0.0000E+00,0.0000E+00,0.0000E+00,
   54,1992,   7,0.1258E+00,0.6735E+02,0.0000E+00,0.1380E+03,0.3726E+02,0.4997E+02,0.0000E+00,0.3139E+02,0.2252E+03,0.3139E+02,0.1303E+03,
   33,1992,   7,0.0000E+00,0.0000E+00,0.0000E+00,0.0000E+00,0.0000E+00,0.0000E+00,0.0000E+00,0.0000E+00,0.0000E+00,0.0000E+00,0.0000E+00,
   80,1992,   7,0.0000E+00,0.0000E+00,0.0000E+00,0.0000E+00,0.0000E+00,0.0000E+00,0.0000E+00,0.0000E+00,0.0000E+00,0.0000E+00,0.0000E+00,
   50,1992,   7,0.0000E+00,0.0000E+00,0.0000E+00,0.0000E+00,0.0000E+00,0.0000E+00,0.0000E+00,0.0000E+00,0.0000E+00,0.0000E+00,0.0000E+00,
   58,1992,   7,0.5546E-01,0.3451E+02,0.2604E+02,0.1843E+01,0.9694E+01,0.2006E+01,0.3283E+00,0.1145E+01,0.1354E+02,0.1473E+01,0.2165E+02,
   17,1992,   7,0.4911E-01,0.2695E+02,0.3047E+02,0.2099E+02,0.3683E+02,0.7584E+01,0.1076E+01,0.7719E+01,0.6540E+02,0.8794E+01,0.3803E+02,
   95,1992,   7,0.7685E-02,0.3319E+01,0.7301E+01,0.8949E+01,0.1021E+01,0.1961E+01,0.3182E+00,0.1670E+01,0.1193E+02,0.1988E+01,0.1819E+02,
   90,1992,   7,0.0000E+00,0.0000E+00,0.0000E+00,0.0000E+00,0.0000E+00,0.0000E+00,0.0000E+00,0.0000E+00,0.0000E+00,0.0000E+00,0.0000E+00,
   15,1992,   7,0.0000E+00,0.0000E+00,0.0000E+00,0.0000E+00,0.0000E+00,0.0000E+00,0.0000E+00,0.0000E+00,0.0000E+00,0.0000E+00,0.0000E+00,
   14,1992,   7,0.3025E-01,0.1296E+02,0.1727E+02,0.1905E+02,0.1651E+03,0.1668E+02,0.7523E+01,0.1838E+02,0.2009E+03,0.2590E+02,0.1608E+02,
   31,1992,   7,0.4115E+00,0.2059E+03,0.6840E+03,0.3856E+03,0.2848E+02,0.8306E+02,0.2199E+02,0.5120E+02,0.4972E+03,0.7319E+02,0.8883E+03,
   12,1992,   7,0.1737E-01,0.7505E+01,0.3184E+02,0.1519E+02,0.1302E+02,0.4375E+01,0.1409E+01,0.3451E+01,0.3259E+02,0.4860E+01,0.6459E+02,
   23,1992,   7,0.1407E-01,0.5496E+01,0.5113E+01,0.9827E+00,0.1645E+01,0.3343E+00,0.1110E+00,0.2648E+00,0.2962E+01,0.3758E+00,0.6519E+02,
   25,1992,   7,0.9199E+01,0.6873E+04,0.1658E+05,0.1297E+05,0.2881E+04,0.3187E+04,0.4061E+03,0.7909E+03,0.1904E+05,0.1197E+04,0.2663E+05,
   18,1992,   7,0.2063E-01,0.7650E+02,0.3491E+03,0.1003E+03,0.5855E+02,0.3313E+02,0.3084E+01,0.8595E+01,0.1920E+03,0.1168E+02,0.2667E+03,
    4,1992,   7,0.5095E-01,0.2026E+02,0.1822E+02,0.1224E+02,0.4457E+01,0.2908E+01,0.7886E+00,0.2001E+01,0.1961E+02,0.2790E+01,0.1481E+03,
   74,1992,   7,0.7991E+00,0.3468E+03,0.1481E+04,0.3676E+02,0.6773E+01,0.8258E+03,0.3168E+02,0.6495E+02,0.8693E+03,0.9663E+02,0.2040E+04,
   73,1992,   7,0.1227E-03,0.4769E-01,0.3179E+00,0.4993E+00,0.6062E+01,0.5706E+00,0.2257E+00,0.5267E+00,0.7132E+01,0.7524E+00,0.9481E+00,
   69,1992,   7,0.1812E-01,0.7040E+01,0.7444E+01,0.1999E+01,0.2408E+02,0.2270E+01,0.9261E+00,0.2161E+01,0.2835E+02,0.3087E+01,0.7343E+01,
   20,1992,   7,0.8618E+00,0.4207E+03,0.1325E+04,0.1215E+04,0.8426E+03,0.3191E+03,0.9129E+02,0.2234E+03,0.2377E+04,0.3147E+03,0.1763E+04,
   36,1992,   7,0.0000E+00,0.0000E+00,0.0000E+00,0.0000E+00,0.0000E+00,0.0000E+00,0.0000E+00,0.0000E+00,0.0000E+00,0.0000E+00,0.0000E+00,
   16,1992,   7,0.3879E-03,0.1544E+00,0.1005E+01,0.1598E+01,0.1806E+02,0.1723E+01,0.6771E+00,0.1580E+01,0.2139E+02,0.2258E+01,0.2559E+01,
   26,1992,   7,0.3273E-01,0.1622E+02,0.2043E+02,0.1180E+02,0.3972E+02,0.5622E+01,0.8145E+00,0.1976E+01,0.5715E+02,0.2791E+01,0.4992E+02,
   30,1992,   7,0.4543E-02,0.1931E+01,0.9877E+01,0.5278E+01,0.4045E+01,0.1474E+01,0.3890E+00,0.9522E+00,0.1080E+02,0.1341E+01,0.1017E+02,
   66,1992,   7,0.0000E+00,0.0000E+00,0.0000E+00,0.0000E+00,0.0000E+00,0.0000E+00,0.0000E+00,0.0000E+00,0.0000E+00,0.0000E+00,0.0000E+00,
   24,1992,   7,0.1758E-02,0.7590E+00,0.4554E+01,0.2271E+01,0.8516E-01,0.4825E+00,0.1101E+00,0.2695E+00,0.2839E+01,0.3795E+00,0.3795E+01,
   10,1992,   7,0.3731E+01,0.1611E+04,0.8777E+03,0.4849E+03,0.9701E+02,0.1091E+03,0.2350E+02,0.5706E+02,0.6910E+03,0.8055E+02,0.9636E+04,
   19,1992,   7,0.3110E+01,0.1287E+04,0.4559E+04,0.2829E+04,0.3587E+03,0.6263E+03,0.1309E+03,0.2876E+03,0.3814E+04,0.4185E+03,0.5956E+04,
   11,1992,   7,0.7383E+00,0.3363E+03,0.1244E+04,0.1072E+04,0.4363E+02,0.2281E+03,0.3429E+02,0.6969E+02,0.1344E+04,0.1040E+03,0.1565E+04,
    0,1992,   7,0.5957E-02,0.2315E+01,0.6498E+01,0.2479E+00,0.3010E+01,0.2832E+00,0.1417E+00,0.3305E+00,0.3541E+01,0.4722E+00,0.1301E-02,
   62,1992,   7,0.0000E+00,0.0000E+00,0.0000E+00,0.0000E+00,0.0000E+00,0.0000E+00,0.0000E+00,0.0000E+00,0.0000E+00,0.0000E+00,0.0000E+00,
   92,1992,   8,0.2950E-01,0.1312E+02,0.5940E+02,0.3013E+02,0.6657E+01,0.7969E+01,0.1739E+01,0.7289E+01,0.4476E+02,0.9028E+01,0.7632E+02,
   61,1992,   8,0.6973E+00,0.4346E+03,0.5684E+03,0.9546E+03,0.2871E+03,0.1335E+03,0.1308E+02,0.3536E+02,0.1375E+04,0.4844E+02,0.5274E+03,
   86,1992,   8,0.1922E+00,0.1482E+04,0.5653E+03,0.1047E+03,0.3650E+03,0.7053E+02,0.9056E+01,0.4476E+02,0.5403E+03,0.5382E+02,0.2782E+04,
   34,1992,   8,0.2017E+02,0.1265E+05,0.4116E+04,0.6850E+04,0.2052E+05,0.2208E+04,0.6084E+02,0.2186E+03,0.2958E+05,0.2794E+03,0.1463E+05,
   64,1992,   8,0.1234E+02,0.7653E+04,0.6836E+04,0.3773E+04,0.8093E+04,0.1277E+04,0.2065E+03,0.4688E+03,0.1314E+05,0.6753E+03,0.1035E+05,
   63,1992,   8,0.0000E+00,0.0000E+00,0.0000E+00,0.0000E+00,0.0000E+00,0.0000E+00,0.0000E+00,0.0000E+00,0.0000E+00,0.0000E+00,0.0000E+00,
   59,1992,   8,0.1517E+00,0.5893E+02,0.2396E+03,0.3339E+03,0.1964E+02,0.1047E+02,0.3929E+01,0.2750E+02,0.3640E+03,0.3143E+02,0.1336E+03,
   55,1992,   8,0.3892E-01,0.1599E+02,0.2017E+02,0.1655E+02,0.3365E+02,0.3606E+01,0.3133E+00,0.9661E+01,0.5381E+02,0.9974E+01,0.1438E+02,
   65,1992,   8,0.8815E-01,0.3583E+02,0.7882E+02,0.3077E+02,0.1154E+03,0.3222E+02,0.6535E+01,0.1550E+02,0.1784E+03,0.2203E+02,0.1323E+03,
   32,1992,   8,0.6416E+00,0.4009E+03,0.8426E+02,0.2175E+02,0.1363E+03,0.3501E+02,0.9377E+01,0.4913E+02,0.1931E+03,0.5851E+02,0.1027E+03,
   53,1992,   8,0.1784E-01,0.1144E+02,0.3086E+01,0.2692E+01,0.9324E+01,0.5979E+00,0.7992E+00,0.2312E+01,0.1261E+02,0.3111E+01,0.1503E+02,
   47,1992,   8,0.0000E+00,0.0000E+00,0.0000E+00,0.0000E+00,0.0000E+00,0.0000E+00,0.0000E+00,0.0000E+00,0.0000E+00,0.0000E+00,0.0000E+00,
   81,1992,   8,0.0000E+00,0.0000E+00,0.0000E+00,0.0000E+00,0.0000E+00,0.0000E+00,0.0000E+00,0.0000E+00,0.0000E+00,0.0000E+00,0.0000E+00,
   82,1992,   8,0.4383E-01,0.3028E+02,0.0000E+00,0.0000E+00,0.0000E+00,0.1892E+01,0.0000E+00,0.1892E+02,0.1892E+01,0.1892E+02,0.3028E+02,
   79,1992,   8,0.3454E-02,0.1789E+01,0.8947E+01,0.2672E+01,0.1002E+00,0.5677E+00,0.5190E+00,0.1270E+01,0.3340E+01,0.1789E+01,0.4474E+01,
   77,1992,   8,0.3927E+00,0.1531E+03,0.5502E+03,0.1013E+03,0.5313E+02,0.1175E+03,0.1030E+02,0.7574E+02,0.2719E+03,0.8604E+02,0.1868E+04,
   85,1992,   8,0.3105E+00,0.1819E+03,0.5061E+03,0.2945E+03,0.5476E+02,0.9037E+02,0.9941E+01,0.2005E+02,0.4396E+03,0.2999E+02,0.8868E+03,
   52,1992,   8,0.0000E+00,0.0000E+00,0.0000E+00,0.0000E+00,0.0000E+00,0.0000E+00,0.0000E+00,0.0000E+00,0.0000E+00,0.0000E+00,0.0000E+00,
   56,1992,   8,0.7072E-02,0.2748E+01,0.2626E+02,0.8549E+00,0.6717E+00,0.3358E+01,0.4886E+00,0.1221E+00,0.4885E+01,0.6107E+00,0.7938E+02,
   87,1992,   8,0.0000E+00,0.0000E+00,0.0000E+00,0.0000E+00,0.0000E+00,0.0000E+00,0.0000E+00,0.0000E+00,0.0000E+00,0.0000E+00,0.0000E+00,
   44,1992,   8,0.0000E+00,0.0000E+00,0.0000E+00,0.0000E+00,0.0000E+00,0.0000E+00,0.0000E+00,0.0000E+00,0.0000E+00,0.0000E+00,0.0000E+00,
   41,1992,   8,0.0000E+00,0.0000E+00,0.0000E+00,0.0000E+00,0.0000E+00,0.0000E+00,0.0000E+00,0.0000E+00,0.0000E+00,0.0000E+00,0.0000E+00,
   49,1992,   8,0.1446E-02,0.6245E+00,0.8364E+00,0.1687E+01,0.1911E+00,0.3697E+00,0.5995E-01,0.3147E+00,0.2248E+01,0.3747E+00,0.3406E+00,
   91,1992,   8,0.4013E-01,0.1974E+02,0.9743E+01,0.1664E+02,0.3165E+02,0.5931E+01,0.9059E+00,0.3628E+01,0.5422E+02,0.4534E+01,0.4154E+02,
   51,1992,   8,0.2630E-02,0.1135E+01,0.4542E+01,0.3068E+01,0.3474E+00,0.6721E+00,0.1090E+00,0.5723E+00,0.4087E+01,0.6813E+00,0.1204E+02,
   68,1992,   8,0.0000E+00,0.0000E+00,0.0000E+00,0.0000E+00,0.0000E+00,0.0000E+00,0.0000E+00,0.0000E+00,0.0000E+00,0.0000E+00,0.0000E+00,
   54,1992,   8,0.1350E+00,0.6994E+02,0.1933E+03,0.1201E+03,0.3252E+02,0.4896E+02,0.1166E+01,0.3194E+02,0.2015E+03,0.3311E+02,0.1865E+03,
   33,1992,   8,0.0000E+00,0.0000E+00,0.0000E+00,0.0000E+00,0.0000E+00,0.0000E+00,0.0000E+00,0.0000E+00,0.0000E+00,0.0000E+00,0.0000E+00,
   80,1992,   8,0.0000E+00,0.0000E+00,0.0000E+00,0.0000E+00,0.0000E+00,0.0000E+00,0.0000E+00,0.0000E+00,0.0000E+00,0.0000E+00,0.0000E+00,
   50,1992,   8,0.0000E+00,0.0000E+00,0.0000E+00,0.0000E+00,0.0000E+00,0.0000E+00,0.0000E+00,0.0000E+00,0.0000E+00,0.0000E+00,0.0000E+00,
   58,1992,   8,0.5445E-01,0.3380E+02,0.1237E+02,0.2150E+01,0.9429E+01,0.4934E+01,0.1825E+00,0.1947E+01,0.1651E+02,0.2130E+01,0.2169E+02,
   17,1992,   8,0.1505E+00,0.6738E+02,0.3694E+03,0.3553E+02,0.4845E+02,0.5265E+02,0.7557E+01,0.1046E+02,0.1366E+03,0.1802E+02,0.1111E+04,
   95,1992,   8,0.7246E-02,0.3130E+01,0.6878E+01,0.8437E+01,0.9628E+00,0.1849E+01,0.2721E+00,0.1416E+01,0.1125E+02,0.1688E+01,0.1513E+02,
   90,1992,   8,0.0000E+00,0.0000E+00,0.0000E+00,0.0000E+00,0.0000E+00,0.0000E+00,0.0000E+00,0.0000E+00,0.0000E+00,0.0000E+00,0.0000E+00,
   15,1992,   8,0.0000E+00,0.0000E+00,0.0000E+00,0.0000E+00,0.0000E+00,0.0000E+00,0.0000E+00,0.0000E+00,0.0000E+00,0.0000E+00,0.0000E+00,
   14,1992,   8,0.3025E-01,0.1296E+02,0.2619E+02,0.1905E+02,0.1651E+03,0.1668E+02,0.7523E+01,0.1838E+02,0.2009E+03,0.2590E+02,0.2194E+02,
   31,1992,   8,0.4115E+00,0.2059E+03,0.6840E+03,0.3856E+03,0.2848E+02,0.8306E+02,0.2199E+02,0.5120E+02,0.4972E+03,0.7319E+02,0.8883E+03,
   12,1992,   8,0.1728E-01,0.7467E+01,0.3150E+02,0.1506E+02,0.1301E+02,0.4347E+01,0.1395E+01,0.3416E+01,0.3242E+02,0.4811E+01,0.6414E+02,
   23,1992,   8,0.1407E-01,0.5496E+01,0.5113E+01,0.9827E+00,0.1645E+01,0.3343E+00,0.1110E+00,0.2648E+00,0.2962E+01,0.3758E+00,0.6519E+02,
   25,1992,   8,0.8771E+01,0.6666E+04,0.1473E+05,0.1292E+05,0.2841E+04,0.2984E+04,0.3766E+03,0.7835E+03,0.1875E+05,0.1160E+04,0.2184E+05,
   18,1992,   8,0.2063E-01,0.7650E+02,0.3491E+03,0.1003E+03,0.5855E+02,0.3313E+02,0.3084E+01,0.8595E+01,0.1920E+03,0.1168E+02,0.2667E+03,
    4,1992,   8,0.5095E-01,0.2026E+02,0.1822E+02,0.1224E+02,0.4457E+01,0.2908E+01,0.7886E+00,0.2001E+01,0.1961E+02,0.2790E+01,0.1481E+03,
   74,1992,   8,0.7991E+00,0.3468E+03,0.1481E+04,0.3676E+02,0.6773E+01,0.8258E+03,0.3168E+02,0.6495E+02,0.8693E+03,0.9663E+02,0.2040E+04,
   73,1992,   8,0.1227E-03,0.4769E-01,0.3179E+00,0.4993E+00,0.6062E+01,0.5706E+00,0.2257E+00,0.5267E+00,0.7132E+01,0.7524E+00,0.9481E+00,
   69,1992,   8,0.1812E-01,0.7040E+01,0.7444E+01,0.1999E+01,0.2408E+02,0.2270E+01,0.9261E+00,0.2161E+01,0.2835E+02,0.3087E+01,0.7343E+01,
   20,1992,   8,0.8618E+00,0.4207E+03,0.1336E+04,0.1215E+04,0.8426E+03,0.3191E+03,0.9129E+02,0.2234E+03,0.2377E+04,0.3147E+03,0.1853E+04,
   36,1992,   8,0.0000E+00,0.0000E+00,0.0000E+00,0.0000E+00,0.0000E+00,0.0000E+00,0.0000E+00,0.0000E+00,0.0000E+00,0.0000E+00,0.0000E+00,
   16,1992,   8,0.3879E-03,0.1544E+00,0.1005E+01,0.1598E+01,0.1806E+02,0.1723E+01,0.6771E+00,0.1580E+01,0.2139E+02,0.2258E+01,0.2559E+01,
   26,1992,   8,0.3273E-01,0.1622E+02,0.2043E+02,0.1180E+02,0.3972E+02,0.5622E+01,0.8145E+00,0.1976E+01,0.5715E+02,0.2791E+01,0.4992E+02,
   30,1992,   8,0.4543E-02,0.1931E+01,0.9877E+01,0.5278E+01,0.4045E+01,0.1474E+01,0.3890E+00,0.9522E+00,0.1080E+02,0.1341E+01,0.1017E+02,
   66,1992,   8,0.0000E+00,0.0000E+00,0.0000E+00,0.0000E+00,0.0000E+00,0.0000E+00,0.0000E+00,0.0000E+00,0.0000E+00,0.0000E+00,0.0000E+00,
   24,1992,   8,0.1758E-02,0.7590E+00,0.4554E+01,0.2271E+01,0.8516E-01,0.4825E+00,0.1101E+00,0.2695E+00,0.2839E+01,0.3795E+00,0.3795E+01,
   10,1992,   8,0.3731E+01,0.1611E+04,0.8777E+03,0.4849E+03,0.9701E+02,0.1091E+03,0.2350E+02,0.5706E+02,0.6910E+03,0.8055E+02,0.9636E+04,
   19,1992,   8,0.3110E+01,0.1287E+04,0.4561E+04,0.2831E+04,0.3600E+03,0.6267E+03,0.1310E+03,0.2879E+03,0.3817E+04,0.4189E+03,0.5958E+04,
   11,1992,   8,0.7383E+00,0.3363E+03,0.1244E+04,0.1072E+04,0.4363E+02,0.2281E+03,0.3429E+02,0.6969E+02,0.1344E+04,0.1040E+03,0.1565E+04,
    0,1992,   8,0.5957E-02,0.2315E+01,0.6498E+01,0.2479E+00,0.3010E+01,0.2832E+00,0.1417E+00,0.3305E+00,0.3541E+01,0.4722E+00,0.1301E-02,
   62,1992,   8,0.0000E+00,0.0000E+00,0.0000E+00,0.0000E+00,0.0000E+00,0.0000E+00,0.0000E+00,0.0000E+00,0.0000E+00,0.0000E+00,0.0000E+00,
   92,1992,   9,0.2937E-01,0.1306E+02,0.4448E+02,0.2997E+02,0.6644E+01,0.7917E+01,0.1733E+01,0.7257E+01,0.4453E+02,0.8990E+01,0.4670E+02,
   61,1992,   9,0.7018E+00,0.4409E+03,0.4260E+03,0.7910E+03,0.3188E+03,0.2044E+03,0.8074E+01,0.2852E+02,0.1314E+04,0.3659E+02,0.6542E+03,
   86,1992,   9,0.1220E+00,0.1953E+04,0.4482E+03,0.1147E+03,0.4565E+03,0.4137E+02,0.5586E+01,0.4585E+02,0.6126E+03,0.5144E+02,0.2771E+04,
   34,1992,   9,0.2019E+02,0.1278E+05,0.3668E+04,0.6918E+04,0.1986E+05,0.1944E+04,0.5867E+02,0.1146E+03,0.2873E+05,0.1732E+03,0.1319E+05,
   64,1992,   9,0.1272E+02,0.8053E+04,0.5499E+04,0.4332E+04,0.6682E+04,0.1101E+04,0.1825E+03,0.5700E+03,0.1212E+05,0.7525E+03,0.6580E+04,
   63,1992,   9,0.0000E+00,0.0000E+00,0.0000E+00,0.0000E+00,0.0000E+00,0.0000E+00,0.0000E+00,0.0000E+00,0.0000E+00,0.0000E+00,0.0000E+00,
   59,1992,   9,0.1480E+00,0.5750E+02,0.1993E+03,0.2990E+03,0.8689E+01,0.8686E+01,0.3322E+01,0.1533E+02,0.3164E+03,0.1866E+02,0.1073E+03,
   55,1992,   9,0.4261E-01,0.1738E+02,0.9505E+00,0.1335E+02,0.2645E+02,0.7685E+00,0.1932E+00,0.3386E+01,0.4057E+02,0.3579E+01,0.5733E+01,
   65,1992,   9,0.1018E+00,0.4125E+02,0.7779E+02,0.2759E+02,0.9610E+02,0.2999E+02,0.6488E+01,0.2162E+02,0.1537E+03,0.2811E+02,0.1648E+03,
   32,1992,   9,0.6367E+00,0.3940E+03,0.7941E+02,0.2152E+02,0.1217E+03,0.3555E+02,0.5279E+01,0.5339E+02,0.1787E+03,0.5867E+02,0.9022E+02,
   53,1992,   9,0.1538E-01,0.1023E+02,0.1726E+01,0.2345E+01,0.2010E+02,0.5193E+00,0.6761E+00,0.1975E+01,0.2296E+02,0.2651E+01,0.6564E+01,
   47,1992,   9,0.0000E+00,0.0000E+00,0.0000E+00,0.0000E+00,0.0000E+00,0.0000E+00,0.0000E+00,0.0000E+00,0.0000E+00,0.0000E+00,0.0000E+00,
   81,1992,   9,0.0000E+00,0.0000E+00,0.0000E+00,0.0000E+00,0.0000E+00,0.0000E+00,0.0000E+00,0.0000E+00,0.0000E+00,0.0000E+00,0.0000E+00,
   82,1992,   9,0.4383E-01,0.3028E+02,0.0000E+00,0.0000E+00,0.0000E+00,0.1892E+01,0.0000E+00,0.1892E+02,0.1892E+01,0.1892E+02,0.3028E+02,
   79,1992,   9,0.3454E-02,0.1789E+01,0.8947E+01,0.2672E+01,0.1002E+00,0.5677E+00,0.5190E+00,0.1270E+01,0.3340E+01,0.1789E+01,0.4474E+01,
   77,1992,   9,0.1997E+00,0.7812E+02,0.8995E+02,0.6057E+02,0.4559E+02,0.2867E+02,0.1657E+01,0.4500E+02,0.1348E+03,0.4666E+02,0.1838E+03,
   85,1992,   9,0.2595E+00,0.1607E+03,0.4705E+03,0.2922E+03,0.5005E+02,0.6532E+02,0.7064E+01,0.2177E+02,0.4076E+03,0.2883E+02,0.3912E+03,
   52,1992,   9,0.0000E+00,0.0000E+00,0.0000E+00,0.0000E+00,0.0000E+00,0.0000E+00,0.0000E+00,0.0000E+00,0.0000E+00,0.0000E+00,0.0000E+00,
   56,1992,   9,0.0000E+00,0.0000E+00,0.0000E+00,0.0000E+00,0.0000E+00,0.0000E+00,0.0000E+00,0.0000E+00,0.0000E+00,0.0000E+00,0.0000E+00,
   87,1992,   9,0.0000E+00,0.0000E+00,0.0000E+00,0.0000E+00,0.0000E+00,0.0000E+00,0.0000E+00,0.0000E+00,0.0000E+00,0.0000E+00,0.0000E+00,
   44,1992,   9,0.0000E+00,0.0000E+00,0.0000E+00,0.0000E+00,0.0000E+00,0.0000E+00,0.0000E+00,0.0000E+00,0.0000E+00,0.0000E+00,0.0000E+00,
   41,1992,   9,0.0000E+00,0.0000E+00,0.0000E+00,0.0000E+00,0.0000E+00,0.0000E+00,0.0000E+00,0.0000E+00,0.0000E+00,0.0000E+00,0.0000E+00,
   49,1992,   9,0.1578E-02,0.6813E+00,0.9083E+00,0.1841E+01,0.2085E+00,0.4033E+00,0.6540E-01,0.3434E+00,0.2453E+01,0.4088E+00,0.9538E+00,
   91,1992,   9,0.4263E-01,0.2082E+02,0.9982E+01,0.1955E+02,0.3198E+02,0.6570E+01,0.1009E+01,0.4171E+01,0.5810E+02,0.5181E+01,0.4137E+02,
   51,1992,   9,0.2805E-02,0.1211E+01,0.5329E+01,0.3272E+01,0.3706E+00,0.7169E+00,0.1163E+00,0.6104E+00,0.4360E+01,0.7267E+00,0.8236E+01,
   68,1992,   9,0.0000E+00,0.0000E+00,0.0000E+00,0.0000E+00,0.0000E+00,0.0000E+00,0.0000E+00,0.0000E+00,0.0000E+00,0.0000E+00,0.0000E+00,
   54,1992,   9,0.1425E+00,0.7626E+02,0.2583E+03,0.8869E+02,0.2349E+02,0.3690E+02,0.5659E+01,0.1525E+02,0.1491E+03,0.2091E+02,0.1968E+03,
   33,1992,   9,0.0000E+00,0.0000E+00,0.0000E+00,0.0000E+00,0.0000E+00,0.0000E+00,0.0000E+00,0.0000E+00,0.0000E+00,0.0000E+00,0.0000E+00,
   80,1992,   9,0.0000E+00,0.0000E+00,0.0000E+00,0.0000E+00,0.0000E+00,0.0000E+00,0.0000E+00,0.0000E+00,0.0000E+00,0.0000E+00,0.0000E+00,
   50,1992,   9,0.0000E+00,0.0000E+00,0.0000E+00,0.0000E+00,0.0000E+00,0.0000E+00,0.0000E+00,0.0000E+00,0.0000E+00,0.0000E+00,0.0000E+00,
   58,1992,   9,0.6357E-01,0.3932E+02,0.2749E+02,0.1690E+01,0.4538E+02,0.5010E+01,0.7216E+00,0.7140E+00,0.5208E+02,0.1436E+01,0.2229E+02,
   17,1992,   9,0.7655E-01,0.3757E+02,0.5127E+02,0.3470E+02,0.3419E+02,0.1716E+02,0.4087E+01,0.1665E+02,0.8605E+02,0.2074E+02,0.1061E+03,
   95,1992,   9,0.8737E-02,0.3773E+01,0.9417E+01,0.1018E+02,0.1160E+01,0.2230E+01,0.2419E+00,0.1270E+01,0.1357E+02,0.1512E+01,0.2448E+02,
   90,1992,   9,0.0000E+00,0.0000E+00,0.0000E+00,0.0000E+00,0.0000E+00,0.0000E+00,0.0000E+00,0.0000E+00,0.0000E+00,0.0000E+00,0.0000E+00,
   15,1992,   9,0.0000E+00,0.0000E+00,0.0000E+00,0.0000E+00,0.0000E+00,0.0000E+00,0.0000E+00,0.0000E+00,0.0000E+00,0.0000E+00,0.0000E+00,
   14,1992,   9,0.3025E-01,0.1296E+02,0.1638E+02,0.1905E+02,0.1651E+03,0.1668E+02,0.7523E+01,0.1838E+02,0.2009E+03,0.2590E+02,0.1961E+02,
   31,1992,   9,0.4115E+00,0.2059E+03,0.6840E+03,0.3856E+03,0.2848E+02,0.8306E+02,0.2199E+02,0.5120E+02,0.4972E+03,0.7319E+02,0.8883E+03,
   12,1992,   9,0.1737E-01,0.7505E+01,0.3184E+02,0.1519E+02,0.1302E+02,0.4375E+01,0.1409E+01,0.3451E+01,0.3259E+02,0.4860E+01,0.6459E+02,
   23,1992,   9,0.1407E-01,0.5496E+01,0.5113E+01,0.9827E+00,0.1645E+01,0.3343E+00,0.1110E+00,0.2648E+00,0.2962E+01,0.3758E+00,0.6519E+02,
   25,1992,   9,0.8771E+01,0.6666E+04,0.1473E+05,0.1292E+05,0.2841E+04,0.2984E+04,0.3766E+03,0.7835E+03,0.1875E+05,0.1160E+04,0.2184E+05,
   18,1992,   9,0.2063E-01,0.7650E+02,0.3491E+03,0.1003E+03,0.5855E+02,0.3313E+02,0.3084E+01,0.8595E+01,0.1920E+03,0.1168E+02,0.2667E+03,
    4,1992,   9,0.5095E-01,0.2026E+02,0.1822E+02,0.1224E+02,0.4457E+01,0.2908E+01,0.7886E+00,0.2001E+01,0.1961E+02,0.2790E+01,0.1481E+03,
   74,1992,   9,0.7991E+00,0.3468E+03,0.1481E+04,0.3676E+02,0.6773E+01,0.8258E+03,0.3168E+02,0.6495E+02,0.8693E+03,0.9663E+02,0.2040E+04,
   73,1992,   9,0.1227E-03,0.4769E-01,0.3179E+00,0.4993E+00,0.6062E+01,0.5706E+00,0.2257E+00,0.5267E+00,0.7132E+01,0.7524E+00,0.9481E+00,
   69,1992,   9,0.1812E-01,0.7040E+01,0.7444E+01,0.1999E+01,0.2408E+02,0.2270E+01,0.9261E+00,0.2161E+01,0.2835E+02,0.3087E+01,0.7343E+01,
   20,1992,   9,0.8618E+00,0.4207E+03,0.1336E+04,0.1215E+04,0.8426E+03,0.3191E+03,0.9129E+02,0.2234E+03,0.2377E+04,0.3147E+03,0.1781E+04,
   36,1992,   9,0.0000E+00,0.0000E+00,0.0000E+00,0.0000E+00,0.0000E+00,0.0000E+00,0.0000E+00,0.0000E+00,0.0000E+00,0.0000E+00,0.0000E+00,
   16,1992,   9,0.3879E-03,0.1544E+00,0.1005E+01,0.1598E+01,0.1806E+02,0.1723E+01,0.6771E+00,0.1580E+01,0.2139E+02,0.2258E+01,0.2559E+01,
   26,1992,   9,0.3273E-01,0.1622E+02,0.2043E+02,0.1180E+02,0.3972E+02,0.5622E+01,0.8145E+00,0.1976E+01,0.5715E+02,0.2791E+01,0.4992E+02,
   30,1992,   9,0.4543E-02,0.1931E+01,0.9877E+01,0.5278E+01,0.4045E+01,0.1474E+01,0.3890E+00,0.9522E+00,0.1080E+02,0.1341E+01,0.1017E+02,
   66,1992,   9,0.0000E+00,0.0000E+00,0.0000E+00,0.0000E+00,0.0000E+00,0.0000E+00,0.0000E+00,0.0000E+00,0.0000E+00,0.0000E+00,0.0000E+00,
   24,1992,   9,0.1758E-02,0.7590E+00,0.4554E+01,0.2271E+01,0.8516E-01,0.4825E+00,0.1101E+00,0.2695E+00,0.2839E+01,0.3795E+00,0.3795E+01,
   10,1992,   9,0.3731E+01,0.1611E+04,0.8777E+03,0.4849E+03,0.9701E+02,0.1091E+03,0.2350E+02,0.5706E+02,0.6910E+03,0.8055E+02,0.9636E+04,
   19,1992,   9,0.3112E+01,0.1287E+04,0.4573E+04,0.2842E+04,0.3678E+03,0.6288E+03,0.1316E+03,0.2894E+03,0.3839E+04,0.4210E+03,0.5972E+04,
   11,1992,   9,0.7383E+00,0.3363E+03,0.1244E+04,0.1072E+04,0.4363E+02,0.2281E+03,0.3429E+02,0.6969E+02,0.1344E+04,0.1040E+03,0.1565E+04,
    0,1992,   9,0.5957E-02,0.2315E+01,0.6498E+01,0.2479E+00,0.3010E+01,0.2832E+00,0.1417E+00,0.3305E+00,0.3541E+01,0.4722E+00,0.1301E-02,
   62,1992,   9,0.0000E+00,0.0000E+00,0.0000E+00,0.0000E+00,0.0000E+00,0.0000E+00,0.0000E+00,0.0000E+00,0.0000E+00,0.0000E+00,0.0000E+00,
   92,1992,  10,0.2367E-01,0.1060E+02,0.4374E+02,0.2327E+02,0.5915E+01,0.6359E+01,0.1494E+01,0.6000E+01,0.3555E+02,0.7494E+01,0.4868E+02,
   61,1992,  10,0.6178E+00,0.3886E+03,0.4770E+03,0.8944E+03,0.2349E+03,0.7158E+02,0.9150E+01,0.2457E+02,0.1201E+04,0.3372E+02,0.4907E+03,
   86,1992,  10,0.1155E+00,0.1732E+04,0.4005E+03,0.1466E+03,0.3733E+03,0.3741E+02,0.5577E+01,0.4010E+02,0.5573E+03,0.4567E+02,0.2419E+04,
   34,1992,  10,0.1933E+02,0.1286E+05,0.2277E+04,0.6957E+04,0.1916E+05,0.2208E+04,0.3113E+02,0.2168E+03,0.2832E+05,0.2479E+03,0.1420E+05,
   64,1992,  10,0.1214E+02,0.7802E+04,0.7236E+04,0.4768E+04,0.6685E+04,0.1245E+04,0.2146E+03,0.4398E+03,0.1270E+05,0.6544E+03,0.1001E+05,
   63,1992,  10,0.0000E+00,0.0000E+00,0.0000E+00,0.0000E+00,0.0000E+00,0.0000E+00,0.0000E+00,0.0000E+00,0.0000E+00,0.0000E+00,0.0000E+00,
   59,1992,  10,0.1436E+00,0.5578E+02,0.0000E+00,0.3477E+03,0.5206E+01,0.1487E+02,0.0000E+00,0.2975E+02,0.3678E+03,0.2975E+02,0.8305E+02,
   55,1992,  10,0.4198E-01,0.1720E+02,0.3813E+02,0.8398E+01,0.3566E+02,0.4765E+01,0.2197E+01,0.6508E+01,0.4883E+02,0.8705E+01,0.1221E+02,
   65,1992,  10,0.9758E-01,0.5153E+02,0.1212E+03,0.2439E+02,0.8774E+02,0.4830E+02,0.1187E+02,0.2787E+02,0.1604E+03,0.3974E+02,0.2919E+03,
   32,1992,  10,0.6285E+00,0.3993E+03,0.3427E+02,0.1855E+02,0.2867E+03,0.3835E+02,0.2603E+01,0.5259E+02,0.3436E+03,0.5520E+02,0.1449E+03,
   53,1992,  10,0.1526E-01,0.1055E+02,0.3979E+01,0.2171E+01,0.1273E+02,0.4806E+00,0.6199E+00,0.1802E+01,0.1538E+02,0.2422E+01,0.1034E+02,
   47,1992,  10,0.0000E+00,0.0000E+00,0.0000E+00,0.0000E+00,0.0000E+00,0.0000E+00,0.0000E+00,0.0000E+00,0.0000E+00,0.0000E+00,0.0000E+00,
   81,1992,  10,0.0000E+00,0.0000E+00,0.0000E+00,0.0000E+00,0.0000E+00,0.0000E+00,0.0000E+00,0.0000E+00,0.0000E+00,0.0000E+00,0.0000E+00,
   82,1992,  10,0.4383E-01,0.3028E+02,0.0000E+00,0.0000E+00,0.0000E+00,0.1892E+01,0.0000E+00,0.1892E+02,0.1892E+01,0.1892E+02,0.3028E+02,
   79,1992,  10,0.3454E-02,0.1789E+01,0.8947E+01,0.2672E+01,0.1002E+00,0.5677E+00,0.5190E+00,0.1270E+01,0.3340E+01,0.1789E+01,0.4474E+01,
   77,1992,  10,0.2082E+00,0.8135E+02,0.1721E+03,0.8840E+02,0.3788E+02,0.3216E+02,0.5461E+01,0.4155E+02,0.1584E+03,0.4701E+02,0.1866E+03,
   85,1992,  10,0.2663E+00,0.1816E+03,0.4836E+03,0.3003E+03,0.5096E+02,0.6708E+02,0.7839E+01,0.2363E+02,0.4183E+03,0.3147E+02,0.3611E+03,
   52,1992,  10,0.0000E+00,0.0000E+00,0.0000E+00,0.0000E+00,0.0000E+00,0.0000E+00,0.0000E+00,0.0000E+00,0.0000E+00,0.0000E+00,0.0000E+00,
   56,1992,  10,0.0000E+00,0.0000E+00,0.0000E+00,0.0000E+00,0.0000E+00,0.0000E+00,0.0000E+00,0.0000E+00,0.0000E+00,0.0000E+00,0.0000E+00,
   87,1992,  10,0.0000E+00,0.0000E+00,0.0000E+00,0.0000E+00,0.0000E+00,0.0000E+00,0.0000E+00,0.0000E+00,0.0000E+00,0.0000E+00,0.0000E+00,
   44,1992,  10,0.0000E+00,0.0000E+00,0.0000E+00,0.0000E+00,0.0000E+00,0.0000E+00,0.0000E+00,0.0000E+00,0.0000E+00,0.0000E+00,0.0000E+00,
   41,1992,  10,0.0000E+00,0.0000E+00,0.0000E+00,0.0000E+00,0.0000E+00,0.0000E+00,0.0000E+00,0.0000E+00,0.0000E+00,0.0000E+00,0.0000E+00,
   49,1992,  10,0.1140E-02,0.4920E+00,0.5072E+00,0.1329E+01,0.1506E+00,0.2913E+00,0.4723E-01,0.2480E+00,0.1771E+01,0.2952E+00,0.5072E+00,
   91,1992,  10,0.4486E-01,0.2179E+02,0.2118E+02,0.2216E+02,0.3228E+02,0.7141E+01,0.1102E+01,0.4658E+01,0.6158E+02,0.5760E+01,0.4515E+02,
   51,1992,  10,0.3024E-02,0.1306E+01,0.6006E+01,0.3528E+01,0.3996E+00,0.7729E+00,0.1254E+00,0.6581E+00,0.4701E+01,0.7835E+00,0.7312E+01,
   68,1992,  10,0.0000E+00,0.0000E+00,0.0000E+00,0.0000E+00,0.0000E+00,0.0000E+00,0.0000E+00,0.0000E+00,0.0000E+00,0.0000E+00,0.0000E+00,
   54,1992,  10,0.1205E+00,0.6765E+02,0.0000E+00,0.1332E+03,0.2207E+02,0.6349E+02,0.0000E+00,0.2758E+02,0.2188E+03,0.2758E+02,0.1769E+03,
   33,1992,  10,0.0000E+00,0.0000E+00,0.0000E+00,0.0000E+00,0.0000E+00,0.0000E+00,0.0000E+00,0.0000E+00,0.0000E+00,0.0000E+00,0.0000E+00,
   80,1992,  10,0.0000E+00,0.0000E+00,0.0000E+00,0.0000E+00,0.0000E+00,0.0000E+00,0.0000E+00,0.0000E+00,0.0000E+00,0.0000E+00,0.0000E+00,
   50,1992,  10,0.0000E+00,0.0000E+00,0.0000E+00,0.0000E+00,0.0000E+00,0.0000E+00,0.0000E+00,0.0000E+00,0.0000E+00,0.0000E+00,0.0000E+00,
   58,1992,  10,0.5848E-01,0.3608E+02,0.2288E+02,0.1639E+01,0.2660E+02,0.4602E+01,0.7934E+00,0.5194E+00,0.3284E+02,0.1313E+01,0.1729E+02,
   17,1992,  10,0.8935E-01,0.4178E+02,0.9929E+02,0.2546E+02,0.3094E+02,0.2962E+02,0.6177E+01,0.2120E+02,0.8603E+02,0.2738E+02,0.1715E+03,
   95,1992,  10,0.7729E-02,0.3338E+01,0.5775E+01,0.9000E+01,0.1026E+01,0.1972E+01,0.1768E+00,0.9232E+00,0.1200E+02,0.1100E+01,0.1501E+02,
   90,1992,  10,0.0000E+00,0.0000E+00,0.0000E+00,0.0000E+00,0.0000E+00,0.0000E+00,0.0000E+00,0.0000E+00,0.0000E+00,0.0000E+00,0.0000E+00,
   15,1992,  10,0.0000E+00,0.0000E+00,0.0000E+00,0.0000E+00,0.0000E+00,0.0000E+00,0.0000E+00,0.0000E+00,0.0000E+00,0.0000E+00,0.0000E+00,
   14,1992,  10,0.3025E-01,0.1296E+02,0.1986E+02,0.1905E+02,0.1651E+03,0.1668E+02,0.7523E+01,0.1838E+02,0.2009E+03,0.2590E+02,0.1845E+02,
   31,1992,  10,0.4115E+00,0.2059E+03,0.6840E+03,0.3856E+03,0.2848E+02,0.8306E+02,0.2199E+02,0.5120E+02,0.4972E+03,0.7319E+02,0.8883E+03,
   12,1992,  10,0.1741E-01,0.7524E+01,0.3201E+02,0.1526E+02,0.1302E+02,0.4390E+01,0.1416E+01,0.3468E+01,0.3267E+02,0.4885E+01,0.6482E+02,
   23,1992,  10,0.1407E-01,0.5496E+01,0.5113E+01,0.9827E+00,0.1645E+01,0.3343E+00,0.1110E+00,0.2648E+00,0.2962E+01,0.3758E+00,0.6519E+02,
   25,1992,  10,0.8771E+01,0.6666E+04,0.1473E+05,0.1292E+05,0.2841E+04,0.2984E+04,0.3766E+03,0.7835E+03,0.1875E+05,0.1160E+04,0.2184E+05,
   18,1992,  10,0.2063E-01,0.1053E+02,0.1932E+02,0.1497E+02,0.1262E+02,0.4108E+01,0.1095E+01,0.2628E+01,0.3170E+02,0.3723E+01,0.3789E+02,
    4,1992,  10,0.5095E-01,0.2026E+02,0.1822E+02,0.1224E+02,0.4457E+01,0.2908E+01,0.7886E+00,0.2001E+01,0.1961E+02,0.2790E+01,0.1481E+03,
   74,1992,  10,0.7991E+00,0.3468E+03,0.1481E+04,0.3676E+02,0.6773E+01,0.8258E+03,0.3168E+02,0.6495E+02,0.8693E+03,0.9663E+02,0.2040E+04,
   73,1992,  10,0.1227E-03,0.4769E-01,0.3179E+00,0.4993E+00,0.6062E+01,0.5706E+00,0.2257E+00,0.5267E+00,0.7132E+01,0.7524E+00,0.9481E+00,
   69,1992,  10,0.1812E-01,0.7040E+01,0.7444E+01,0.1999E+01,0.2408E+02,0.2270E+01,0.9261E+00,0.2161E+01,0.2835E+02,0.3087E+01,0.7343E+01,
   20,1992,  10,0.8618E+00,0.4207E+03,0.1359E+04,0.1215E+04,0.8426E+03,0.3191E+03,0.9129E+02,0.2234E+03,0.2377E+04,0.3147E+03,0.1782E+04,
   36,1992,  10,0.0000E+00,0.0000E+00,0.0000E+00,0.0000E+00,0.0000E+00,0.0000E+00,0.0000E+00,0.0000E+00,0.0000E+00,0.0000E+00,0.0000E+00,
   16,1992,  10,0.3879E-03,0.1544E+00,0.1005E+01,0.1598E+01,0.1806E+02,0.1723E+01,0.6771E+00,0.1580E+01,0.2139E+02,0.2258E+01,0.2559E+01,
   26,1992,  10,0.3273E-01,0.1622E+02,0.2043E+02,0.1180E+02,0.3972E+02,0.5622E+01,0.8145E+00,0.1976E+01,0.5715E+02,0.2791E+01,0.4992E+02,
   30,1992,  10,0.4543E-02,0.1931E+01,0.9877E+01,0.5278E+01,0.4045E+01,0.1474E+01,0.3890E+00,0.9522E+00,0.1080E+02,0.1341E+01,0.1017E+02,
   66,1992,  10,0.0000E+00,0.0000E+00,0.0000E+00,0.0000E+00,0.0000E+00,0.0000E+00,0.0000E+00,0.0000E+00,0.0000E+00,0.0000E+00,0.0000E+00,
   24,1992,  10,0.1758E-02,0.7590E+00,0.4554E+01,0.2271E+01,0.8516E-01,0.4825E+00,0.1101E+00,0.2695E+00,0.2839E+01,0.3795E+00,0.3795E+01,
   10,1992,  10,0.3731E+01,0.1611E+04,0.8777E+03,0.4849E+03,0.9701E+02,0.1091E+03,0.2350E+02,0.5706E+02,0.6910E+03,0.8055E+02,0.9636E+04,
   19,1992,  10,0.3112E+01,0.1287E+04,0.4572E+04,0.2841E+04,0.3671E+03,0.6286E+03,0.1316E+03,0.2892E+03,0.3837E+04,0.4208E+03,0.5971E+04,
   11,1992,  10,0.7383E+00,0.3363E+03,0.1244E+04,0.1072E+04,0.4363E+02,0.2281E+03,0.3429E+02,0.6969E+02,0.1344E+04,0.1040E+03,0.1565E+04,
    0,1992,  10,0.5957E-02,0.2315E+01,0.6498E+01,0.2479E+00,0.3010E+01,0.2832E+00,0.1417E+00,0.3305E+00,0.3541E+01,0.4722E+00,0.1301E-02,
   62,1992,  10,0.0000E+00,0.0000E+00,0.0000E+00,0.0000E+00,0.0000E+00,0.0000E+00,0.0000E+00,0.0000E+00,0.0000E+00,0.0000E+00,0.0000E+00,
   92,1992,  11,0.2656E-01,0.1185E+02,0.5845E+02,0.2669E+02,0.6278E+01,0.7181E+01,0.1617E+01,0.6644E+01,0.4015E+02,0.8260E+01,0.8547E+02,
   61,1992,  11,0.6837E+00,0.4573E+03,0.4140E+03,0.8888E+03,0.2444E+03,0.1496E+03,0.1382E+02,0.3527E+02,0.1283E+04,0.4909E+02,0.6618E+03,
   86,1992,  11,0.1880E+00,0.1626E+04,0.6004E+03,0.1746E+03,0.3546E+03,0.6403E+02,0.1070E+02,0.4702E+02,0.5932E+03,0.5772E+02,0.2879E+04,
   34,1992,  11,0.1989E+02,0.1223E+05,0.4033E+04,0.8135E+04,0.1620E+05,0.2328E+04,0.1422E+03,0.1463E+03,0.2666E+05,0.2885E+03,0.1719E+05,
   64,1992,  11,0.1295E+02,0.8637E+04,0.9977E+04,0.6062E+04,0.7056E+04,0.1586E+04,0.2084E+03,0.4236E+03,0.1470E+05,0.6320E+03,0.8496E+04,
   63,1992,  11,0.0000E+00,0.0000E+00,0.0000E+00,0.0000E+00,0.0000E+00,0.0000E+00,0.0000E+00,0.0000E+00,0.0000E+00,0.0000E+00,0.0000E+00,
   59,1992,  11,0.1529E+00,0.5942E+02,0.2060E+03,0.3328E+03,0.6867E+01,0.4648E+02,0.9244E+01,0.2905E+02,0.3861E+03,0.3829E+02,0.2417E+03,
   55,1992,  11,0.4576E-01,0.1870E+02,0.5924E+02,0.8192E+01,0.2313E+02,0.5457E+01,0.1185E+01,0.4701E+01,0.3678E+02,0.5886E+01,0.1798E+02,
   65,1992,  11,0.9320E-01,0.5017E+02,0.6339E+02,0.2841E+02,0.1056E+03,0.3326E+02,0.9575E+01,0.1800E+02,0.1673E+03,0.2757E+02,0.1638E+03,
   32,1992,  11,0.6672E+00,0.4521E+03,0.8472E+02,0.1932E+02,0.4374E+03,0.5720E+02,0.4159E+01,0.4468E+02,0.5140E+03,0.4883E+02,0.2017E+03,
   53,1992,  11,0.1622E-01,0.1147E+02,0.5628E+01,0.2564E+01,0.1043E+02,0.5543E+00,0.6043E+00,0.1781E+01,0.1355E+02,0.2385E+01,0.5532E+01,
   47,1992,  11,0.0000E+00,0.0000E+00,0.0000E+00,0.0000E+00,0.0000E+00,0.0000E+00,0.0000E+00,0.0000E+00,0.0000E+00,0.0000E+00,0.0000E+00,
   81,1992,  11,0.0000E+00,0.0000E+00,0.0000E+00,0.0000E+00,0.0000E+00,0.0000E+00,0.0000E+00,0.0000E+00,0.0000E+00,0.0000E+00,0.0000E+00,
   82,1992,  11,0.4383E-01,0.3028E+02,0.0000E+00,0.0000E+00,0.0000E+00,0.1892E+01,0.0000E+00,0.1892E+02,0.1892E+01,0.1892E+02,0.3028E+02,
   79,1992,  11,0.3454E-02,0.1789E+01,0.8947E+01,0.2672E+01,0.1002E+00,0.5677E+00,0.5190E+00,0.1270E+01,0.3340E+01,0.1789E+01,0.4474E+01,
   77,1992,  11,0.3215E+00,0.1254E+03,0.6256E+03,0.1515E+03,0.6554E+02,0.8999E+02,0.2096E+02,0.3950E+02,0.3071E+03,0.6046E+02,0.1381E+04,
   85,1992,  11,0.2525E+00,0.1706E+03,0.5824E+03,0.2429E+03,0.4767E+02,0.7218E+02,0.9921E+01,0.2238E+02,0.3628E+03,0.3230E+02,0.8097E+03,
   52,1992,  11,0.0000E+00,0.0000E+00,0.0000E+00,0.0000E+00,0.0000E+00,0.0000E+00,0.0000E+00,0.0000E+00,0.0000E+00,0.0000E+00,0.0000E+00,
   56,1992,  11,0.5086E-02,0.1976E+01,0.1888E+02,0.6148E+00,0.4831E+00,0.2415E+01,0.3514E+00,0.8783E-01,0.3513E+01,0.4392E+00,0.5709E+02,
   87,1992,  11,0.0000E+00,0.0000E+00,0.0000E+00,0.0000E+00,0.0000E+00,0.0000E+00,0.0000E+00,0.0000E+00,0.0000E+00,0.0000E+00,0.0000E+00,
   44,1992,  11,0.0000E+00,0.0000E+00,0.0000E+00,0.0000E+00,0.0000E+00,0.0000E+00,0.0000E+00,0.0000E+00,0.0000E+00,0.0000E+00,0.0000E+00,
   41,1992,  11,0.0000E+00,0.0000E+00,0.0000E+00,0.0000E+00,0.0000E+00,0.0000E+00,0.0000E+00,0.0000E+00,0.0000E+00,0.0000E+00,0.0000E+00,
   49,1992,  11,0.1315E-02,0.5677E+00,0.6358E+00,0.1534E+01,0.1737E+00,0.3361E+00,0.5450E-01,0.2861E+00,0.2044E+01,0.3406E+00,0.8629E+00,
   91,1992,  11,0.5280E-01,0.2521E+02,0.2791E+02,0.3142E+02,0.3333E+02,0.9168E+01,0.1431E+01,0.6384E+01,0.7391E+02,0.7815E+01,0.5336E+02,
   51,1992,  11,0.3813E-02,0.1646E+01,0.7903E+01,0.4448E+01,0.5038E+00,0.9745E+00,0.1581E+00,0.8298E+00,0.5927E+01,0.9878E+00,0.8232E+01,
   68,1992,  11,0.0000E+00,0.0000E+00,0.0000E+00,0.0000E+00,0.0000E+00,0.0000E+00,0.0000E+00,0.0000E+00,0.0000E+00,0.0000E+00,0.0000E+00,
   54,1992,  11,0.1210E+00,0.6894E+02,0.2507E+03,0.1713E+03,0.2559E+02,0.5432E+02,0.6895E+01,0.3040E+02,0.2512E+03,0.3729E+02,0.1776E+03,
   33,1992,  11,0.0000E+00,0.0000E+00,0.0000E+00,0.0000E+00,0.0000E+00,0.0000E+00,0.0000E+00,0.0000E+00,0.0000E+00,0.0000E+00,0.0000E+00,
   80,1992,  11,0.0000E+00,0.0000E+00,0.0000E+00,0.0000E+00,0.0000E+00,0.0000E+00,0.0000E+00,0.0000E+00,0.0000E+00,0.0000E+00,0.0000E+00,
   50,1992,  11,0.0000E+00,0.0000E+00,0.0000E+00,0.0000E+00,0.0000E+00,0.0000E+00,0.0000E+00,0.0000E+00,0.0000E+00,0.0000E+00,0.0000E+00,
   58,1992,  11,0.5743E-01,0.3457E+02,0.2605E+02,0.1741E+01,0.3717E+02,0.1010E+02,0.4547E+00,0.7432E+00,0.4902E+02,0.1198E+01,0.2502E+02,
   17,1992,  11,0.1640E+00,0.7075E+02,0.3731E+03,0.3359E+02,0.4247E+02,0.5689E+02,0.1056E+02,0.2130E+02,0.1330E+03,0.3186E+02,0.9287E+03,
   95,1992,  11,0.8912E-02,0.3849E+01,0.8504E+01,0.1038E+02,0.1183E+01,0.2275E+01,0.1982E+00,0.1035E+01,0.1384E+02,0.1233E+01,0.1629E+02,
   90,1992,  11,0.0000E+00,0.0000E+00,0.0000E+00,0.0000E+00,0.0000E+00,0.0000E+00,0.0000E+00,0.0000E+00,0.0000E+00,0.0000E+00,0.0000E+00,
   15,1992,  11,0.0000E+00,0.0000E+00,0.0000E+00,0.0000E+00,0.0000E+00,0.0000E+00,0.0000E+00,0.0000E+00,0.0000E+00,0.0000E+00,0.0000E+00,
   14,1992,  11,0.3025E-01,0.1296E+02,0.1878E+02,0.1905E+02,0.1651E+03,0.1668E+02,0.7523E+01,0.1838E+02,0.2009E+03,0.2590E+02,0.1961E+02,
   31,1992,  11,0.4115E+00,0.2059E+03,0.6840E+03,0.3856E+03,0.2848E+02,0.8306E+02,0.2199E+02,0.5120E+02,0.4972E+03,0.7319E+02,0.8883E+03,
   12,1992,  11,0.1728E-01,0.7467E+01,0.3150E+02,0.1506E+02,0.1301E+02,0.4347E+01,0.1395E+01,0.3416E+01,0.3242E+02,0.4811E+01,0.6414E+02,
   23,1992,  11,0.1407E-01,0.5496E+01,0.5113E+01,0.9827E+00,0.1645E+01,0.3343E+00,0.1110E+00,0.2648E+00,0.2962E+01,0.3758E+00,0.6519E+02,
   25,1992,  11,0.8782E+01,0.6672E+04,0.1478E+05,0.1292E+05,0.2842E+04,0.2989E+04,0.3774E+03,0.7837E+03,0.1875E+05,0.1161E+04,0.2196E+05,
   18,1992,  11,0.2063E-01,0.1053E+02,0.1932E+02,0.1497E+02,0.1262E+02,0.4108E+01,0.1095E+01,0.2628E+01,0.3170E+02,0.3723E+01,0.3789E+02,
    4,1992,  11,0.5095E-01,0.2026E+02,0.1822E+02,0.1224E+02,0.4457E+01,0.2908E+01,0.7886E+00,0.2001E+01,0.1961E+02,0.2790E+01,0.1481E+03,
   74,1992,  11,0.7991E+00,0.3468E+03,0.1481E+04,0.3676E+02,0.6773E+01,0.8258E+03,0.3168E+02,0.6495E+02,0.8693E+03,0.9663E+02,0.2040E+04,
   73,1992,  11,0.1227E-03,0.4769E-01,0.3179E+00,0.4993E+00,0.6062E+01,0.5706E+00,0.2257E+00,0.5267E+00,0.7132E+01,0.7524E+00,0.9481E+00,
   69,1992,  11,0.1812E-01,0.7040E+01,0.7444E+01,0.1999E+01,0.2408E+02,0.2270E+01,0.9261E+00,0.2161E+01,0.2835E+02,0.3087E+01,0.7343E+01,
   20,1992,  11,0.8618E+00,0.4207E+03,0.1453E+04,0.1215E+04,0.8426E+03,0.3191E+03,0.9129E+02,0.2234E+03,0.2377E+04,0.3147E+03,0.1986E+04,
   36,1992,  11,0.0000E+00,0.0000E+00,0.0000E+00,0.0000E+00,0.0000E+00,0.0000E+00,0.0000E+00,0.0000E+00,0.0000E+00,0.0000E+00,0.0000E+00,
   16,1992,  11,0.3879E-03,0.1544E+00,0.1005E+01,0.1598E+01,0.1806E+02,0.1723E+01,0.6771E+00,0.1580E+01,0.2139E+02,0.2258E+01,0.2559E+01,
   26,1992,  11,0.3273E-01,0.1622E+02,0.2043E+02,0.1180E+02,0.3972E+02,0.5622E+01,0.8145E+00,0.1976E+01,0.5715E+02,0.2791E+01,0.4992E+02,
   30,1992,  11,0.4543E-02,0.1931E+01,0.9877E+01,0.5278E+01,0.4045E+01,0.1474E+01,0.3890E+00,0.9522E+00,0.1080E+02,0.1341E+01,0.1017E+02,
   66,1992,  11,0.0000E+00,0.0000E+00,0.0000E+00,0.0000E+00,0.0000E+00,0.0000E+00,0.0000E+00,0.0000E+00,0.0000E+00,0.0000E+00,0.0000E+00,
   24,1992,  11,0.1758E-02,0.7590E+00,0.4554E+01,0.2271E+01,0.8516E-01,0.4825E+00,0.1101E+00,0.2695E+00,0.2839E+01,0.3795E+00,0.3795E+01,
   10,1992,  11,0.3731E+01,0.1611E+04,0.8777E+03,0.4849E+03,0.9701E+02,0.1091E+03,0.2350E+02,0.5706E+02,0.6910E+03,0.8055E+02,0.9636E+04,
   19,1992,  11,0.3109E+01,0.1286E+04,0.4550E+04,0.2820E+04,0.3526E+03,0.6247E+03,0.1304E+03,0.2865E+03,0.3797E+04,0.4169E+03,0.5945E+04,
   11,1992,  11,0.7383E+00,0.3363E+03,0.1244E+04,0.1072E+04,0.4363E+02,0.2281E+03,0.3429E+02,0.6969E+02,0.1344E+04,0.1040E+03,0.1565E+04,
    0,1992,  11,0.5957E-02,0.2315E+01,0.6498E+01,0.2479E+00,0.3010E+01,0.2832E+00,0.1417E+00,0.3305E+00,0.3541E+01,0.4722E+00,0.1301E-02,
   62,1992,  11,0.0000E+00,0.0000E+00,0.0000E+00,0.0000E+00,0.0000E+00,0.0000E+00,0.0000E+00,0.0000E+00,0.0000E+00,0.0000E+00,0.0000E+00,
   92,1992,  12,0.2547E-01,0.1138E+02,0.5361E+02,0.2540E+02,0.6140E+01,0.6873E+01,0.1570E+01,0.6400E+01,0.3841E+02,0.7971E+01,0.8006E+02,
   61,1992,  12,0.7390E+00,0.5187E+03,0.8139E+03,0.1079E+04,0.2294E+03,0.4183E+03,0.1675E+02,0.4099E+02,0.1726E+04,0.5774E+02,0.8908E+03,
   86,1992,  12,0.1429E+00,0.1412E+04,0.3549E+03,0.1503E+03,0.3170E+03,0.3694E+02,0.5893E+01,0.4470E+02,0.5043E+03,0.5059E+02,0.1985E+04,
   34,1992,  12,0.2020E+02,0.1349E+05,0.4481E+04,0.7331E+04,0.1816E+05,0.2372E+04,0.1418E+03,0.1784E+03,0.2786E+05,0.3202E+03,0.1716E+05,
   64,1992,  12,0.1351E+02,0.9308E+04,0.1212E+05,0.6558E+04,0.7414E+04,0.1518E+04,0.2515E+03,0.3372E+03,0.1549E+05,0.5886E+03,0.7391E+04,
   63,1992,  12,0.0000E+00,0.0000E+00,0.0000E+00,0.0000E+00,0.0000E+00,0.0000E+00,0.0000E+00,0.0000E+00,0.0000E+00,0.0000E+00,0.0000E+00,
   59,1992,  12,0.1746E+00,0.6784E+02,0.2080E+03,0.3241E+03,0.4070E+01,0.4447E+02,0.2412E+01,0.2337E+02,0.3726E+03,0.2578E+02,0.2955E+03,
   55,1992,  12,0.5168E-01,0.2126E+02,0.2484E+02,0.5905E+01,0.2302E+02,0.5743E+01,0.4408E+00,0.3857E+01,0.3466E+02,0.4298E+01,0.2642E+02,
   65,1992,  12,0.1198E+00,0.6711E+02,0.8297E+02,0.5673E+02,0.1134E+03,0.5283E+02,0.7062E+01,0.2035E+02,0.2230E+03,0.2741E+02,0.1708E+03,
   32,1992,  12,0.6937E+00,0.5082E+03,0.8853E+02,0.2031E+02,0.7104E+03,0.5922E+02,0.7954E+01,0.4669E+02,0.7899E+03,0.5464E+02,0.2149E+03,
   53,1992,  12,0.1832E-01,0.1384E+02,0.9369E+01,0.8454E+01,0.8581E+01,0.1852E+01,0.5767E+00,0.1704E+01,0.1889E+02,0.2281E+01,0.1386E+02,
   47,1992,  12,0.0000E+00,0.0000E+00,0.0000E+00,0.0000E+00,0.0000E+00,0.0000E+00,0.0000E+00,0.0000E+00,0.0000E+00,0.0000E+00,0.0000E+00,
   81,1992,  12,0.0000E+00,0.0000E+00,0.0000E+00,0.0000E+00,0.0000E+00,0.0000E+00,0.0000E+00,0.0000E+00,0.0000E+00,0.0000E+00,0.0000E+00,
   82,1992,  12,0.4383E-01,0.3028E+02,0.0000E+00,0.0000E+00,0.0000E+00,0.1892E+01,0.0000E+00,0.1892E+02,0.1892E+01,0.1892E+02,0.3028E+02,
   79,1992,  12,0.3454E-02,0.1789E+01,0.8947E+01,0.2672E+01,0.1002E+00,0.5677E+00,0.5190E+00,0.1270E+01,0.3340E+01,0.1789E+01,0.4474E+01,
   77,1992,  12,0.2290E+00,0.8946E+02,0.1319E+03,0.8717E+02,0.7088E+02,0.4480E+02,0.2600E+01,0.4247E+02,0.2028E+03,0.4507E+02,0.3725E+03,
   85,1992,  12,0.2141E+00,0.1650E+03,0.4435E+03,0.2394E+03,0.4407E+02,0.5374E+02,0.9158E+01,0.2743E+02,0.3372E+03,0.3659E+02,0.3712E+03,
   52,1992,  12,0.0000E+00,0.0000E+00,0.0000E+00,0.0000E+00,0.0000E+00,0.0000E+00,0.0000E+00,0.0000E+00,0.0000E+00,0.0000E+00,0.0000E+00,
   56,1992,  12,0.0000E+00,0.0000E+00,0.0000E+00,0.0000E+00,0.0000E+00,0.0000E+00,0.0000E+00,0.0000E+00,0.0000E+00,0.0000E+00,0.0000E+00,
   87,1992,  12,0.0000E+00,0.0000E+00,0.0000E+00,0.0000E+00,0.0000E+00,0.0000E+00,0.0000E+00,0.0000E+00,0.0000E+00,0.0000E+00,0.0000E+00,
   44,1992,  12,0.0000E+00,0.0000E+00,0.0000E+00,0.0000E+00,0.0000E+00,0.0000E+00,0.0000E+00,0.0000E+00,0.0000E+00,0.0000E+00,0.0000E+00,
   41,1992,  12,0.0000E+00,0.0000E+00,0.0000E+00,0.0000E+00,0.0000E+00,0.0000E+00,0.0000E+00,0.0000E+00,0.0000E+00,0.0000E+00,0.0000E+00,
   49,1992,  12,0.2060E-02,0.8894E+00,0.2933E+01,0.2403E+01,0.2722E+00,0.5265E+00,0.8539E-01,0.4483E+00,0.3202E+01,0.5337E+00,0.2036E+01,
   91,1992,  12,0.5306E-01,0.2532E+02,0.2860E+02,0.3172E+02,0.3336E+02,0.9236E+01,0.1442E+01,0.6441E+01,0.7432E+02,0.7883E+01,0.5359E+02,
   51,1992,  12,0.2937E-02,0.1268E+01,0.3297E+01,0.3426E+01,0.3880E+00,0.7505E+00,0.1217E+00,0.6390E+00,0.4564E+01,0.7607E+00,0.3804E+01,
   68,1992,  12,0.0000E+00,0.0000E+00,0.0000E+00,0.0000E+00,0.0000E+00,0.0000E+00,0.0000E+00,0.0000E+00,0.0000E+00,0.0000E+00,0.0000E+00,
   54,1992,  12,0.1324E+00,0.7887E+02,0.2629E+03,0.1943E+03,0.3052E+02,0.5029E+02,0.1383E+02,0.3326E+02,0.2751E+03,0.4709E+02,0.2172E+03,
   33,1992,  12,0.0000E+00,0.0000E+00,0.0000E+00,0.0000E+00,0.0000E+00,0.0000E+00,0.0000E+00,0.0000E+00,0.0000E+00,0.0000E+00,0.0000E+00,
   80,1992,  12,0.0000E+00,0.0000E+00,0.0000E+00,0.0000E+00,0.0000E+00,0.0000E+00,0.0000E+00,0.0000E+00,0.0000E+00,0.0000E+00,0.0000E+00,
   50,1992,  12,0.0000E+00,0.0000E+00,0.0000E+00,0.0000E+00,0.0000E+00,0.0000E+00,0.0000E+00,0.0000E+00,0.0000E+00,0.0000E+00,0.0000E+00,
   58,1992,  12,0.5967E-01,0.3588E+02,0.2580E+02,0.2253E+01,0.2282E+02,0.7339E+01,0.5262E+00,0.8463E+00,0.3242E+02,0.1373E+01,0.2291E+02,
   17,1992,  12,0.8996E-01,0.4364E+02,0.8975E+02,0.2791E+02,0.5182E+02,0.2908E+02,0.4519E+01,0.1922E+02,0.1088E+03,0.2374E+02,0.1295E+03,
   95,1992,  12,0.9613E-02,0.4152E+01,0.9631E+01,0.1120E+02,0.1275E+01,0.2454E+01,0.2175E+00,0.1136E+01,0.1493E+02,0.1353E+01,0.1750E+02,
   90,1992,  12,0.0000E+00,0.0000E+00,0.0000E+00,0.0000E+00,0.0000E+00,0.0000E+00,0.0000E+00,0.0000E+00,0.0000E+00,0.0000E+00,0.0000E+00,
   15,1992,  12,0.0000E+00,0.0000E+00,0.0000E+00,0.0000E+00,0.0000E+00,0.0000E+00,0.0000E+00,0.0000E+00,0.0000E+00,0.0000E+00,0.0000E+00,
   14,1992,  12,0.3025E-01,0.1296E+02,0.1756E+02,0.1905E+02,0.1651E+03,0.1668E+02,0.7523E+01,0.1838E+02,0.2009E+03,0.2590E+02,0.2008E+02,
   31,1992,  12,0.4115E+00,0.2059E+03,0.6840E+03,0.3856E+03,0.2848E+02,0.8306E+02,0.2199E+02,0.5120E+02,0.4972E+03,0.7319E+02,0.8883E+03,
   12,1992,  12,0.1746E-01,0.7543E+01,0.3219E+02,0.1533E+02,0.1302E+02,0.4404E+01,0.1424E+01,0.3486E+01,0.3275E+02,0.4909E+01,0.6505E+02,
   23,1992,  12,0.1407E-01,0.5496E+01,0.5113E+01,0.9827E+00,0.1645E+01,0.3343E+00,0.1110E+00,0.2648E+00,0.2962E+01,0.3758E+00,0.6519E+02,
   25,1992,  12,0.8771E+01,0.6666E+04,0.1473E+05,0.1292E+05,0.2841E+04,0.2984E+04,0.3766E+03,0.7835E+03,0.1875E+05,0.1160E+04,0.2184E+05,
   18,1992,  12,0.2063E-01,0.1053E+02,0.1932E+02,0.1497E+02,0.1262E+02,0.4108E+01,0.1095E+01,0.2628E+01,0.3170E+02,0.3723E+01,0.3789E+02,
    4,1992,  12,0.4350E-01,0.1718E+02,0.5356E+01,0.2615E+01,0.4096E+01,0.8629E+00,0.3221E+00,0.8590E+00,0.7574E+01,0.1181E+01,0.1320E+03,
   74,1992,  12,0.7991E+00,0.3468E+03,0.1481E+04,0.3676E+02,0.6773E+01,0.8258E+03,0.3168E+02,0.6495E+02,0.8693E+03,0.9663E+02,0.2040E+04,
   73,1992,  12,0.1227E-03,0.4769E-01,0.3179E+00,0.4993E+00,0.6062E+01,0.5706E+00,0.2257E+00,0.5267E+00,0.7132E+01,0.7524E+00,0.9481E+00,
   69,1992,  12,0.1812E-01,0.7040E+01,0.7444E+01,0.1999E+01,0.2408E+02,0.2270E+01,0.9261E+00,0.2161E+01,0.2835E+02,0.3087E+01,0.7343E+01,
   20,1992,  12,0.8618E+00,0.4207E+03,0.1507E+04,0.1215E+04,0.8426E+03,0.3191E+03,0.9129E+02,0.2234E+03,0.2377E+04,0.3147E+03,0.1887E+04,
   36,1992,  12,0.0000E+00,0.0000E+00,0.0000E+00,0.0000E+00,0.0000E+00,0.0000E+00,0.0000E+00,0.0000E+00,0.0000E+00,0.0000E+00,0.0000E+00,
   16,1992,  12,0.3879E-03,0.1544E+00,0.1005E+01,0.1598E+01,0.1806E+02,0.1723E+01,0.6771E+00,0.1580E+01,0.2139E+02,0.2258E+01,0.2559E+01,
   26,1992,  12,0.3273E-01,0.1622E+02,0.2043E+02,0.1180E+02,0.3972E+02,0.5622E+01,0.8145E+00,0.1976E+01,0.5715E+02,0.2791E+01,0.4992E+02,
   30,1992,  12,0.4543E-02,0.1931E+01,0.9877E+01,0.5278E+01,0.4045E+01,0.1474E+01,0.3890E+00,0.9522E+00,0.1080E+02,0.1341E+01,0.1017E+02,
   66,1992,  12,0.0000E+00,0.0000E+00,0.0000E+00,0.0000E+00,0.0000E+00,0.0000E+00,0.0000E+00,0.0000E+00,0.0000E+00,0.0000E+00,0.0000E+00,
   24,1992,  12,0.1758E-02,0.7590E+00,0.4554E+01,0.2271E+01,0.8516E-01,0.4825E+00,0.1101E+00,0.2695E+00,0.2839E+01,0.3795E+00,0.3795E+01,
   10,1992,  12,0.3731E+01,0.1611E+04,0.8777E+03,0.4849E+03,0.9701E+02,0.1091E+03,0.2350E+02,0.5706E+02,0.6910E+03,0.8055E+02,0.9636E+04,
   19,1992,  12,0.3110E+01,0.1286E+04,0.4554E+04,0.2824E+04,0.3554E+03,0.6255E+03,0.1307E+03,0.2870E+03,0.3805E+04,0.4176E+03,0.5950E+04,
   11,1992,  12,0.7383E+00,0.3363E+03,0.1244E+04,0.1072E+04,0.4363E+02,0.2281E+03,0.3429E+02,0.6969E+02,0.1344E+04,0.1040E+03,0.1565E+04,
    0,1992,  12,0.5957E-02,0.2315E+01,0.6498E+01,0.2479E+00,0.3010E+01,0.2832E+00,0.1417E+00,0.3305E+00,0.3541E+01,0.4722E+00,0.1301E-02,
   62,1992,  12,0.0000E+00,0.0000E+00,0.0000E+00,0.0000E+00,0.0000E+00,0.0000E+00,0.0000E+00,0.0000E+00,0.0000E+00,0.0000E+00,0.0000E+00,
