   92,1997,   1,0.3932E-01,0.3323E+02,0.6764E+02,0.4204E+02,0.7726E+01,0.1142E+02,0.2173E+01,0.9583E+01,0.6118E+02,0.1176E+02,0.8232E+02,
   61,1997,   1,0.8422E+00,0.6953E+03,0.2316E+03,0.9228E+03,0.4207E+03,0.1368E+03,0.6861E+01,0.6318E+02,0.1480E+04,0.7004E+02,0.8152E+03,
   86,1997,   1,0.2297E+00,0.1009E+04,0.3949E+03,0.1902E+03,0.2234E+03,0.7681E+02,0.1288E+02,0.6170E+02,0.4905E+03,0.7458E+02,0.2045E+04,
   34,1997,   1,0.2235E+02,0.1450E+05,0.3509E+04,0.6859E+04,0.1155E+05,0.2533E+04,0.4736E+02,0.1234E+03,0.2094E+05,0.1707E+03,0.1529E+05,
   64,1997,   1,0.1223E+02,0.8692E+04,0.7965E+04,0.6140E+04,0.5497E+04,0.2102E+04,0.2016E+03,0.2884E+03,0.1374E+05,0.4900E+03,0.1319E+05,
   63,1997,   1,0.0000E+00,0.0000E+00,0.0000E+00,0.0000E+00,0.0000E+00,0.0000E+00,0.0000E+00,0.0000E+00,0.0000E+00,0.0000E+00,0.0000E+00,
   59,1997,   1,0.2012E+00,0.1546E+03,0.4014E+03,0.2210E+03,0.5734E+02,0.8913E+02,0.8341E+01,0.9209E+01,0.3675E+03,0.1755E+02,0.2554E+03,
   55,1997,   1,0.5327E-01,0.4622E+02,0.1790E+02,0.1294E+02,0.2706E+02,0.3310E+01,0.4924E+00,0.2674E+01,0.4331E+02,0.3167E+01,0.1495E+02,
   65,1997,   1,0.1655E+00,0.1470E+03,0.1323E+03,0.2003E+03,0.1277E+03,0.7023E+02,0.5491E+01,0.3541E+02,0.3983E+03,0.4091E+02,0.2193E+03,
   32,1997,   1,0.7755E+00,0.6286E+03,0.1245E+03,0.1943E+02,0.9006E+03,0.5856E+02,0.8669E+01,0.4538E+02,0.9785E+03,0.5405E+02,0.1640E+03,
   53,1997,   1,0.1927E-01,0.1377E+02,0.7138E+01,0.6442E+01,0.1032E+02,0.3695E+01,0.6252E+00,0.5978E+00,0.2046E+02,0.1223E+01,0.7813E+01,
   47,1997,   1,0.0000E+00,0.0000E+00,0.0000E+00,0.0000E+00,0.0000E+00,0.0000E+00,0.0000E+00,0.0000E+00,0.0000E+00,0.0000E+00,0.0000E+00,
   81,1997,   1,0.0000E+00,0.0000E+00,0.0000E+00,0.0000E+00,0.0000E+00,0.0000E+00,0.0000E+00,0.0000E+00,0.0000E+00,0.0000E+00,0.0000E+00,
   82,1997,   1,0.4383E-01,0.3028E+02,0.0000E+00,0.0000E+00,0.0000E+00,0.1892E+01,0.0000E+00,0.1892E+02,0.1892E+01,0.1892E+02,0.3028E+02,
   79,1997,   1,0.3454E-02,0.1789E+01,0.8947E+01,0.2672E+01,0.1002E+00,0.5677E+00,0.5190E+00,0.1270E+01,0.3340E+01,0.1789E+01,0.4474E+01,
   77,1997,   1,0.4040E+00,0.2772E+03,0.5758E+03,0.1691E+03,0.4999E+02,0.1058E+03,0.2424E+02,0.2443E+02,0.3249E+03,0.4867E+02,0.1353E+04,
   85,1997,   1,0.2740E+00,0.1977E+03,0.7890E+03,0.3784E+03,0.8778E+02,0.1437E+03,0.2465E+02,0.2050E+02,0.6098E+03,0.4514E+02,0.7858E+03,
   52,1997,   1,0.0000E+00,0.0000E+00,0.0000E+00,0.0000E+00,0.0000E+00,0.0000E+00,0.0000E+00,0.0000E+00,0.0000E+00,0.0000E+00,0.0000E+00,
   56,1997,   1,0.4823E-02,0.1874E+01,0.1791E+02,0.5830E+00,0.4581E+00,0.2290E+01,0.3332E+00,0.8329E-01,0.3331E+01,0.4165E+00,0.5414E+02,
   87,1997,   1,0.0000E+00,0.0000E+00,0.0000E+00,0.0000E+00,0.0000E+00,0.0000E+00,0.0000E+00,0.0000E+00,0.0000E+00,0.0000E+00,0.0000E+00,
   44,1997,   1,0.0000E+00,0.0000E+00,0.0000E+00,0.0000E+00,0.0000E+00,0.0000E+00,0.0000E+00,0.0000E+00,0.0000E+00,0.0000E+00,0.0000E+00,
   41,1997,   1,0.0000E+00,0.0000E+00,0.0000E+00,0.0000E+00,0.0000E+00,0.0000E+00,0.0000E+00,0.0000E+00,0.0000E+00,0.0000E+00,0.0000E+00,
   49,1997,   1,0.1578E-02,0.9840E+00,0.1011E+01,0.1841E+01,0.2085E+00,0.4033E+00,0.6540E-01,0.3434E+00,0.2453E+01,0.4088E+00,0.1620E+01,
   91,1997,   1,0.4052E-01,0.2229E+02,0.1325E+02,0.1655E+02,0.3150E+02,0.4826E+01,0.5682E+01,0.2582E+01,0.5288E+02,0.8265E+01,0.4290E+02,
   51,1997,   1,0.4120E-02,0.3024E+01,0.6760E+01,0.4806E+01,0.5443E+00,0.1053E+01,0.1708E+00,0.8965E+00,0.6404E+01,0.1067E+01,0.3913E+01,
   68,1997,   1,0.0000E+00,0.0000E+00,0.0000E+00,0.0000E+00,0.0000E+00,0.0000E+00,0.0000E+00,0.0000E+00,0.0000E+00,0.0000E+00,0.0000E+00,
   54,1997,   1,0.1503E+00,0.1064E+03,0.3127E+03,0.1362E+03,0.8187E+02,0.5189E+02,0.6617E+01,0.3062E+02,0.2700E+03,0.3724E+02,0.2647E+03,
   33,1997,   1,0.0000E+00,0.0000E+00,0.0000E+00,0.0000E+00,0.0000E+00,0.0000E+00,0.0000E+00,0.0000E+00,0.0000E+00,0.0000E+00,0.0000E+00,
   80,1997,   1,0.0000E+00,0.0000E+00,0.0000E+00,0.0000E+00,0.0000E+00,0.0000E+00,0.0000E+00,0.0000E+00,0.0000E+00,0.0000E+00,0.0000E+00,
   50,1997,   1,0.0000E+00,0.0000E+00,0.0000E+00,0.0000E+00,0.0000E+00,0.0000E+00,0.0000E+00,0.0000E+00,0.0000E+00,0.0000E+00,0.0000E+00,
   58,1997,   1,0.5892E-01,0.3760E+02,0.2007E+02,0.2544E+01,0.3839E+02,0.6036E+01,0.2245E+00,0.9655E+00,0.4697E+02,0.1190E+01,0.2364E+02,
   17,1997,   1,0.1572E+00,0.9434E+02,0.3378E+03,0.2856E+02,0.9178E+02,0.6281E+02,0.2062E+02,0.1086E+02,0.1831E+03,0.3148E+02,0.9786E+03,
   95,1997,   1,0.9964E-02,0.9079E+01,0.1058E+02,0.8937E+01,0.4578E+01,0.1958E+01,0.2134E+00,0.1141E+01,0.1547E+02,0.1354E+01,0.2436E+02,
   90,1997,   1,0.0000E+00,0.0000E+00,0.0000E+00,0.0000E+00,0.0000E+00,0.0000E+00,0.0000E+00,0.0000E+00,0.0000E+00,0.0000E+00,0.0000E+00,
   15,1997,   1,0.0000E+00,0.0000E+00,0.0000E+00,0.0000E+00,0.0000E+00,0.0000E+00,0.0000E+00,0.0000E+00,0.0000E+00,0.0000E+00,0.0000E+00,
   14,1997,   1,0.4259E-01,0.1838E+02,0.3555E+02,0.3653E+02,0.3920E+03,0.3779E+02,0.2554E+02,0.6248E+02,0.4663E+03,0.8802E+02,0.4478E+02,
   31,1997,   1,0.6224E+00,0.2836E+03,0.9097E+03,0.3629E+03,0.3326E+02,0.8052E+02,0.1839E+02,0.5446E+02,0.4766E+03,0.7285E+02,0.1253E+04,
   12,1997,   1,0.1529E-01,0.6304E+01,0.2307E+02,0.1216E+02,0.1291E+02,0.3730E+01,0.1125E+01,0.2756E+01,0.2879E+02,0.3881E+01,0.5263E+02,
   23,1997,   1,0.1415E-01,0.5533E+01,0.5315E+01,0.1060E+01,0.1648E+01,0.3508E+00,0.1197E+00,0.2861E+00,0.3059E+01,0.4058E+00,0.6532E+02,
   25,1997,   1,0.9460E+01,0.6229E+04,0.1531E+05,0.9845E+04,0.2580E+04,0.2290E+04,0.2630E+03,0.5375E+03,0.1471E+05,0.8005E+03,0.2279E+05,
   18,1997,   1,0.2260E-01,0.1062E+02,0.1699E+02,0.7493E+01,0.1234E+02,0.2518E+01,0.1030E+01,0.2302E+01,0.2235E+02,0.3333E+01,0.4215E+02,
    4,1997,   1,0.4385E-01,0.1713E+02,0.5964E+01,0.2268E+01,0.4083E+01,0.7891E+00,0.3268E+00,0.8228E+00,0.7140E+01,0.1150E+01,0.1328E+03,
   74,1997,   1,0.8912E+00,0.3837E+03,0.1645E+04,0.5463E+02,0.7999E+01,0.8783E+03,0.3556E+02,0.7318E+02,0.9409E+03,0.1087E+03,0.2264E+04,
   73,1997,   1,0.1227E-03,0.4769E-01,0.3179E+00,0.4993E+00,0.6062E+01,0.5706E+00,0.2257E+00,0.5267E+00,0.7132E+01,0.7524E+00,0.9481E+00,
   69,1997,   1,0.1812E-01,0.7041E+01,0.7446E+01,0.2000E+01,0.2408E+02,0.2270E+01,0.9262E+00,0.2161E+01,0.2835E+02,0.3087E+01,0.7345E+01,
   20,1997,   1,0.8993E+00,0.3924E+03,0.1407E+04,0.1012E+04,0.7973E+03,0.3212E+03,0.3574E+02,0.7868E+02,0.2130E+04,0.1144E+03,0.2002E+04,
   36,1997,   1,0.0000E+00,0.0000E+00,0.0000E+00,0.0000E+00,0.0000E+00,0.0000E+00,0.0000E+00,0.0000E+00,0.0000E+00,0.0000E+00,0.0000E+00,
   16,1997,   1,0.3923E-03,0.1563E+00,0.1016E+01,0.1603E+01,0.1807E+02,0.1724E+01,0.6774E+00,0.1581E+01,0.2139E+02,0.2259E+01,0.2568E+01,
   26,1997,   1,0.3298E-01,0.1633E+02,0.2107E+02,0.1212E+02,0.3974E+02,0.5689E+01,0.8298E+00,0.2014E+01,0.5754E+02,0.2844E+01,0.5045E+02,
   30,1997,   1,0.4486E-02,0.1906E+01,0.9880E+01,0.5203E+01,0.4042E+01,0.1458E+01,0.3860E+00,0.9448E+00,0.1070E+02,0.1331E+01,0.1004E+02,
   66,1997,   1,0.0000E+00,0.0000E+00,0.0000E+00,0.0000E+00,0.0000E+00,0.0000E+00,0.0000E+00,0.0000E+00,0.0000E+00,0.0000E+00,0.0000E+00,
   24,1997,   1,0.1854E-02,0.8004E+00,0.4802E+01,0.2395E+01,0.8980E-01,0.5088E+00,0.1161E+00,0.2841E+00,0.2993E+01,0.4002E+00,0.4002E+01,
   10,1997,   1,0.3083E+01,0.1314E+04,0.1339E+04,0.5573E+03,0.2320E+03,0.1346E+03,0.2045E+02,0.4174E+02,0.9240E+03,0.6219E+02,0.7914E+04,
   19,1997,   1,0.3491E+01,0.1509E+04,0.5155E+04,0.2842E+04,0.4236E+03,0.6325E+03,0.1169E+03,0.2471E+03,0.3898E+04,0.3640E+03,0.6738E+04,
   11,1997,   1,0.8461E+00,0.3643E+03,0.1430E+04,0.1480E+04,0.5893E+02,0.3148E+03,0.2369E+02,0.4816E+02,0.1854E+04,0.7186E+02,0.1798E+04,
    0,1997,   1,0.5957E-02,0.2315E+01,0.6498E+01,0.2479E+00,0.3010E+01,0.2832E+00,0.1417E+00,0.3305E+00,0.3541E+01,0.4722E+00,0.1301E-02,
   62,1997,   1,0.0000E+00,0.0000E+00,0.0000E+00,0.0000E+00,0.0000E+00,0.0000E+00,0.0000E+00,0.0000E+00,0.0000E+00,0.0000E+00,0.0000E+00,
   92,1997,   2,0.4861E-01,0.4929E+02,0.8653E+02,0.5312E+02,0.8829E+01,0.1431E+02,0.2573E+01,0.1169E+02,0.7627E+02,0.1427E+02,0.1997E+03,
   61,1997,   2,0.8604E+00,0.7207E+03,0.7763E+03,0.1029E+04,0.3310E+03,0.1731E+03,0.2331E+02,0.4173E+02,0.1533E+04,0.6504E+02,0.8047E+03,
   86,1997,   2,0.1932E+00,0.1017E+04,0.4330E+03,0.2445E+03,0.2214E+03,0.6026E+02,0.1641E+02,0.5648E+02,0.5262E+03,0.7289E+02,0.1651E+04,
   34,1997,   2,0.2349E+02,0.1382E+05,0.4215E+04,0.7149E+04,0.1315E+05,0.2629E+04,0.5375E+02,0.1218E+03,0.2293E+05,0.1755E+03,0.1640E+05,
   64,1997,   2,0.1335E+02,0.9598E+04,0.9047E+04,0.7396E+04,0.4198E+04,0.2873E+04,0.2011E+03,0.2333E+03,0.1447E+05,0.4344E+03,0.1152E+05,
   63,1997,   2,0.0000E+00,0.0000E+00,0.0000E+00,0.0000E+00,0.0000E+00,0.0000E+00,0.0000E+00,0.0000E+00,0.0000E+00,0.0000E+00,0.0000E+00,
   59,1997,   2,0.2110E+00,0.1639E+03,0.2423E+03,0.5556E+02,0.2842E+02,0.2823E+02,0.4008E+01,0.1639E+02,0.1122E+03,0.2040E+02,0.2168E+03,
   55,1997,   2,0.6023E-01,0.5027E+02,0.1430E+02,0.1164E+01,0.2227E+02,0.5470E+01,0.9725E+00,0.2320E+01,0.2890E+02,0.3292E+01,0.2133E+02,
   65,1997,   2,0.1755E+00,0.1605E+03,0.1243E+03,0.1869E+03,0.1224E+03,0.7069E+02,0.5234E+01,0.3648E+02,0.3800E+03,0.4172E+02,0.2777E+03,
   32,1997,   2,0.8246E+00,0.6769E+03,0.1330E+03,0.2022E+02,0.1037E+04,0.6199E+02,0.1390E+02,0.4817E+02,0.1119E+04,0.6208E+02,0.1696E+03,
   53,1997,   2,0.2169E-01,0.1560E+02,0.9093E+01,0.3010E+01,0.5486E+01,0.3833E+01,0.4001E+00,0.5854E+00,0.1233E+02,0.9855E+00,0.9075E+01,
   47,1997,   2,0.0000E+00,0.0000E+00,0.0000E+00,0.0000E+00,0.0000E+00,0.0000E+00,0.0000E+00,0.0000E+00,0.0000E+00,0.0000E+00,0.0000E+00,
   81,1997,   2,0.0000E+00,0.0000E+00,0.0000E+00,0.0000E+00,0.0000E+00,0.0000E+00,0.0000E+00,0.0000E+00,0.0000E+00,0.0000E+00,0.0000E+00,
   82,1997,   2,0.4383E-01,0.3028E+02,0.0000E+00,0.0000E+00,0.0000E+00,0.1892E+01,0.0000E+00,0.1892E+02,0.1892E+01,0.1892E+02,0.3028E+02,
   79,1997,   2,0.3454E-02,0.1789E+01,0.8947E+01,0.2672E+01,0.1002E+00,0.5677E+00,0.5190E+00,0.1270E+01,0.3340E+01,0.1789E+01,0.4474E+01,
   77,1997,   2,0.3245E+00,0.2349E+03,0.2390E+03,0.1175E+03,0.2148E+02,0.4966E+02,0.2652E+02,0.2777E+02,0.1887E+03,0.5430E+02,0.3568E+03,
   85,1997,   2,0.2244E+00,0.1712E+03,0.5412E+03,0.3525E+03,0.8019E+02,0.1185E+03,0.1607E+02,0.1920E+02,0.5512E+03,0.3527E+02,0.2989E+03,
   52,1997,   2,0.0000E+00,0.0000E+00,0.0000E+00,0.0000E+00,0.0000E+00,0.0000E+00,0.0000E+00,0.0000E+00,0.0000E+00,0.0000E+00,0.0000E+00,
   56,1997,   2,0.0000E+00,0.0000E+00,0.0000E+00,0.0000E+00,0.0000E+00,0.0000E+00,0.0000E+00,0.0000E+00,0.0000E+00,0.0000E+00,0.0000E+00,
   87,1997,   2,0.0000E+00,0.0000E+00,0.0000E+00,0.0000E+00,0.0000E+00,0.0000E+00,0.0000E+00,0.0000E+00,0.0000E+00,0.0000E+00,0.0000E+00,
   44,1997,   2,0.0000E+00,0.0000E+00,0.0000E+00,0.0000E+00,0.0000E+00,0.0000E+00,0.0000E+00,0.0000E+00,0.0000E+00,0.0000E+00,0.0000E+00,
   41,1997,   2,0.0000E+00,0.0000E+00,0.0000E+00,0.0000E+00,0.0000E+00,0.0000E+00,0.0000E+00,0.0000E+00,0.0000E+00,0.0000E+00,0.0000E+00,
   49,1997,   2,0.1183E-02,0.1001E+01,0.8516E+00,0.1381E+01,0.1563E+00,0.3025E+00,0.4905E-01,0.2575E+00,0.1839E+01,0.3066E+00,0.1378E+01,
   91,1997,   2,0.4543E-01,0.2475E+02,0.1912E+02,0.2207E+02,0.3207E+02,0.5614E+01,0.7726E+01,0.3213E+01,0.5976E+02,0.1094E+02,0.4732E+02,
   51,1997,   2,0.3901E-02,0.2358E+01,0.7411E+01,0.4551E+01,0.5154E+00,0.9969E+00,0.1617E+00,0.8488E+00,0.6063E+01,0.1011E+01,0.6400E+01,
   68,1997,   2,0.0000E+00,0.0000E+00,0.0000E+00,0.0000E+00,0.0000E+00,0.0000E+00,0.0000E+00,0.0000E+00,0.0000E+00,0.0000E+00,0.0000E+00,
   54,1997,   2,0.1601E+00,0.1120E+03,0.2807E+03,0.1742E+03,0.6871E+02,0.3110E+02,0.7605E+01,0.3373E+02,0.2740E+03,0.4134E+02,0.2378E+03,
   33,1997,   2,0.0000E+00,0.0000E+00,0.0000E+00,0.0000E+00,0.0000E+00,0.0000E+00,0.0000E+00,0.0000E+00,0.0000E+00,0.0000E+00,0.0000E+00,
   80,1997,   2,0.0000E+00,0.0000E+00,0.0000E+00,0.0000E+00,0.0000E+00,0.0000E+00,0.0000E+00,0.0000E+00,0.0000E+00,0.0000E+00,0.0000E+00,
   50,1997,   2,0.0000E+00,0.0000E+00,0.0000E+00,0.0000E+00,0.0000E+00,0.0000E+00,0.0000E+00,0.0000E+00,0.0000E+00,0.0000E+00,0.0000E+00,
   58,1997,   2,0.7396E-01,0.4675E+02,0.3399E+02,0.2829E+01,0.4511E+02,0.1079E+02,0.6634E+00,0.9740E+00,0.5872E+02,0.1637E+01,0.3605E+02,
   17,1997,   2,0.9326E-01,0.6636E+02,0.8015E+02,0.2302E+02,0.2861E+02,0.2913E+02,0.3313E+01,0.1753E+02,0.8077E+02,0.2084E+02,0.2625E+03,
   95,1997,   2,0.1137E-01,0.9289E+01,0.1974E+02,0.1108E+02,0.4143E+01,0.2426E+01,0.2499E+00,0.1335E+01,0.1765E+02,0.1585E+01,0.3459E+02,
   90,1997,   2,0.0000E+00,0.0000E+00,0.0000E+00,0.0000E+00,0.0000E+00,0.0000E+00,0.0000E+00,0.0000E+00,0.0000E+00,0.0000E+00,0.0000E+00,
   15,1997,   2,0.0000E+00,0.0000E+00,0.0000E+00,0.0000E+00,0.0000E+00,0.0000E+00,0.0000E+00,0.0000E+00,0.0000E+00,0.0000E+00,0.0000E+00,
   14,1997,   2,0.4439E-01,0.1916E+02,0.3470E+02,0.3031E+02,0.3179E+03,0.3078E+02,0.2030E+02,0.4967E+02,0.3790E+03,0.6997E+02,0.4966E+02,
   31,1997,   2,0.6987E+00,0.3165E+03,0.9885E+03,0.3713E+03,0.3358E+02,0.8231E+02,0.2105E+02,0.6003E+02,0.4872E+03,0.8109E+02,0.1418E+04,
   12,1997,   2,0.1643E-01,0.6796E+01,0.2491E+02,0.1356E+02,0.1296E+02,0.4028E+01,0.1166E+01,0.2855E+01,0.3055E+02,0.4021E+01,0.5496E+02,
   23,1997,   2,0.1415E-01,0.5533E+01,0.5315E+01,0.1060E+01,0.1648E+01,0.3508E+00,0.1197E+00,0.2861E+00,0.3059E+01,0.4058E+00,0.6532E+02,
   25,1997,   2,0.1008E+02,0.6590E+04,0.1647E+05,0.1029E+05,0.1560E+04,0.2318E+04,0.2384E+03,0.4875E+03,0.1417E+05,0.7259E+03,0.2437E+05,
   18,1997,   2,0.2339E-01,0.1096E+02,0.2233E+02,0.8547E+01,0.1237E+02,0.2742E+01,0.1005E+01,0.2249E+01,0.2366E+02,0.3254E+01,0.4385E+02,
    4,1997,   2,0.4412E-01,0.1725E+02,0.6418E+01,0.2157E+01,0.4079E+01,0.7656E+00,0.3410E+00,0.8517E+00,0.7002E+01,0.1193E+01,0.1333E+03,
   74,1997,   2,0.8759E+00,0.3771E+03,0.1620E+04,0.6279E+02,0.9730E+01,0.8414E+03,0.3520E+02,0.7263E+02,0.9139E+03,0.1078E+03,0.2221E+04,
   73,1997,   2,0.1227E-03,0.4769E-01,0.3179E+00,0.4993E+00,0.6062E+01,0.5706E+00,0.2257E+00,0.5267E+00,0.7132E+01,0.7524E+00,0.9481E+00,
   69,1997,   2,0.1812E-01,0.7041E+01,0.7446E+01,0.2000E+01,0.2408E+02,0.2270E+01,0.9262E+00,0.2161E+01,0.2835E+02,0.3087E+01,0.7345E+01,
   20,1997,   2,0.9694E+00,0.4227E+03,0.1527E+04,0.9258E+03,0.6918E+03,0.2889E+03,0.3529E+02,0.7643E+02,0.1906E+04,0.1117E+03,0.2040E+04,
   36,1997,   2,0.0000E+00,0.0000E+00,0.0000E+00,0.0000E+00,0.0000E+00,0.0000E+00,0.0000E+00,0.0000E+00,0.0000E+00,0.0000E+00,0.0000E+00,
   16,1997,   2,0.3923E-03,0.1563E+00,0.1016E+01,0.1603E+01,0.1807E+02,0.1724E+01,0.6774E+00,0.1581E+01,0.2139E+02,0.2259E+01,0.2568E+01,
   26,1997,   2,0.3298E-01,0.1633E+02,0.2107E+02,0.1212E+02,0.3974E+02,0.5689E+01,0.8298E+00,0.2014E+01,0.5754E+02,0.2844E+01,0.5045E+02,
   30,1997,   2,0.4092E-02,0.1736E+01,0.9199E+01,0.4693E+01,0.4023E+01,0.1350E+01,0.3613E+00,0.8843E+00,0.1007E+02,0.1246E+01,0.9193E+01,
   66,1997,   2,0.0000E+00,0.0000E+00,0.0000E+00,0.0000E+00,0.0000E+00,0.0000E+00,0.0000E+00,0.0000E+00,0.0000E+00,0.0000E+00,0.0000E+00,
   24,1997,   2,0.1854E-02,0.8004E+00,0.4802E+01,0.2395E+01,0.8980E-01,0.5088E+00,0.1161E+00,0.2841E+00,0.2993E+01,0.4002E+00,0.4002E+01,
   10,1997,   2,0.3122E+01,0.1330E+04,0.1229E+04,0.6965E+03,0.1622E+03,0.1585E+03,0.2564E+02,0.5229E+02,0.1017E+04,0.7792E+02,0.8002E+04,
   19,1997,   2,0.3672E+01,0.1587E+04,0.5465E+04,0.2823E+04,0.4216E+03,0.6287E+03,0.1243E+03,0.2620E+03,0.3873E+04,0.3862E+03,0.7126E+04,
   11,1997,   2,0.8286E+00,0.3568E+03,0.1400E+04,0.1170E+04,0.4730E+02,0.2489E+03,0.4618E+02,0.9381E+02,0.1466E+04,0.1400E+03,0.1760E+04,
    0,1997,   2,0.5957E-02,0.2315E+01,0.6498E+01,0.2479E+00,0.3010E+01,0.2832E+00,0.1417E+00,0.3305E+00,0.3541E+01,0.4722E+00,0.1301E-02,
   62,1997,   2,0.0000E+00,0.0000E+00,0.0000E+00,0.0000E+00,0.0000E+00,0.0000E+00,0.0000E+00,0.0000E+00,0.0000E+00,0.0000E+00,0.0000E+00,
   92,1997,   3,0.3831E-01,0.2326E+02,0.9279E+02,0.4099E+02,0.7526E+01,0.1144E+02,0.2140E+01,0.9411E+01,0.5996E+02,0.1155E+02,0.1363E+03,
   61,1997,   3,0.8882E+00,0.7244E+03,0.6545E+03,0.8867E+03,0.3654E+03,0.1439E+03,0.1002E+02,0.4305E+02,0.1396E+04,0.5306E+02,0.6928E+03,
   86,1997,   3,0.1656E+00,0.1403E+04,0.4470E+03,0.2580E+03,0.3109E+03,0.6130E+02,0.2842E+02,0.5674E+02,0.6303E+03,0.8517E+02,0.2122E+04,
   34,1997,   3,0.2651E+02,0.1691E+05,0.1220E+05,0.6899E+04,0.1568E+05,0.3002E+04,0.2197E+03,0.1562E+03,0.2558E+05,0.3759E+03,0.3844E+05,
   64,1997,   3,0.1428E+02,0.9593E+04,0.9668E+04,0.7295E+04,0.4314E+04,0.2465E+04,0.2031E+03,0.2409E+03,0.1407E+05,0.4439E+03,0.1285E+05,
   63,1997,   3,0.0000E+00,0.0000E+00,0.0000E+00,0.0000E+00,0.0000E+00,0.0000E+00,0.0000E+00,0.0000E+00,0.0000E+00,0.0000E+00,0.0000E+00,
   59,1997,   3,0.2255E+00,0.1733E+03,0.1168E+03,0.1772E+02,0.1441E+02,0.1538E+02,0.1558E+01,0.7009E+01,0.4750E+02,0.8566E+01,0.1382E+03,
   55,1997,   3,0.5503E-01,0.4558E+02,0.1098E+02,0.1663E+01,0.1935E+02,0.5159E+01,0.1270E+01,0.2097E+01,0.2617E+02,0.3367E+01,0.1378E+02,
   65,1997,   3,0.1663E+00,0.1324E+03,0.9652E+02,0.8008E+02,0.8307E+02,0.6104E+02,0.4683E+01,0.1403E+02,0.2242E+03,0.1872E+02,0.2926E+03,
   32,1997,   3,0.8578E+00,0.6813E+03,0.2382E+03,0.2814E+02,0.6080E+03,0.5736E+02,0.8807E+01,0.5002E+02,0.6935E+03,0.5883E+02,0.1622E+03,
   53,1997,   3,0.2154E-01,0.1553E+02,0.9028E+01,0.4836E+01,0.5447E+01,0.3737E+01,0.6452E+00,0.6889E+00,0.1402E+02,0.1334E+01,0.7213E+01,
   47,1997,   3,0.0000E+00,0.0000E+00,0.0000E+00,0.0000E+00,0.0000E+00,0.0000E+00,0.0000E+00,0.0000E+00,0.0000E+00,0.0000E+00,0.0000E+00,
   81,1997,   3,0.0000E+00,0.0000E+00,0.0000E+00,0.0000E+00,0.0000E+00,0.0000E+00,0.0000E+00,0.0000E+00,0.0000E+00,0.0000E+00,0.0000E+00,
   82,1997,   3,0.4383E-01,0.3028E+02,0.0000E+00,0.0000E+00,0.0000E+00,0.1892E+01,0.0000E+00,0.1892E+02,0.1892E+01,0.1892E+02,0.3028E+02,
   79,1997,   3,0.3454E-02,0.1789E+01,0.8947E+01,0.2672E+01,0.1002E+00,0.5677E+00,0.5190E+00,0.1270E+01,0.3340E+01,0.1789E+01,0.4474E+01,
   77,1997,   3,0.3597E+00,0.2340E+03,0.1701E+03,0.1351E+03,0.4645E+02,0.4362E+02,0.1705E+03,0.3195E+02,0.2252E+03,0.2025E+03,0.2733E+03,
   85,1997,   3,0.2176E+00,0.1545E+03,0.5243E+03,0.3413E+03,0.7819E+02,0.1148E+03,0.1480E+02,0.1862E+02,0.5343E+03,0.3342E+02,0.3233E+03,
   52,1997,   3,0.0000E+00,0.0000E+00,0.0000E+00,0.0000E+00,0.0000E+00,0.0000E+00,0.0000E+00,0.0000E+00,0.0000E+00,0.0000E+00,0.0000E+00,
   56,1997,   3,0.0000E+00,0.0000E+00,0.0000E+00,0.0000E+00,0.0000E+00,0.0000E+00,0.0000E+00,0.0000E+00,0.0000E+00,0.0000E+00,0.0000E+00,
   87,1997,   3,0.0000E+00,0.0000E+00,0.0000E+00,0.0000E+00,0.0000E+00,0.0000E+00,0.0000E+00,0.0000E+00,0.0000E+00,0.0000E+00,0.0000E+00,
   44,1997,   3,0.1578E-02,0.8175E+00,0.4088E+01,0.8584E-01,0.7059E-01,0.2282E+01,0.2647E+00,0.6481E+00,0.2439E+01,0.9129E+00,0.2044E+01,
   41,1997,   3,0.0000E+00,0.0000E+00,0.0000E+00,0.0000E+00,0.0000E+00,0.0000E+00,0.0000E+00,0.0000E+00,0.0000E+00,0.0000E+00,0.0000E+00,
   49,1997,   3,0.1403E-02,0.1108E+01,0.1005E+01,0.1636E+01,0.1853E+00,0.3585E+00,0.5814E-01,0.3052E+00,0.2180E+01,0.3633E+00,0.1285E+01,
   91,1997,   3,0.4333E-01,0.2355E+02,0.1832E+02,0.1970E+02,0.3183E+02,0.5273E+01,0.6862E+01,0.2940E+01,0.5680E+02,0.9802E+01,0.4704E+02,
   51,1997,   3,0.4033E-02,0.2855E+01,0.7312E+01,0.4704E+01,0.5327E+00,0.1031E+01,0.1671E+00,0.8775E+00,0.6267E+01,0.1045E+01,0.8009E+01,
   68,1997,   3,0.0000E+00,0.0000E+00,0.0000E+00,0.0000E+00,0.0000E+00,0.0000E+00,0.0000E+00,0.0000E+00,0.0000E+00,0.0000E+00,0.0000E+00,
   54,1997,   3,0.1557E+00,0.1035E+03,0.2905E+03,0.1466E+03,0.7463E+02,0.4168E+02,0.6186E+01,0.3550E+02,0.2629E+03,0.4169E+02,0.2461E+03,
   33,1997,   3,0.0000E+00,0.0000E+00,0.0000E+00,0.0000E+00,0.0000E+00,0.0000E+00,0.0000E+00,0.0000E+00,0.0000E+00,0.0000E+00,0.0000E+00,
   80,1997,   3,0.0000E+00,0.0000E+00,0.0000E+00,0.0000E+00,0.0000E+00,0.0000E+00,0.0000E+00,0.0000E+00,0.0000E+00,0.0000E+00,0.0000E+00,
   50,1997,   3,0.0000E+00,0.0000E+00,0.0000E+00,0.0000E+00,0.0000E+00,0.0000E+00,0.0000E+00,0.0000E+00,0.0000E+00,0.0000E+00,0.0000E+00,
   58,1997,   3,0.7159E-01,0.4323E+02,0.2948E+02,0.3357E+02,0.1809E+02,0.1780E+02,0.4063E+00,0.1094E+01,0.6946E+02,0.1501E+01,0.2782E+02,
   17,1997,   3,0.1021E+00,0.7455E+02,0.1059E+03,0.2151E+02,0.4467E+02,0.3658E+02,0.2798E+01,0.2280E+02,0.1028E+03,0.2560E+02,0.2540E+03,
   95,1997,   3,0.1224E-01,0.8769E+01,0.1099E+02,0.1366E+02,0.2358E+01,0.2994E+01,0.1938E+00,0.1006E+01,0.1902E+02,0.1200E+01,0.2578E+02,
   90,1997,   3,0.0000E+00,0.0000E+00,0.0000E+00,0.0000E+00,0.0000E+00,0.0000E+00,0.0000E+00,0.0000E+00,0.0000E+00,0.0000E+00,0.0000E+00,
   15,1997,   3,0.0000E+00,0.0000E+00,0.0000E+00,0.0000E+00,0.0000E+00,0.0000E+00,0.0000E+00,0.0000E+00,0.0000E+00,0.0000E+00,0.0000E+00,
   14,1997,   3,0.4408E-01,0.1902E+02,0.3615E+02,0.3669E+02,0.3939E+03,0.3796E+02,0.1838E+02,0.4496E+02,0.4686E+03,0.6333E+02,0.5970E+02,
   31,1997,   3,0.6793E+00,0.3022E+03,0.1048E+04,0.4207E+03,0.3543E+02,0.9182E+02,0.2388E+02,0.5598E+02,0.5480E+03,0.7986E+02,0.1410E+04,
   12,1997,   3,0.1485E-01,0.6115E+01,0.2226E+02,0.1156E+02,0.1288E+02,0.3604E+01,0.1085E+01,0.2656E+01,0.2805E+02,0.3741E+01,0.5163E+02,
   23,1997,   3,0.1415E-01,0.5533E+01,0.5315E+01,0.1060E+01,0.1648E+01,0.3508E+00,0.1197E+00,0.2861E+00,0.3059E+01,0.4058E+00,0.6532E+02,
   25,1997,   3,0.1055E+02,0.6891E+04,0.1735E+05,0.1001E+05,0.2705E+04,0.2341E+04,0.2595E+03,0.5290E+03,0.1506E+05,0.7885E+03,0.2567E+05,
   18,1997,   3,0.2312E-01,0.1085E+02,0.2327E+02,0.8781E+01,0.1238E+02,0.2792E+01,0.1081E+01,0.2406E+01,0.2396E+02,0.3487E+01,0.4328E+02,
    4,1997,   3,0.4399E-01,0.1719E+02,0.6191E+01,0.2219E+01,0.4081E+01,0.7787E+00,0.3148E+00,0.7984E+00,0.7079E+01,0.1113E+01,0.1330E+03,
   74,1997,   3,0.8792E+00,0.3786E+03,0.1627E+04,0.6073E+02,0.9549E+01,0.7504E+03,0.3529E+02,0.7279E+02,0.8207E+03,0.1081E+03,0.2230E+04,
   73,1997,   3,0.1227E-03,0.4769E-01,0.3179E+00,0.4993E+00,0.6062E+01,0.5706E+00,0.2257E+00,0.5267E+00,0.7132E+01,0.7524E+00,0.9481E+00,
   69,1997,   3,0.1812E-01,0.7041E+01,0.7446E+01,0.2000E+01,0.2408E+02,0.2270E+01,0.9262E+00,0.2161E+01,0.2835E+02,0.3087E+01,0.7345E+01,
   20,1997,   3,0.9151E+00,0.3992E+03,0.1428E+04,0.1027E+04,0.6925E+03,0.3040E+03,0.2920E+02,0.6189E+02,0.2024E+04,0.9108E+02,0.1883E+04,
   36,1997,   3,0.0000E+00,0.0000E+00,0.0000E+00,0.0000E+00,0.0000E+00,0.0000E+00,0.0000E+00,0.0000E+00,0.0000E+00,0.0000E+00,0.0000E+00,
   16,1997,   3,0.3923E-03,0.1563E+00,0.1016E+01,0.1603E+01,0.1807E+02,0.1724E+01,0.6774E+00,0.1581E+01,0.2139E+02,0.2259E+01,0.2568E+01,
   26,1997,   3,0.3298E-01,0.1633E+02,0.2107E+02,0.1212E+02,0.3974E+02,0.5689E+01,0.8298E+00,0.2014E+01,0.5754E+02,0.2844E+01,0.5045E+02,
   30,1997,   3,0.4092E-02,0.1736E+01,0.9199E+01,0.4693E+01,0.4023E+01,0.1350E+01,0.3613E+00,0.8843E+00,0.1007E+02,0.1246E+01,0.9193E+01,
   66,1997,   3,0.0000E+00,0.0000E+00,0.0000E+00,0.0000E+00,0.0000E+00,0.0000E+00,0.0000E+00,0.0000E+00,0.0000E+00,0.0000E+00,0.0000E+00,
   24,1997,   3,0.1854E-02,0.8004E+00,0.4802E+01,0.2395E+01,0.8980E-01,0.5088E+00,0.1161E+00,0.2841E+00,0.2993E+01,0.4002E+00,0.4002E+01,
   10,1997,   3,0.3123E+01,0.1331E+04,0.1278E+04,0.8200E+03,0.2064E+03,0.1877E+03,0.3898E+02,0.7936E+02,0.1214E+04,0.1183E+03,0.8013E+04,
   19,1997,   3,0.3415E+01,0.1476E+04,0.5017E+04,0.2559E+04,0.4060E+03,0.5726E+03,0.1155E+03,0.2441E+03,0.3538E+04,0.3597E+03,0.6566E+04,
   11,1997,   3,0.8338E+00,0.3590E+03,0.1409E+04,0.1234E+04,0.4969E+02,0.2625E+03,0.4648E+02,0.9442E+02,0.1546E+04,0.1409E+03,0.1772E+04,
    0,1997,   3,0.5957E-02,0.2315E+01,0.6498E+01,0.2479E+00,0.3010E+01,0.2832E+00,0.1417E+00,0.3305E+00,0.3541E+01,0.4722E+00,0.1301E-02,
   62,1997,   3,0.0000E+00,0.0000E+00,0.0000E+00,0.0000E+00,0.0000E+00,0.0000E+00,0.0000E+00,0.0000E+00,0.0000E+00,0.0000E+00,0.0000E+00,
   92,1997,   4,0.2038E-01,0.1027E+02,0.3858E+02,0.1985E+02,0.5274E+01,0.6378E+01,0.1383E+01,0.5429E+01,0.3150E+02,0.6812E+01,0.4326E+02,
   61,1997,   4,0.8820E+00,0.6892E+03,0.6786E+03,0.8662E+03,0.4045E+03,0.1256E+03,0.2110E+02,0.3547E+02,0.1396E+04,0.5656E+02,0.8102E+03,
   86,1997,   4,0.1329E+00,0.1083E+04,0.3615E+03,0.1385E+03,0.2537E+03,0.6105E+02,0.1012E+02,0.3823E+02,0.4533E+03,0.4835E+02,0.1750E+04,
   34,1997,   4,0.2244E+02,0.1398E+05,0.4582E+04,0.6590E+04,0.1457E+05,0.2535E+04,0.6953E+02,0.2014E+03,0.2370E+05,0.2709E+03,0.1443E+05,
   64,1997,   4,0.1255E+02,0.8072E+04,0.8519E+04,0.7000E+04,0.4329E+04,0.2429E+04,0.1595E+03,0.2814E+03,0.1376E+05,0.4409E+03,0.1289E+05,
   63,1997,   4,0.0000E+00,0.0000E+00,0.0000E+00,0.0000E+00,0.0000E+00,0.0000E+00,0.0000E+00,0.0000E+00,0.0000E+00,0.0000E+00,0.0000E+00,
   59,1997,   4,0.2170E+00,0.1630E+03,0.1593E+03,0.3054E+02,0.1743E+02,0.1405E+02,0.5060E+01,0.7308E+01,0.6202E+02,0.1237E+02,0.9557E+02,
   55,1997,   4,0.4098E-01,0.3172E+02,0.8673E+01,0.7483E+00,0.2607E+02,0.3350E+01,0.6835E+00,0.2666E+01,0.3017E+02,0.3349E+01,0.1061E+02,
   65,1997,   4,0.1397E+00,0.9955E+02,0.1004E+03,0.6013E+02,0.9044E+02,0.5627E+02,0.6774E+01,0.1453E+02,0.2068E+03,0.2130E+02,0.1294E+03,
   32,1997,   4,0.7614E+00,0.5873E+03,0.1317E+03,0.1918E+02,0.1143E+03,0.4513E+02,0.3616E+01,0.3843E+02,0.1786E+03,0.4205E+02,0.1316E+03,
   53,1997,   4,0.2047E-01,0.1170E+02,0.6904E+01,0.3702E+01,0.5181E+01,0.2722E+01,0.6127E+00,0.6478E+00,0.1161E+02,0.1260E+01,0.8572E+01,
   47,1997,   4,0.0000E+00,0.0000E+00,0.0000E+00,0.0000E+00,0.0000E+00,0.0000E+00,0.0000E+00,0.0000E+00,0.0000E+00,0.0000E+00,0.0000E+00,
   81,1997,   4,0.0000E+00,0.0000E+00,0.0000E+00,0.0000E+00,0.0000E+00,0.0000E+00,0.0000E+00,0.0000E+00,0.0000E+00,0.0000E+00,0.0000E+00,
   82,1997,   4,0.4383E-01,0.3028E+02,0.0000E+00,0.0000E+00,0.0000E+00,0.1892E+01,0.0000E+00,0.1892E+02,0.1892E+01,0.1892E+02,0.3028E+02,
   79,1997,   4,0.3454E-02,0.1789E+01,0.8947E+01,0.2672E+01,0.1002E+00,0.5677E+00,0.5190E+00,0.1270E+01,0.3340E+01,0.1789E+01,0.4474E+01,
   77,1997,   4,0.3751E+00,0.2239E+03,0.2450E+03,0.9888E+02,0.5510E+02,0.9004E+02,0.2344E+03,0.2279E+02,0.2440E+03,0.2572E+03,0.3839E+03,
   85,1997,   4,0.2209E+00,0.1512E+03,0.5763E+03,0.3480E+03,0.7960E+02,0.1174E+03,0.1493E+02,0.1856E+02,0.5450E+03,0.3349E+02,0.3495E+03,
   52,1997,   4,0.0000E+00,0.0000E+00,0.0000E+00,0.0000E+00,0.0000E+00,0.0000E+00,0.0000E+00,0.0000E+00,0.0000E+00,0.0000E+00,0.0000E+00,
   56,1997,   4,0.0000E+00,0.0000E+00,0.0000E+00,0.0000E+00,0.0000E+00,0.0000E+00,0.0000E+00,0.0000E+00,0.0000E+00,0.0000E+00,0.0000E+00,
   87,1997,   4,0.0000E+00,0.0000E+00,0.0000E+00,0.0000E+00,0.0000E+00,0.0000E+00,0.0000E+00,0.0000E+00,0.0000E+00,0.0000E+00,0.0000E+00,
   44,1997,   4,0.1578E-02,0.8175E+00,0.4088E+01,0.8584E-01,0.7059E-01,0.2282E+01,0.2647E+00,0.6481E+00,0.2439E+01,0.9129E+00,0.2044E+01,
   41,1997,   4,0.0000E+00,0.0000E+00,0.0000E+00,0.0000E+00,0.0000E+00,0.0000E+00,0.0000E+00,0.0000E+00,0.0000E+00,0.0000E+00,0.0000E+00,
   49,1997,   4,0.1534E-02,0.9409E+00,0.1336E+01,0.1790E+01,0.2027E+00,0.3921E+00,0.6359E-01,0.3338E+00,0.2384E+01,0.3974E+00,0.1372E+01,
   91,1997,   4,0.4245E-01,0.2205E+02,0.1737E+02,0.1872E+02,0.3172E+02,0.5135E+01,0.6488E+01,0.2829E+01,0.5558E+02,0.9318E+01,0.4384E+02,
   51,1997,   4,0.3375E-02,0.2098E+01,0.7286E+01,0.3937E+01,0.4459E+00,0.8625E+00,0.1399E+00,0.7344E+00,0.5246E+01,0.8743E+00,0.6703E+01,
   68,1997,   4,0.0000E+00,0.0000E+00,0.0000E+00,0.0000E+00,0.0000E+00,0.0000E+00,0.0000E+00,0.0000E+00,0.0000E+00,0.0000E+00,0.0000E+00,
   54,1997,   4,0.1494E+00,0.1006E+03,0.2618E+03,0.1296E+03,0.7249E+02,0.5352E+02,0.4515E+01,0.3844E+02,0.2556E+03,0.4295E+02,0.1961E+03,
   33,1997,   4,0.0000E+00,0.0000E+00,0.0000E+00,0.0000E+00,0.0000E+00,0.0000E+00,0.0000E+00,0.0000E+00,0.0000E+00,0.0000E+00,0.0000E+00,
   80,1997,   4,0.0000E+00,0.0000E+00,0.0000E+00,0.0000E+00,0.0000E+00,0.0000E+00,0.0000E+00,0.0000E+00,0.0000E+00,0.0000E+00,0.0000E+00,
   50,1997,   4,0.0000E+00,0.0000E+00,0.0000E+00,0.0000E+00,0.0000E+00,0.0000E+00,0.0000E+00,0.0000E+00,0.0000E+00,0.0000E+00,0.0000E+00,
   58,1997,   4,0.6764E-01,0.3770E+02,0.2350E+02,0.1043E+02,0.3096E+02,0.1600E+02,0.4110E+00,0.9409E+00,0.5740E+02,0.1352E+01,0.2395E+02,
   17,1997,   4,0.9554E-01,0.6248E+02,0.7438E+02,0.4938E+02,0.2622E+02,0.3738E+02,0.4785E+01,0.2043E+02,0.1130E+03,0.2522E+02,0.3123E+03,
   95,1997,   4,0.1110E-01,0.7333E+01,0.1995E+02,0.8853E+01,0.6454E+01,0.1937E+01,0.2454E+00,0.1286E+01,0.1724E+02,0.1531E+01,0.3103E+02,
   90,1997,   4,0.0000E+00,0.0000E+00,0.0000E+00,0.0000E+00,0.0000E+00,0.0000E+00,0.0000E+00,0.0000E+00,0.0000E+00,0.0000E+00,0.0000E+00,
   15,1997,   4,0.0000E+00,0.0000E+00,0.0000E+00,0.0000E+00,0.0000E+00,0.0000E+00,0.0000E+00,0.0000E+00,0.0000E+00,0.0000E+00,0.0000E+00,
   14,1997,   4,0.4185E-01,0.1806E+02,0.3024E+02,0.3284E+02,0.3478E+03,0.3362E+02,0.1609E+02,0.3934E+02,0.4143E+03,0.5543E+02,0.3608E+02,
   31,1997,   4,0.6026E+00,0.2691E+03,0.9155E+03,0.3896E+03,0.3427E+02,0.8522E+02,0.2020E+02,0.4817E+02,0.5091E+03,0.6837E+02,0.1244E+04,
   12,1997,   4,0.1402E-01,0.5755E+01,0.2084E+02,0.1049E+02,0.1284E+02,0.3377E+01,0.1037E+01,0.2539E+01,0.2672E+02,0.3577E+01,0.4985E+02,
   23,1997,   4,0.1415E-01,0.5533E+01,0.5315E+01,0.1060E+01,0.1648E+01,0.3508E+00,0.1197E+00,0.2861E+00,0.3059E+01,0.4058E+00,0.6532E+02,
   25,1997,   4,0.9324E+01,0.6394E+04,0.1471E+05,0.1022E+05,0.1727E+04,0.2313E+04,0.2370E+03,0.4846E+03,0.1426E+05,0.7215E+03,0.2301E+05,
   18,1997,   4,0.2194E-01,0.1034E+02,0.2166E+02,0.1104E+02,0.1247E+02,0.3272E+01,0.9023E+00,0.2043E+01,0.2678E+02,0.2945E+01,0.4073E+02,
    4,1997,   4,0.4368E-01,0.1706E+02,0.5661E+01,0.1670E+01,0.4061E+01,0.6620E+00,0.3118E+00,0.7923E+00,0.6392E+01,0.1104E+01,0.1324E+03,
   74,1997,   4,0.8698E+00,0.3745E+03,0.1611E+04,0.4395E+02,0.7313E+01,0.6242E+03,0.3460E+02,0.7107E+02,0.6755E+03,0.1057E+03,0.2210E+04,
   73,1997,   4,0.1227E-03,0.4769E-01,0.3179E+00,0.4993E+00,0.6062E+01,0.5706E+00,0.2257E+00,0.5267E+00,0.7132E+01,0.7524E+00,0.9481E+00,
   69,1997,   4,0.1812E-01,0.7041E+01,0.7446E+01,0.2000E+01,0.2408E+02,0.2270E+01,0.9262E+00,0.2161E+01,0.2835E+02,0.3087E+01,0.7345E+01,
   20,1997,   4,0.8138E+00,0.3555E+03,0.1249E+04,0.9345E+03,0.5994E+03,0.2825E+03,0.4439E+02,0.9273E+02,0.1817E+04,0.1371E+03,0.1671E+04,
   36,1997,   4,0.0000E+00,0.0000E+00,0.0000E+00,0.0000E+00,0.0000E+00,0.0000E+00,0.0000E+00,0.0000E+00,0.0000E+00,0.0000E+00,0.0000E+00,
   16,1997,   4,0.3923E-03,0.1563E+00,0.1016E+01,0.1603E+01,0.1807E+02,0.1724E+01,0.6774E+00,0.1581E+01,0.2139E+02,0.2259E+01,0.2568E+01,
   26,1997,   4,0.3298E-01,0.1633E+02,0.2107E+02,0.1212E+02,0.3974E+02,0.5689E+01,0.8298E+00,0.2014E+01,0.5754E+02,0.2844E+01,0.5045E+02,
   30,1997,   4,0.4355E-02,0.1849E+01,0.9653E+01,0.5033E+01,0.4036E+01,0.1422E+01,0.3777E+00,0.9246E+00,0.1049E+02,0.1302E+01,0.9760E+01,
   66,1997,   4,0.0000E+00,0.0000E+00,0.0000E+00,0.0000E+00,0.0000E+00,0.0000E+00,0.0000E+00,0.0000E+00,0.0000E+00,0.0000E+00,0.0000E+00,
   24,1997,   4,0.1854E-02,0.8004E+00,0.4802E+01,0.2395E+01,0.8980E-01,0.5088E+00,0.1161E+00,0.2841E+00,0.2993E+01,0.4002E+00,0.4002E+01,
   10,1997,   4,0.3050E+01,0.1299E+04,0.1025E+04,0.6906E+03,0.1323E+03,0.1549E+03,0.3612E+02,0.7357E+02,0.9778E+03,0.1097E+03,0.7850E+04,
   19,1997,   4,0.3368E+01,0.1456E+04,0.4934E+04,0.2634E+04,0.4064E+03,0.5884E+03,0.1127E+03,0.2383E+03,0.3629E+04,0.3510E+03,0.6463E+04,
   11,1997,   4,0.8071E+00,0.3475E+03,0.1363E+04,0.1193E+04,0.4817E+02,0.2538E+03,0.2258E+02,0.4591E+02,0.1495E+04,0.6849E+02,0.1714E+04,
    0,1997,   4,0.5957E-02,0.2315E+01,0.6498E+01,0.2479E+00,0.3010E+01,0.2832E+00,0.1417E+00,0.3305E+00,0.3541E+01,0.4722E+00,0.1301E-02,
   62,1997,   4,0.0000E+00,0.0000E+00,0.0000E+00,0.0000E+00,0.0000E+00,0.0000E+00,0.0000E+00,0.0000E+00,0.0000E+00,0.0000E+00,0.0000E+00,
   92,1997,   5,0.3669E-01,0.2057E+02,0.1083E+03,0.3881E+02,0.7459E+01,0.1041E+02,0.2055E+01,0.8955E+01,0.5668E+02,0.1101E+02,0.1521E+03,
   61,1997,   5,0.8361E+00,0.6083E+03,0.7419E+03,0.9272E+03,0.4015E+03,0.1510E+03,0.1685E+02,0.3998E+02,0.1480E+04,0.5683E+02,0.8125E+03,
   86,1997,   5,0.9522E-01,0.1288E+04,0.2921E+03,0.1069E+03,0.2835E+03,0.3934E+02,0.7441E+01,0.3847E+02,0.4298E+03,0.4591E+02,0.1810E+04,
   34,1997,   5,0.2177E+02,0.1210E+05,0.4563E+04,0.6293E+04,0.1326E+05,0.2485E+04,0.4790E+02,0.1715E+03,0.2204E+05,0.2194E+03,0.1443E+05,
   64,1997,   5,0.1186E+02,0.7334E+04,0.6519E+04,0.5274E+04,0.4856E+04,0.1706E+04,0.1030E+03,0.2800E+03,0.1184E+05,0.3831E+03,0.1369E+05,
   63,1997,   5,0.0000E+00,0.0000E+00,0.0000E+00,0.0000E+00,0.0000E+00,0.0000E+00,0.0000E+00,0.0000E+00,0.0000E+00,0.0000E+00,0.0000E+00,
   59,1997,   5,0.2197E+00,0.1594E+03,0.2011E+03,0.8443E+02,0.3852E+02,0.2675E+02,0.1898E+01,0.6641E+01,0.1497E+03,0.8538E+01,0.1119E+03,
   55,1997,   5,0.3913E-01,0.2935E+02,0.6581E+01,0.7286E+00,0.2677E+02,0.2762E+01,0.8258E+00,0.4379E+01,0.3026E+02,0.5204E+01,0.5745E+01,
   65,1997,   5,0.1253E+00,0.8578E+02,0.1133E+03,0.4567E+02,0.1201E+03,0.3716E+02,0.4187E+01,0.1157E+02,0.2029E+03,0.1576E+02,0.1396E+03,
   32,1997,   5,0.7711E+00,0.5678E+03,0.3099E+02,0.2172E+02,0.1127E+03,0.5964E+02,0.3012E+01,0.6409E+02,0.1940E+03,0.6710E+02,0.3522E+03,
   53,1997,   5,0.1812E-01,0.1120E+02,0.4708E+01,0.3300E+01,0.3093E+01,0.2412E+01,0.6318E+00,0.6373E+00,0.8805E+01,0.1269E+01,0.6090E+01,
   47,1997,   5,0.0000E+00,0.0000E+00,0.0000E+00,0.0000E+00,0.0000E+00,0.0000E+00,0.0000E+00,0.0000E+00,0.0000E+00,0.0000E+00,0.0000E+00,
   81,1997,   5,0.0000E+00,0.0000E+00,0.0000E+00,0.0000E+00,0.0000E+00,0.0000E+00,0.0000E+00,0.0000E+00,0.0000E+00,0.0000E+00,0.0000E+00,
   82,1997,   5,0.4383E-01,0.3028E+02,0.0000E+00,0.0000E+00,0.0000E+00,0.1892E+01,0.0000E+00,0.1892E+02,0.1892E+01,0.1892E+02,0.3028E+02,
   79,1997,   5,0.3454E-02,0.1789E+01,0.8947E+01,0.2672E+01,0.1002E+00,0.5677E+00,0.5190E+00,0.1270E+01,0.3340E+01,0.1789E+01,0.4474E+01,
   77,1997,   5,0.2771E+00,0.2228E+03,0.1988E+03,0.1168E+03,0.2250E+02,0.8523E+02,0.3263E+02,0.5517E+02,0.2245E+03,0.8779E+02,0.3584E+03,
   85,1997,   5,0.2347E+00,0.1492E+03,0.4995E+03,0.5347E+03,0.5208E+02,0.1298E+03,0.1667E+02,0.1878E+02,0.7165E+03,0.3545E+02,0.3667E+03,
   52,1997,   5,0.0000E+00,0.0000E+00,0.0000E+00,0.0000E+00,0.0000E+00,0.0000E+00,0.0000E+00,0.0000E+00,0.0000E+00,0.0000E+00,0.0000E+00,
   56,1997,   5,0.0000E+00,0.0000E+00,0.0000E+00,0.0000E+00,0.0000E+00,0.0000E+00,0.0000E+00,0.0000E+00,0.0000E+00,0.0000E+00,0.0000E+00,
   87,1997,   5,0.0000E+00,0.0000E+00,0.0000E+00,0.0000E+00,0.0000E+00,0.0000E+00,0.0000E+00,0.0000E+00,0.0000E+00,0.0000E+00,0.0000E+00,
   44,1997,   5,0.1578E-02,0.8175E+00,0.4088E+01,0.8584E-01,0.7059E-01,0.2282E+01,0.2647E+00,0.6481E+00,0.2439E+01,0.9129E+00,0.2044E+01,
   41,1997,   5,0.0000E+00,0.0000E+00,0.0000E+00,0.0000E+00,0.0000E+00,0.0000E+00,0.0000E+00,0.0000E+00,0.0000E+00,0.0000E+00,0.0000E+00,
   49,1997,   5,0.1140E-02,0.7006E+00,0.9674E+00,0.1329E+01,0.1506E+00,0.2913E+00,0.4724E-01,0.2480E+00,0.1771E+01,0.2952E+00,0.1008E+01,
   91,1997,   5,0.4223E-01,0.2164E+02,0.1963E+02,0.1847E+02,0.3170E+02,0.5087E+01,0.6445E+01,0.2790E+01,0.5525E+02,0.9235E+01,0.4367E+02,
   51,1997,   5,0.2981E-02,0.1956E+01,0.9522E+01,0.3477E+01,0.3938E+00,0.7617E+00,0.1236E+00,0.6486E+00,0.4632E+01,0.7721E+00,0.7721E+01,
   68,1997,   5,0.0000E+00,0.0000E+00,0.0000E+00,0.0000E+00,0.0000E+00,0.0000E+00,0.0000E+00,0.0000E+00,0.0000E+00,0.0000E+00,0.0000E+00,
   54,1997,   5,0.1347E+00,0.8604E+02,0.2453E+03,0.1180E+03,0.6302E+02,0.3662E+02,0.8604E+01,0.3535E+02,0.2176E+03,0.4395E+02,0.1849E+03,
   33,1997,   5,0.0000E+00,0.0000E+00,0.0000E+00,0.0000E+00,0.0000E+00,0.0000E+00,0.0000E+00,0.0000E+00,0.0000E+00,0.0000E+00,0.0000E+00,
   80,1997,   5,0.0000E+00,0.0000E+00,0.0000E+00,0.0000E+00,0.0000E+00,0.0000E+00,0.0000E+00,0.0000E+00,0.0000E+00,0.0000E+00,0.0000E+00,
   50,1997,   5,0.0000E+00,0.0000E+00,0.0000E+00,0.0000E+00,0.0000E+00,0.0000E+00,0.0000E+00,0.0000E+00,0.0000E+00,0.0000E+00,0.0000E+00,
   58,1997,   5,0.6620E-01,0.4047E+02,0.2417E+02,0.2461E+01,0.3493E+02,0.5742E+01,0.4314E+00,0.1455E+01,0.4313E+02,0.1886E+01,0.2325E+02,
   17,1997,   5,0.8712E-01,0.5481E+02,0.1034E+03,0.3532E+02,0.3058E+02,0.3492E+02,0.3331E+01,0.2495E+02,0.1008E+03,0.2828E+02,0.3124E+03,
   95,1997,   5,0.7597E-02,0.3985E+01,0.7045E+01,0.5013E+01,0.5680E+01,0.1101E+01,0.9743E-01,0.5166E+00,0.1179E+02,0.6141E+00,0.1327E+02,
   90,1997,   5,0.0000E+00,0.0000E+00,0.0000E+00,0.0000E+00,0.0000E+00,0.0000E+00,0.0000E+00,0.0000E+00,0.0000E+00,0.0000E+00,0.0000E+00,
   15,1997,   5,0.0000E+00,0.0000E+00,0.0000E+00,0.0000E+00,0.0000E+00,0.0000E+00,0.0000E+00,0.0000E+00,0.0000E+00,0.0000E+00,0.0000E+00,
   14,1997,   5,0.4167E-01,0.1798E+02,0.3948E+02,0.4039E+02,0.4231E+03,0.4098E+02,0.1468E+02,0.3589E+02,0.5044E+03,0.5057E+02,0.3510E+02,
   31,1997,   5,0.5599E+00,0.2506E+03,0.8418E+03,0.2780E+03,0.3008E+02,0.6149E+02,0.1813E+02,0.4402E+02,0.3696E+03,0.6215E+02,0.1152E+04,
   12,1997,   5,0.1643E-01,0.6796E+01,0.2566E+02,0.1396E+02,0.1297E+02,0.4113E+01,0.1342E+01,0.3285E+01,0.3104E+02,0.4627E+01,0.5571E+02,
   23,1997,   5,0.1415E-01,0.5533E+01,0.5315E+01,0.1060E+01,0.1648E+01,0.3508E+00,0.1197E+00,0.2861E+00,0.3059E+01,0.4058E+00,0.6532E+02,
   25,1997,   5,0.8742E+01,0.6596E+04,0.1498E+05,0.9919E+04,0.1777E+04,0.2239E+04,0.2623E+03,0.5353E+03,0.1393E+05,0.7976E+03,0.2291E+05,
   18,1997,   5,0.2168E-01,0.1022E+02,0.2120E+02,0.9574E+01,0.1241E+02,0.2961E+01,0.1015E+01,0.2272E+01,0.2495E+02,0.3287E+01,0.4016E+02,
    4,1997,   5,0.4368E-01,0.1706E+02,0.5661E+01,0.1663E+01,0.4060E+01,0.6606E+00,0.2898E+00,0.7477E+00,0.6384E+01,0.1038E+01,0.1324E+03,
   74,1997,   5,0.8543E+00,0.3678E+03,0.1582E+04,0.4257E+02,0.7167E+01,0.9794E+03,0.3389E+02,0.6954E+02,0.1029E+04,0.1034E+03,0.2172E+04,
   73,1997,   5,0.1227E-03,0.4769E-01,0.3179E+00,0.4993E+00,0.6062E+01,0.5706E+00,0.2257E+00,0.5267E+00,0.7132E+01,0.7524E+00,0.9481E+00,
   69,1997,   5,0.1812E-01,0.7041E+01,0.7446E+01,0.2000E+01,0.2408E+02,0.2270E+01,0.9262E+00,0.2161E+01,0.2835E+02,0.3087E+01,0.7345E+01,
   20,1997,   5,0.7652E+00,0.3345E+03,0.1158E+04,0.9131E+03,0.7114E+03,0.2720E+03,0.2464E+02,0.5265E+02,0.1896E+04,0.7729E+02,0.1500E+04,
   36,1997,   5,0.0000E+00,0.0000E+00,0.0000E+00,0.0000E+00,0.0000E+00,0.0000E+00,0.0000E+00,0.0000E+00,0.0000E+00,0.0000E+00,0.0000E+00,
   16,1997,   5,0.3923E-03,0.1563E+00,0.1016E+01,0.1603E+01,0.1807E+02,0.1724E+01,0.6774E+00,0.1581E+01,0.2139E+02,0.2259E+01,0.2568E+01,
   26,1997,   5,0.3298E-01,0.1633E+02,0.2107E+02,0.1212E+02,0.3974E+02,0.5689E+01,0.8298E+00,0.2014E+01,0.5754E+02,0.2844E+01,0.5045E+02,
   30,1997,   5,0.4355E-02,0.1849E+01,0.9653E+01,0.5033E+01,0.4036E+01,0.1422E+01,0.3777E+00,0.9246E+00,0.1049E+02,0.1302E+01,0.9760E+01,
   66,1997,   5,0.0000E+00,0.0000E+00,0.0000E+00,0.0000E+00,0.0000E+00,0.0000E+00,0.0000E+00,0.0000E+00,0.0000E+00,0.0000E+00,0.0000E+00,
   24,1997,   5,0.1854E-02,0.8004E+00,0.4802E+01,0.2395E+01,0.8980E-01,0.5088E+00,0.1161E+00,0.2841E+00,0.2993E+01,0.4002E+00,0.4002E+01,
   10,1997,   5,0.3018E+01,0.1285E+04,0.1117E+04,0.5532E+03,0.1781E+03,0.1296E+03,0.1931E+02,0.3944E+02,0.8609E+03,0.5875E+02,0.7771E+04,
   19,1997,   5,0.3167E+01,0.1369E+04,0.4582E+04,0.2501E+04,0.3999E+03,0.5604E+03,0.1195E+03,0.2521E+03,0.3461E+04,0.3716E+03,0.6023E+04,
   11,1997,   5,0.7799E+00,0.3358E+03,0.1316E+04,0.1152E+04,0.4662E+02,0.2450E+03,0.4340E+02,0.8818E+02,0.1444E+04,0.1316E+03,0.1655E+04,
    0,1997,   5,0.5957E-02,0.2315E+01,0.6498E+01,0.2479E+00,0.3010E+01,0.2832E+00,0.1417E+00,0.3305E+00,0.3541E+01,0.4722E+00,0.1301E-02,
   62,1997,   5,0.0000E+00,0.0000E+00,0.0000E+00,0.0000E+00,0.0000E+00,0.0000E+00,0.0000E+00,0.0000E+00,0.0000E+00,0.0000E+00,0.0000E+00,
   92,1997,   6,0.3086E-01,0.1430E+02,0.7462E+02,0.3184E+02,0.6774E+01,0.8574E+01,0.1803E+01,0.7628E+01,0.4719E+02,0.9431E+01,0.7817E+02,
   61,1997,   6,0.8220E+00,0.5572E+03,0.6607E+03,0.8233E+03,0.4593E+03,0.1481E+03,0.1829E+02,0.5385E+02,0.1431E+04,0.7214E+02,0.6931E+03,
   86,1997,   6,0.1483E+00,0.1551E+04,0.4992E+03,0.8584E+02,0.3651E+03,0.5448E+02,0.1499E+02,0.4405E+02,0.5054E+03,0.5905E+02,0.2611E+04,
   34,1997,   6,0.2211E+02,0.1178E+05,0.5308E+04,0.7202E+04,0.1106E+05,0.2885E+04,0.6889E+02,0.1873E+03,0.2114E+05,0.2562E+03,0.1810E+05,
   64,1997,   6,0.1201E+02,0.7165E+04,0.6358E+04,0.3901E+04,0.4667E+04,0.3485E+04,0.1219E+03,0.2543E+03,0.1205E+05,0.3761E+03,0.1409E+05,
   63,1997,   6,0.0000E+00,0.0000E+00,0.0000E+00,0.0000E+00,0.0000E+00,0.0000E+00,0.0000E+00,0.0000E+00,0.0000E+00,0.0000E+00,0.0000E+00,
   59,1997,   6,0.2118E+00,0.1499E+03,0.5851E+02,0.8411E+01,0.2871E+02,0.1042E+02,0.3658E+00,0.3840E+01,0.4754E+02,0.4205E+01,0.7679E+02,
   55,1997,   6,0.4989E-01,0.3598E+02,0.7204E+01,0.9429E+00,0.3132E+02,0.3537E+01,0.7357E+00,0.8291E+01,0.3580E+02,0.9026E+01,0.6559E+01,
   65,1997,   6,0.1241E+00,0.7656E+02,0.8844E+02,0.5409E+02,0.1136E+03,0.2922E+02,0.4872E+01,0.1038E+02,0.1969E+03,0.1525E+02,0.1756E+03,
   32,1997,   6,0.7890E+00,0.5535E+03,0.2987E+02,0.2091E+02,0.1125E+03,0.5316E+02,0.3095E+01,0.5290E+02,0.1866E+03,0.5599E+02,0.1260E+03,
   53,1997,   6,0.1788E-01,0.1075E+02,0.4685E+01,0.2425E+01,0.4531E+01,0.1648E+01,0.8590E+00,0.8209E+00,0.8604E+01,0.1680E+01,0.7500E+01,
   47,1997,   6,0.0000E+00,0.0000E+00,0.0000E+00,0.0000E+00,0.0000E+00,0.0000E+00,0.0000E+00,0.0000E+00,0.0000E+00,0.0000E+00,0.0000E+00,
   81,1997,   6,0.0000E+00,0.0000E+00,0.0000E+00,0.0000E+00,0.0000E+00,0.0000E+00,0.0000E+00,0.0000E+00,0.0000E+00,0.0000E+00,0.0000E+00,
   82,1997,   6,0.4383E-01,0.3028E+02,0.0000E+00,0.0000E+00,0.0000E+00,0.1892E+01,0.0000E+00,0.1892E+02,0.1892E+01,0.1892E+02,0.3028E+02,
   79,1997,   6,0.3454E-02,0.1789E+01,0.8947E+01,0.2672E+01,0.1002E+00,0.5677E+00,0.5190E+00,0.1270E+01,0.3340E+01,0.1789E+01,0.4474E+01,
   77,1997,   6,0.4090E+00,0.2662E+03,0.5506E+03,0.1236E+03,0.9370E+02,0.8937E+02,0.1128E+03,0.1015E+03,0.3066E+03,0.2143E+03,0.1407E+04,
   85,1997,   6,0.2689E+00,0.1657E+03,0.5854E+03,0.3513E+03,0.5957E+02,0.9496E+02,0.1945E+02,0.1340E+02,0.5058E+03,0.3285E+02,0.7092E+03,
   52,1997,   6,0.0000E+00,0.0000E+00,0.0000E+00,0.0000E+00,0.0000E+00,0.0000E+00,0.0000E+00,0.0000E+00,0.0000E+00,0.0000E+00,0.0000E+00,
   56,1997,   6,0.4826E-02,0.1875E+01,0.1792E+02,0.5834E+00,0.4584E+00,0.2292E+01,0.3334E+00,0.8335E-01,0.3334E+01,0.4168E+00,0.5418E+02,
   87,1997,   6,0.0000E+00,0.0000E+00,0.0000E+00,0.0000E+00,0.0000E+00,0.0000E+00,0.0000E+00,0.0000E+00,0.0000E+00,0.0000E+00,0.0000E+00,
   44,1997,   6,0.1578E-02,0.8175E+00,0.4088E+01,0.8584E-01,0.7059E-01,0.2282E+01,0.2647E+00,0.6481E+00,0.2439E+01,0.9129E+00,0.2044E+01,
   41,1997,   6,0.0000E+00,0.0000E+00,0.0000E+00,0.0000E+00,0.0000E+00,0.0000E+00,0.0000E+00,0.0000E+00,0.0000E+00,0.0000E+00,0.0000E+00,
   49,1997,   6,0.1534E-02,0.1018E+01,0.1627E+01,0.1790E+01,0.2027E+00,0.3921E+00,0.6359E-01,0.3338E+00,0.2384E+01,0.3974E+00,0.8932E+00,
   91,1997,   6,0.4109E-01,0.2108E+02,0.1597E+02,0.1719E+02,0.3157E+02,0.4907E+01,0.5959E+01,0.2646E+01,0.5366E+02,0.8605E+01,0.4305E+02,
   51,1997,   6,0.2981E-02,0.1596E+01,0.1029E+02,0.3477E+01,0.3938E+00,0.7616E+00,0.1236E+00,0.6486E+00,0.4632E+01,0.7721E+00,0.1184E+02,
   68,1997,   6,0.0000E+00,0.0000E+00,0.0000E+00,0.0000E+00,0.0000E+00,0.0000E+00,0.0000E+00,0.0000E+00,0.0000E+00,0.0000E+00,0.0000E+00,
   54,1997,   6,0.1362E+00,0.8349E+02,0.2763E+03,0.1388E+03,0.3763E+02,0.4586E+02,0.3881E+01,0.3739E+02,0.2222E+03,0.4128E+02,0.2058E+03,
   33,1997,   6,0.0000E+00,0.0000E+00,0.0000E+00,0.0000E+00,0.0000E+00,0.0000E+00,0.0000E+00,0.0000E+00,0.0000E+00,0.0000E+00,0.0000E+00,
   80,1997,   6,0.0000E+00,0.0000E+00,0.0000E+00,0.0000E+00,0.0000E+00,0.0000E+00,0.0000E+00,0.0000E+00,0.0000E+00,0.0000E+00,0.0000E+00,
   50,1997,   6,0.0000E+00,0.0000E+00,0.0000E+00,0.0000E+00,0.0000E+00,0.0000E+00,0.0000E+00,0.0000E+00,0.0000E+00,0.0000E+00,0.0000E+00,
   58,1997,   6,0.6361E-01,0.3882E+02,0.2658E+02,0.2744E+01,0.5146E+02,0.3987E+01,0.3840E+00,0.1193E+01,0.5819E+02,0.1577E+01,0.1892E+02,
   17,1997,   6,0.1591E+00,0.8057E+02,0.3500E+03,0.3729E+02,0.3231E+02,0.8055E+02,0.8116E+01,0.2292E+02,0.1501E+03,0.3104E+02,0.1055E+04,
   95,1997,   6,0.7466E-02,0.4186E+01,0.4180E+01,0.5205E+01,0.5242E+01,0.1142E+01,0.6476E-01,0.3490E+00,0.1159E+02,0.4138E+00,0.1272E+02,
   90,1997,   6,0.0000E+00,0.0000E+00,0.0000E+00,0.0000E+00,0.0000E+00,0.0000E+00,0.0000E+00,0.0000E+00,0.0000E+00,0.0000E+00,0.0000E+00,
   15,1997,   6,0.0000E+00,0.0000E+00,0.0000E+00,0.0000E+00,0.0000E+00,0.0000E+00,0.0000E+00,0.0000E+00,0.0000E+00,0.0000E+00,0.0000E+00,
   14,1997,   6,0.4303E-01,0.1857E+02,0.4354E+02,0.3957E+02,0.4036E+03,0.3931E+02,0.1514E+02,0.3703E+02,0.4824E+03,0.5216E+02,0.3794E+02,
   31,1997,   6,0.5979E+00,0.2730E+03,0.8344E+03,0.3053E+03,0.3111E+02,0.6830E+02,0.2295E+02,0.6422E+02,0.4047E+03,0.8717E+02,0.1200E+04,
   12,1997,   6,0.1503E-01,0.6191E+01,0.2339E+02,0.1223E+02,0.1291E+02,0.3745E+01,0.1289E+01,0.3156E+01,0.2888E+02,0.4445E+01,0.5284E+02,
   23,1997,   6,0.1415E-01,0.5533E+01,0.5315E+01,0.1060E+01,0.1648E+01,0.3508E+00,0.1197E+00,0.2861E+00,0.3059E+01,0.4058E+00,0.6532E+02,
   25,1997,   6,0.9261E+01,0.7281E+04,0.1840E+05,0.7992E+04,0.1740E+04,0.2297E+04,0.3346E+03,0.5546E+03,0.1203E+05,0.8893E+03,0.3438E+05,
   18,1997,   6,0.2120E-01,0.7944E+02,0.3315E+03,0.1171E+03,0.7113E+02,0.3999E+02,0.2921E+01,0.8137E+01,0.2282E+03,0.1106E+02,0.2799E+03,
    4,1997,   6,0.4359E-01,0.1702E+02,0.5510E+01,0.3721E+01,0.4138E+01,0.1098E+01,0.3125E+00,0.7939E+00,0.8956E+01,0.1106E+01,0.1322E+03,
   74,1997,   6,0.8557E+00,0.3684E+03,0.1583E+04,0.3572E+02,0.7203E+01,0.6135E+03,0.3388E+02,0.6945E+02,0.6564E+03,0.1033E+03,0.2173E+04,
   73,1997,   6,0.1227E-03,0.4769E-01,0.3179E+00,0.4993E+00,0.6062E+01,0.5706E+00,0.2257E+00,0.5267E+00,0.7132E+01,0.7524E+00,0.9481E+00,
   69,1997,   6,0.1812E-01,0.7041E+01,0.7446E+01,0.2000E+01,0.2408E+02,0.2270E+01,0.9262E+00,0.2161E+01,0.2835E+02,0.3087E+01,0.7345E+01,
   20,1997,   6,0.6889E+00,0.3015E+03,0.1036E+04,0.9411E+03,0.8753E+03,0.3161E+03,0.3760E+02,0.7896E+02,0.2132E+04,0.1166E+03,0.1384E+04,
   36,1997,   6,0.0000E+00,0.0000E+00,0.0000E+00,0.0000E+00,0.0000E+00,0.0000E+00,0.0000E+00,0.0000E+00,0.0000E+00,0.0000E+00,0.0000E+00,
   16,1997,   6,0.3923E-03,0.1563E+00,0.1016E+01,0.1603E+01,0.1807E+02,0.1724E+01,0.6774E+00,0.1581E+01,0.2139E+02,0.2259E+01,0.2568E+01,
   26,1997,   6,0.3298E-01,0.1633E+02,0.2107E+02,0.1212E+02,0.3974E+02,0.5689E+01,0.8298E+00,0.2014E+01,0.5754E+02,0.2844E+01,0.5045E+02,
   30,1997,   6,0.4311E-02,0.1831E+01,0.9577E+01,0.4976E+01,0.4034E+01,0.1410E+01,0.3750E+00,0.9179E+00,0.1042E+02,0.1293E+01,0.9666E+01,
   66,1997,   6,0.0000E+00,0.0000E+00,0.0000E+00,0.0000E+00,0.0000E+00,0.0000E+00,0.0000E+00,0.0000E+00,0.0000E+00,0.0000E+00,0.0000E+00,
   24,1997,   6,0.1854E-02,0.8004E+00,0.4802E+01,0.2395E+01,0.8980E-01,0.5088E+00,0.1161E+00,0.2841E+00,0.2993E+01,0.4002E+00,0.4002E+01,
   10,1997,   6,0.4321E+01,0.1848E+04,0.1089E+04,0.4621E+03,0.2065E+03,0.1127E+03,0.2520E+02,0.5138E+02,0.7813E+03,0.7658E+02,0.1117E+05,
   19,1997,   6,0.3086E+01,0.1334E+04,0.4454E+04,0.2703E+04,0.4195E+03,0.6031E+03,0.1177E+03,0.2487E+03,0.3725E+04,0.3665E+03,0.5863E+04,
   11,1997,   6,0.7904E+00,0.3403E+03,0.1334E+04,0.1380E+04,0.5518E+02,0.2936E+03,0.4400E+02,0.8940E+02,0.1729E+04,0.1334E+03,0.1678E+04,
    0,1997,   6,0.5957E-02,0.2315E+01,0.6498E+01,0.2479E+00,0.3010E+01,0.2832E+00,0.1417E+00,0.3305E+00,0.3541E+01,0.4722E+00,0.1301E-02,
   62,1997,   6,0.0000E+00,0.0000E+00,0.0000E+00,0.0000E+00,0.0000E+00,0.0000E+00,0.0000E+00,0.0000E+00,0.0000E+00,0.0000E+00,0.0000E+00,
   92,1997,   7,0.4261E-01,0.2055E+02,0.1076E+03,0.4135E+02,0.7299E+01,0.1042E+02,0.3419E+01,0.1172E+02,0.5907E+02,0.1514E+02,0.9738E+02,
   61,1997,   7,0.7908E+00,0.5274E+03,0.1359E+03,0.6291E+03,0.5304E+03,0.1187E+03,0.5036E+01,0.7799E+02,0.1278E+04,0.8303E+02,0.7476E+03,
   86,1997,   7,0.1503E+00,0.1971E+04,0.5781E+03,0.7717E+02,0.4506E+03,0.6471E+02,0.1236E+02,0.4882E+02,0.5925E+03,0.6118E+02,0.3188E+04,
   34,1997,   7,0.2111E+02,0.1298E+05,0.4189E+04,0.5972E+04,0.1145E+05,0.2415E+04,0.6860E+02,0.1818E+03,0.1983E+05,0.2504E+03,0.1377E+05,
   64,1997,   7,0.1114E+02,0.6245E+04,0.5497E+04,0.2933E+04,0.4802E+04,0.2271E+04,0.1087E+03,0.2002E+03,0.1001E+05,0.3089E+03,0.1269E+05,
   63,1997,   7,0.1043E-01,0.5405E+01,0.2702E+02,0.8071E+01,0.3027E+00,0.1715E+01,0.1567E+01,0.3837E+01,0.1009E+02,0.5405E+01,0.1351E+02,
   59,1997,   7,0.2112E+00,0.1331E+03,0.0000E+00,0.6201E+01,0.2006E+02,0.1970E+02,0.0000E+00,0.5107E+01,0.4596E+02,0.5107E+01,0.7660E+02,
   55,1997,   7,0.3969E-01,0.2576E+02,0.5309E+01,0.8661E+00,0.3507E+02,0.2509E+01,0.6641E+00,0.1118E+02,0.3844E+02,0.1185E+02,0.5950E+01,
   65,1997,   7,0.9832E-01,0.5841E+02,0.7543E+02,0.2849E+02,0.9223E+02,0.2463E+02,0.3762E+01,0.6370E+01,0.1454E+03,0.1013E+02,0.1366E+03,
   32,1997,   7,0.7235E+00,0.4780E+03,0.3188E+02,0.1999E+02,0.1194E+03,0.4932E+02,0.3105E+01,0.6067E+02,0.1887E+03,0.6378E+02,0.1090E+03,
   53,1997,   7,0.1703E-01,0.9811E+01,0.2969E+01,0.1997E+01,0.3338E+01,0.1341E+01,0.5926E+00,0.5671E+00,0.6676E+01,0.1160E+01,0.2918E+01,
   47,1997,   7,0.0000E+00,0.0000E+00,0.0000E+00,0.0000E+00,0.0000E+00,0.0000E+00,0.0000E+00,0.0000E+00,0.0000E+00,0.0000E+00,0.0000E+00,
   81,1997,   7,0.0000E+00,0.0000E+00,0.0000E+00,0.0000E+00,0.0000E+00,0.0000E+00,0.0000E+00,0.0000E+00,0.0000E+00,0.0000E+00,0.0000E+00,
   82,1997,   7,0.4383E-01,0.3028E+02,0.0000E+00,0.0000E+00,0.0000E+00,0.1892E+01,0.0000E+00,0.1892E+02,0.1892E+01,0.1892E+02,0.3028E+02,
   79,1997,   7,0.3454E-02,0.1789E+01,0.8947E+01,0.2672E+01,0.1002E+00,0.5677E+00,0.5190E+00,0.1270E+01,0.3340E+01,0.1789E+01,0.4474E+01,
   77,1997,   7,0.3972E+00,0.2574E+03,0.4946E+03,0.5626E+02,0.1813E+03,0.9973E+02,0.6213E+02,0.5978E+02,0.3373E+03,0.1219E+03,0.1362E+04,
   85,1997,   7,0.2788E+00,0.1643E+03,0.5380E+03,0.3763E+03,0.9017E+02,0.7238E+02,0.1415E+02,0.1681E+02,0.5389E+03,0.3096E+02,0.7103E+03,
   52,1997,   7,0.0000E+00,0.0000E+00,0.0000E+00,0.0000E+00,0.0000E+00,0.0000E+00,0.0000E+00,0.0000E+00,0.0000E+00,0.0000E+00,0.0000E+00,
   56,1997,   7,0.4831E-02,0.1877E+01,0.1794E+02,0.5840E+00,0.4588E+00,0.2294E+01,0.3337E+00,0.8343E-01,0.3337E+01,0.4172E+00,0.5423E+02,
   87,1997,   7,0.0000E+00,0.0000E+00,0.0000E+00,0.0000E+00,0.0000E+00,0.0000E+00,0.0000E+00,0.0000E+00,0.0000E+00,0.0000E+00,0.0000E+00,
   44,1997,   7,0.1578E-02,0.8175E+00,0.4088E+01,0.8584E-01,0.7059E-01,0.2282E+01,0.2647E+00,0.6481E+00,0.2439E+01,0.9129E+00,0.2044E+01,
   41,1997,   7,0.0000E+00,0.0000E+00,0.0000E+00,0.0000E+00,0.0000E+00,0.0000E+00,0.0000E+00,0.0000E+00,0.0000E+00,0.0000E+00,0.0000E+00,
   49,1997,   7,0.1490E-02,0.9008E+00,0.1995E+01,0.1738E+01,0.1969E+00,0.3809E+00,0.6177E-01,0.3243E+00,0.2316E+01,0.3860E+00,0.1568E+01,
   91,1997,   7,0.4057E-01,0.2037E+02,0.1434E+02,0.1660E+02,0.3150E+02,0.4824E+01,0.5735E+01,0.2580E+01,0.5293E+02,0.8315E+01,0.4275E+02,
   51,1997,   7,0.2981E-02,0.1750E+01,0.5662E+01,0.3477E+01,0.3938E+00,0.7617E+00,0.1235E+00,0.6486E+00,0.4632E+01,0.7721E+00,0.7464E+01,
   68,1997,   7,0.0000E+00,0.0000E+00,0.0000E+00,0.0000E+00,0.0000E+00,0.0000E+00,0.0000E+00,0.0000E+00,0.0000E+00,0.0000E+00,0.0000E+00,
   54,1997,   7,0.1480E+00,0.9072E+02,0.3105E+03,0.1469E+03,0.6542E+02,0.6388E+02,0.6134E+01,0.4050E+02,0.2762E+03,0.4664E+02,0.1968E+03,
   33,1997,   7,0.0000E+00,0.0000E+00,0.0000E+00,0.0000E+00,0.0000E+00,0.0000E+00,0.0000E+00,0.0000E+00,0.0000E+00,0.0000E+00,0.0000E+00,
   80,1997,   7,0.0000E+00,0.0000E+00,0.0000E+00,0.0000E+00,0.0000E+00,0.0000E+00,0.0000E+00,0.0000E+00,0.0000E+00,0.0000E+00,0.0000E+00,
   50,1997,   7,0.0000E+00,0.0000E+00,0.0000E+00,0.0000E+00,0.0000E+00,0.0000E+00,0.0000E+00,0.0000E+00,0.0000E+00,0.0000E+00,0.0000E+00,
   58,1997,   7,0.6821E-01,0.4055E+02,0.3372E+02,0.2426E+01,0.3870E+02,0.5308E+01,0.4098E+00,0.9052E+00,0.4644E+02,0.1315E+01,0.2233E+02,
   17,1997,   7,0.1461E+00,0.7088E+02,0.3200E+03,0.6077E+02,0.4346E+02,0.7040E+02,0.1202E+02,0.2499E+02,0.1746E+03,0.3701E+02,0.9170E+03,
   95,1997,   7,0.6370E-02,0.3177E+01,0.3225E+01,0.4162E+01,0.4812E+01,0.9126E+00,0.5250E-01,0.2644E+00,0.9887E+01,0.3169E+00,0.1110E+02,
   90,1997,   7,0.0000E+00,0.0000E+00,0.0000E+00,0.0000E+00,0.0000E+00,0.0000E+00,0.0000E+00,0.0000E+00,0.0000E+00,0.0000E+00,0.0000E+00,
   15,1997,   7,0.0000E+00,0.0000E+00,0.0000E+00,0.0000E+00,0.0000E+00,0.0000E+00,0.0000E+00,0.0000E+00,0.0000E+00,0.0000E+00,0.0000E+00,
   14,1997,   7,0.3996E-01,0.1725E+02,0.4019E+02,0.4064E+02,0.4425E+03,0.4253E+02,0.1560E+02,0.3815E+02,0.5257E+03,0.5375E+02,0.4535E+02,
   31,1997,   7,0.5929E+00,0.2709E+03,0.7971E+03,0.2912E+03,0.3058E+02,0.6530E+02,0.1889E+02,0.5569E+02,0.3871E+03,0.7458E+02,0.1190E+04,
   12,1997,   7,0.1612E-01,0.6664E+01,0.2538E+02,0.1369E+02,0.1296E+02,0.4057E+01,0.1380E+01,0.3378E+01,0.3071E+02,0.4757E+01,0.5530E+02,
   23,1997,   7,0.1415E-01,0.5533E+01,0.5315E+01,0.1060E+01,0.1648E+01,0.3508E+00,0.1197E+00,0.2861E+00,0.3059E+01,0.4058E+00,0.6532E+02,
   25,1997,   7,0.8912E+01,0.7555E+04,0.1571E+05,0.9089E+04,0.2045E+04,0.2088E+04,0.3194E+03,0.6519E+03,0.1322E+05,0.9713E+03,0.2535E+05,
   18,1997,   7,0.2238E-01,0.7995E+02,0.3344E+03,0.1214E+03,0.7129E+02,0.4091E+02,0.2955E+01,0.8074E+01,0.2336E+03,0.1103E+02,0.2824E+03,
    4,1997,   7,0.4359E-01,0.1702E+02,0.5510E+01,0.4270E+01,0.4158E+01,0.1215E+01,0.3178E+00,0.8045E+00,0.9643E+01,0.1122E+01,0.1322E+03,
   74,1997,   7,0.8669E+00,0.3732E+03,0.1602E+04,0.3755E+02,0.1242E+02,0.7338E+03,0.3435E+02,0.7040E+02,0.7838E+03,0.1047E+03,0.2198E+04,
   73,1997,   7,0.1227E-03,0.4769E-01,0.3179E+00,0.4993E+00,0.6062E+01,0.5706E+00,0.2257E+00,0.5267E+00,0.7132E+01,0.7524E+00,0.9481E+00,
   69,1997,   7,0.1812E-01,0.7041E+01,0.7446E+01,0.2000E+01,0.2408E+02,0.2270E+01,0.9262E+00,0.2161E+01,0.2835E+02,0.3087E+01,0.7345E+01,
   20,1997,   7,0.6591E+00,0.2887E+03,0.1006E+04,0.9085E+03,0.7084E+03,0.2923E+03,0.3651E+02,0.7673E+02,0.1909E+04,0.1132E+03,0.1308E+04,
   36,1997,   7,0.0000E+00,0.0000E+00,0.0000E+00,0.0000E+00,0.0000E+00,0.0000E+00,0.0000E+00,0.0000E+00,0.0000E+00,0.0000E+00,0.0000E+00,
   16,1997,   7,0.3923E-03,0.1563E+00,0.1016E+01,0.1603E+01,0.1807E+02,0.1724E+01,0.6774E+00,0.1581E+01,0.2139E+02,0.2259E+01,0.2568E+01,
   26,1997,   7,0.3298E-01,0.1633E+02,0.2107E+02,0.1212E+02,0.3974E+02,0.5689E+01,0.8298E+00,0.2014E+01,0.5754E+02,0.2844E+01,0.5045E+02,
   30,1997,   7,0.4355E-02,0.1849E+01,0.9653E+01,0.5033E+01,0.4036E+01,0.1422E+01,0.3777E+00,0.9246E+00,0.1049E+02,0.1302E+01,0.9760E+01,
   66,1997,   7,0.0000E+00,0.0000E+00,0.0000E+00,0.0000E+00,0.0000E+00,0.0000E+00,0.0000E+00,0.0000E+00,0.0000E+00,0.0000E+00,0.0000E+00,
   24,1997,   7,0.1854E-02,0.8004E+00,0.4802E+01,0.2395E+01,0.8980E-01,0.5088E+00,0.1161E+00,0.2841E+00,0.2993E+01,0.4002E+00,0.4002E+01,
   10,1997,   7,0.4387E+01,0.1877E+04,0.1190E+04,0.4432E+03,0.2481E+03,0.1120E+03,0.2252E+02,0.4596E+02,0.8032E+03,0.6848E+02,0.1134E+05,
   19,1997,   7,0.3188E+01,0.1378E+04,0.4625E+04,0.2448E+04,0.4027E+03,0.5489E+03,0.1232E+03,0.2598E+03,0.3399E+04,0.3831E+03,0.6076E+04,
   11,1997,   7,0.9070E+00,0.3906E+03,0.1536E+04,0.1590E+04,0.6303E+02,0.3381E+03,0.5065E+02,0.1029E+03,0.1991E+04,0.1535E+03,0.1930E+04,
    0,1997,   7,0.5957E-02,0.2315E+01,0.6498E+01,0.2479E+00,0.3010E+01,0.2832E+00,0.1417E+00,0.3305E+00,0.3541E+01,0.4722E+00,0.1301E-02,
   62,1997,   7,0.0000E+00,0.0000E+00,0.0000E+00,0.0000E+00,0.0000E+00,0.0000E+00,0.0000E+00,0.0000E+00,0.0000E+00,0.0000E+00,0.0000E+00,
   92,1997,   8,0.4335E-01,0.2016E+02,0.8213E+02,0.4224E+02,0.7384E+01,0.1067E+02,0.3452E+01,0.1189E+02,0.6030E+02,0.1534E+02,0.1539E+03,
   61,1997,   8,0.7762E+00,0.5108E+03,0.7588E+03,0.7921E+03,0.5360E+03,0.1021E+03,0.7696E+01,0.5873E+02,0.1430E+04,0.6643E+02,0.8110E+03,
   86,1997,   8,0.1069E+00,0.1866E+04,0.3653E+03,0.8782E+02,0.4229E+03,0.4823E+02,0.6679E+01,0.4895E+02,0.5590E+03,0.5563E+02,0.2591E+04,
   34,1997,   8,0.2044E+02,0.1242E+05,0.4197E+04,0.6034E+04,0.1104E+05,0.2644E+04,0.8492E+02,0.1468E+03,0.1972E+05,0.2318E+03,0.1404E+05,
   64,1997,   8,0.1143E+02,0.6206E+04,0.6006E+04,0.3500E+04,0.5760E+04,0.2057E+04,0.1064E+03,0.2624E+03,0.1132E+05,0.3689E+03,0.1554E+05,
   63,1997,   8,0.1043E-01,0.5405E+01,0.2702E+02,0.8071E+01,0.3027E+00,0.1715E+01,0.1567E+01,0.3837E+01,0.1009E+02,0.5405E+01,0.1351E+02,
   59,1997,   8,0.2000E+00,0.1243E+03,0.0000E+00,0.4662E+01,0.8115E+01,0.1295E+02,0.0000E+00,0.4317E+01,0.2573E+02,0.4317E+01,0.6561E+02,
   55,1997,   8,0.4479E-01,0.2837E+02,0.6035E+01,0.1047E+01,0.2099E+02,0.2994E+01,0.1679E+01,0.1362E+02,0.2503E+02,0.1530E+02,0.6034E+01,
   65,1997,   8,0.1157E+00,0.6777E+02,0.9231E+02,0.3937E+02,0.9484E+02,0.3894E+02,0.4466E+01,0.1019E+02,0.1731E+03,0.1465E+02,0.1534E+03,
   32,1997,   8,0.7239E+00,0.4710E+03,0.1424E+03,0.1869E+02,0.1261E+03,0.4868E+02,0.1061E+02,0.4291E+02,0.1934E+03,0.5352E+02,0.1323E+03,
   53,1997,   8,0.2337E-01,0.1211E+02,0.4057E+01,0.2720E+01,0.2046E+01,0.2083E+01,0.8115E+00,0.7231E+00,0.6849E+01,0.1535E+01,0.7929E+01,
   47,1997,   8,0.0000E+00,0.0000E+00,0.0000E+00,0.0000E+00,0.0000E+00,0.0000E+00,0.0000E+00,0.0000E+00,0.0000E+00,0.0000E+00,0.0000E+00,
   81,1997,   8,0.0000E+00,0.0000E+00,0.0000E+00,0.0000E+00,0.0000E+00,0.0000E+00,0.0000E+00,0.0000E+00,0.0000E+00,0.0000E+00,0.0000E+00,
   82,1997,   8,0.4383E-01,0.3028E+02,0.0000E+00,0.0000E+00,0.0000E+00,0.1892E+01,0.0000E+00,0.1892E+02,0.1892E+01,0.1892E+02,0.3028E+02,
   79,1997,   8,0.3454E-02,0.1789E+01,0.8947E+01,0.2672E+01,0.1002E+00,0.5677E+00,0.5190E+00,0.1270E+01,0.3340E+01,0.1789E+01,0.4474E+01,
   77,1997,   8,0.3177E+00,0.2429E+03,0.4775E+02,0.5507E+02,0.1927E+03,0.7530E+02,0.9027E+01,0.8894E+02,0.3231E+03,0.9797E+02,0.3007E+03,
   85,1997,   8,0.2401E+00,0.1460E+03,0.4858E+03,0.4153E+03,0.8640E+02,0.9757E+02,0.1206E+02,0.1756E+02,0.5993E+03,0.2961E+02,0.2606E+03,
   52,1997,   8,0.0000E+00,0.0000E+00,0.0000E+00,0.0000E+00,0.0000E+00,0.0000E+00,0.0000E+00,0.0000E+00,0.0000E+00,0.0000E+00,0.0000E+00,
   56,1997,   8,0.0000E+00,0.0000E+00,0.0000E+00,0.0000E+00,0.0000E+00,0.0000E+00,0.0000E+00,0.0000E+00,0.0000E+00,0.0000E+00,0.0000E+00,
   87,1997,   8,0.0000E+00,0.0000E+00,0.0000E+00,0.0000E+00,0.0000E+00,0.0000E+00,0.0000E+00,0.0000E+00,0.0000E+00,0.0000E+00,0.0000E+00,
   44,1997,   8,0.1578E-02,0.8175E+00,0.4088E+01,0.8584E-01,0.7059E-01,0.2282E+01,0.2647E+00,0.6481E+00,0.2439E+01,0.9129E+00,0.2044E+01,
   41,1997,   8,0.0000E+00,0.0000E+00,0.0000E+00,0.0000E+00,0.0000E+00,0.0000E+00,0.0000E+00,0.0000E+00,0.0000E+00,0.0000E+00,0.0000E+00,
   49,1997,   8,0.1446E-02,0.9840E+00,0.9140E+00,0.1687E+01,0.1911E+00,0.3697E+00,0.5995E-01,0.3147E+00,0.2248E+01,0.3747E+00,0.8027E+00,
   91,1997,   8,0.4184E-01,0.2144E+02,0.1558E+02,0.1802E+02,0.3165E+02,0.5021E+01,0.6294E+01,0.2736E+01,0.5470E+02,0.9030E+01,0.4222E+02,
   51,1997,   8,0.2805E-02,0.1696E+01,0.8962E+01,0.3272E+01,0.3706E+00,0.7169E+00,0.1163E+00,0.6104E+00,0.4360E+01,0.7267E+00,0.7993E+01,
   68,1997,   8,0.0000E+00,0.0000E+00,0.0000E+00,0.0000E+00,0.0000E+00,0.0000E+00,0.0000E+00,0.0000E+00,0.0000E+00,0.0000E+00,0.0000E+00,
   54,1997,   8,0.1334E+00,0.8065E+02,0.2546E+03,0.1838E+03,0.2419E+02,0.4608E+02,0.5415E+01,0.3606E+02,0.2540E+03,0.4148E+02,0.1935E+03,
   33,1997,   8,0.0000E+00,0.0000E+00,0.0000E+00,0.0000E+00,0.0000E+00,0.0000E+00,0.0000E+00,0.0000E+00,0.0000E+00,0.0000E+00,0.0000E+00,
   80,1997,   8,0.0000E+00,0.0000E+00,0.0000E+00,0.0000E+00,0.0000E+00,0.0000E+00,0.0000E+00,0.0000E+00,0.0000E+00,0.0000E+00,0.0000E+00,
   50,1997,   8,0.0000E+00,0.0000E+00,0.0000E+00,0.0000E+00,0.0000E+00,0.0000E+00,0.0000E+00,0.0000E+00,0.0000E+00,0.0000E+00,0.0000E+00,
   58,1997,   8,0.6278E-01,0.3713E+02,0.2453E+02,0.2723E+01,0.3557E+02,0.4010E+01,0.3405E+00,0.8382E+00,0.4230E+02,0.1179E+01,0.1910E+02,
   17,1997,   8,0.4526E-01,0.2858E+02,0.3450E+01,0.1573E+02,0.2943E+02,0.4628E+01,0.6403E+00,0.9278E+01,0.4979E+02,0.9919E+01,0.3876E+02,
   95,1997,   8,0.7772E-02,0.4493E+01,0.6599E+01,0.5045E+01,0.5917E+01,0.1104E+01,0.1504E+00,0.7944E+00,0.1207E+02,0.9448E+00,0.1797E+02,
   90,1997,   8,0.0000E+00,0.0000E+00,0.0000E+00,0.0000E+00,0.0000E+00,0.0000E+00,0.0000E+00,0.0000E+00,0.0000E+00,0.0000E+00,0.0000E+00,
   15,1997,   8,0.0000E+00,0.0000E+00,0.0000E+00,0.0000E+00,0.0000E+00,0.0000E+00,0.0000E+00,0.0000E+00,0.0000E+00,0.0000E+00,0.0000E+00,
   14,1997,   8,0.4141E-01,0.1787E+02,0.4236E+02,0.3908E+02,0.4229E+03,0.4069E+02,0.1537E+02,0.3759E+02,0.5027E+03,0.5296E+02,0.3954E+02,
   31,1997,   8,0.5668E+00,0.2596E+03,0.7945E+03,0.2852E+03,0.3035E+02,0.6402E+02,0.1997E+02,0.5791E+02,0.3795E+03,0.7788E+02,0.1133E+04,
   12,1997,   8,0.1630E-01,0.6739E+01,0.2595E+02,0.1406E+02,0.1298E+02,0.4134E+01,0.1452E+01,0.3555E+01,0.3117E+02,0.5007E+01,0.5594E+02,
   23,1997,   8,0.1415E-01,0.5533E+01,0.5315E+01,0.1060E+01,0.1648E+01,0.3508E+00,0.1197E+00,0.2861E+00,0.3059E+01,0.4058E+00,0.6532E+02,
   25,1997,   8,0.8672E+01,0.7397E+04,0.1543E+05,0.8303E+04,0.2075E+04,0.1929E+04,0.3301E+03,0.6736E+03,0.1231E+05,0.1004E+04,0.2466E+05,
   18,1997,   8,0.2106E-01,0.7938E+02,0.3322E+03,0.1190E+03,0.7120E+02,0.4039E+02,0.2869E+01,0.7857E+01,0.2306E+03,0.1073E+02,0.2796E+03,
    4,1997,   8,0.4346E-01,0.1696E+02,0.5283E+01,0.1450E+01,0.4052E+01,0.6153E+00,0.2713E+00,0.7102E+00,0.6118E+01,0.9815E+00,0.1319E+03,
   74,1997,   8,0.8585E+00,0.3696E+03,0.1586E+04,0.3375E+02,0.9350E+01,0.6402E+03,0.3396E+02,0.6955E+02,0.6833E+03,0.1035E+03,0.2178E+04,
   73,1997,   8,0.1227E-03,0.4769E-01,0.3179E+00,0.4993E+00,0.6062E+01,0.5706E+00,0.2257E+00,0.5267E+00,0.7132E+01,0.7524E+00,0.9481E+00,
   69,1997,   8,0.1812E-01,0.7041E+01,0.7446E+01,0.2000E+01,0.2408E+02,0.2270E+01,0.9262E+00,0.2161E+01,0.2835E+02,0.3087E+01,0.7345E+01,
   20,1997,   8,0.6214E+00,0.2724E+03,0.1001E+04,0.9151E+03,0.3866E+03,0.2539E+03,0.3610E+02,0.7590E+02,0.1556E+04,0.1120E+03,0.1284E+04,
   36,1997,   8,0.0000E+00,0.0000E+00,0.0000E+00,0.0000E+00,0.0000E+00,0.0000E+00,0.0000E+00,0.0000E+00,0.0000E+00,0.0000E+00,0.0000E+00,
   16,1997,   8,0.3923E-03,0.1563E+00,0.1016E+01,0.1603E+01,0.1807E+02,0.1724E+01,0.6774E+00,0.1581E+01,0.2139E+02,0.2259E+01,0.2568E+01,
   26,1997,   8,0.3298E-01,0.1633E+02,0.2107E+02,0.1212E+02,0.3974E+02,0.5689E+01,0.8298E+00,0.2014E+01,0.5754E+02,0.2844E+01,0.5045E+02,
   30,1997,   8,0.4267E-02,0.1812E+01,0.9501E+01,0.4920E+01,0.4032E+01,0.1398E+01,0.3722E+00,0.9112E+00,0.1035E+02,0.1283E+01,0.9571E+01,
   66,1997,   8,0.0000E+00,0.0000E+00,0.0000E+00,0.0000E+00,0.0000E+00,0.0000E+00,0.0000E+00,0.0000E+00,0.0000E+00,0.0000E+00,0.0000E+00,
   24,1997,   8,0.1854E-02,0.8004E+00,0.4802E+01,0.2395E+01,0.8980E-01,0.5088E+00,0.1161E+00,0.2841E+00,0.2993E+01,0.4002E+00,0.4002E+01,
   10,1997,   8,0.4425E+01,0.1893E+04,0.1228E+04,0.4802E+03,0.2822E+03,0.1223E+03,0.2525E+02,0.5149E+02,0.8847E+03,0.7674E+02,0.1145E+05,
   19,1997,   8,0.3108E+01,0.1344E+04,0.4478E+04,0.2045E+04,0.3840E+03,0.4633E+03,0.1195E+03,0.2520E+03,0.2892E+04,0.3715E+03,0.5896E+04,
   11,1997,   8,0.9320E+00,0.4014E+03,0.1579E+04,0.1635E+04,0.6471E+02,0.3476E+03,0.5207E+02,0.1058E+03,0.2047E+04,0.1578E+03,0.1984E+04,
    0,1997,   8,0.5957E-02,0.2315E+01,0.6498E+01,0.2479E+00,0.3010E+01,0.2832E+00,0.1417E+00,0.3305E+00,0.3541E+01,0.4722E+00,0.1301E-02,
   62,1997,   8,0.0000E+00,0.0000E+00,0.0000E+00,0.0000E+00,0.0000E+00,0.0000E+00,0.0000E+00,0.0000E+00,0.0000E+00,0.0000E+00,0.0000E+00,
   92,1997,   9,0.4204E-01,0.2003E+02,0.9360E+02,0.4066E+02,0.7235E+01,0.1023E+02,0.3394E+01,0.1159E+02,0.5813E+02,0.1498E+02,0.7598E+02,
   61,1997,   9,0.7575E+00,0.5056E+03,0.7159E+03,0.7125E+03,0.4065E+03,0.8476E+02,0.2109E+02,0.5998E+02,0.1204E+04,0.8107E+02,0.7098E+03,
   86,1997,   9,0.9817E-01,0.1846E+04,0.4018E+03,0.8768E+02,0.4192E+03,0.3782E+02,0.6825E+01,0.4239E+02,0.5447E+03,0.4921E+02,0.2553E+04,
   34,1997,   9,0.2028E+02,0.1192E+05,0.3969E+04,0.6163E+04,0.1308E+05,0.2507E+04,0.1150E+03,0.1811E+03,0.2175E+05,0.2961E+03,0.1287E+05,
   64,1997,   9,0.1077E+02,0.5980E+04,0.5347E+04,0.2206E+04,0.6534E+04,0.1891E+04,0.1037E+03,0.3147E+03,0.1063E+05,0.4185E+03,0.1315E+05,
   63,1997,   9,0.1043E-01,0.5405E+01,0.2702E+02,0.8071E+01,0.3027E+00,0.1715E+01,0.1567E+01,0.3837E+01,0.1009E+02,0.5405E+01,0.1351E+02,
   59,1997,   9,0.1979E+00,0.1230E+03,0.0000E+00,0.1008E+02,0.1281E+02,0.1162E+02,0.0000E+00,0.6492E+01,0.3451E+02,0.6492E+01,0.6150E+02,
   55,1997,   9,0.3985E-01,0.2660E+02,0.6366E+01,0.1088E+01,0.1130E+02,0.2910E+01,0.1408E+01,0.1222E+02,0.1530E+02,0.1363E+02,0.8874E+01,
   65,1997,   9,0.1382E+00,0.8418E+02,0.7797E+02,0.4349E+02,0.8864E+02,0.3138E+02,0.1696E+01,0.1678E+02,0.1635E+03,0.1848E+02,0.1281E+03,
   32,1997,   9,0.7188E+00,0.4857E+03,0.2499E+02,0.1727E+02,0.1162E+03,0.4835E+02,0.2692E+01,0.5383E+02,0.1819E+03,0.5652E+02,0.1100E+03,
   53,1997,   9,0.2410E-01,0.1351E+02,0.6205E+01,0.2548E+01,0.4146E+01,0.2107E+01,0.1285E+01,0.1068E+01,0.8800E+01,0.2354E+01,0.8221E+01,
   47,1997,   9,0.0000E+00,0.0000E+00,0.0000E+00,0.0000E+00,0.0000E+00,0.0000E+00,0.0000E+00,0.0000E+00,0.0000E+00,0.0000E+00,0.0000E+00,
   81,1997,   9,0.0000E+00,0.0000E+00,0.0000E+00,0.0000E+00,0.0000E+00,0.0000E+00,0.0000E+00,0.0000E+00,0.0000E+00,0.0000E+00,0.0000E+00,
   82,1997,   9,0.4383E-01,0.3028E+02,0.0000E+00,0.0000E+00,0.0000E+00,0.1892E+01,0.0000E+00,0.1892E+02,0.1892E+01,0.1892E+02,0.3028E+02,
   79,1997,   9,0.3454E-02,0.1789E+01,0.8947E+01,0.2672E+01,0.1002E+00,0.5677E+00,0.5190E+00,0.1270E+01,0.3340E+01,0.1789E+01,0.4474E+01,
   77,1997,   9,0.2976E+00,0.2360E+03,0.1305E+03,0.5518E+02,0.5971E+02,0.6123E+02,0.2774E+02,0.5038E+02,0.1761E+03,0.7812E+02,0.2627E+03,
   85,1997,   9,0.2420E+00,0.1672E+03,0.4902E+03,0.3735E+03,0.7670E+02,0.1246E+03,0.1142E+02,0.2059E+02,0.5748E+03,0.3202E+02,0.3002E+03,
   52,1997,   9,0.0000E+00,0.0000E+00,0.0000E+00,0.0000E+00,0.0000E+00,0.0000E+00,0.0000E+00,0.0000E+00,0.0000E+00,0.0000E+00,0.0000E+00,
   56,1997,   9,0.0000E+00,0.0000E+00,0.0000E+00,0.0000E+00,0.0000E+00,0.0000E+00,0.0000E+00,0.0000E+00,0.0000E+00,0.0000E+00,0.0000E+00,
   87,1997,   9,0.0000E+00,0.0000E+00,0.0000E+00,0.0000E+00,0.0000E+00,0.0000E+00,0.0000E+00,0.0000E+00,0.0000E+00,0.0000E+00,0.0000E+00,
   44,1997,   9,0.1578E-02,0.8175E+00,0.4088E+01,0.8584E-01,0.7059E-01,0.2282E+01,0.2647E+00,0.6481E+00,0.2439E+01,0.9129E+00,0.2044E+01,
   41,1997,   9,0.0000E+00,0.0000E+00,0.0000E+00,0.0000E+00,0.0000E+00,0.0000E+00,0.0000E+00,0.0000E+00,0.0000E+00,0.0000E+00,0.0000E+00,
   49,1997,   9,0.1403E-02,0.8478E+00,0.5193E+00,0.1636E+01,0.1853E+00,0.3585E+00,0.5813E-01,0.3052E+00,0.2180E+01,0.3633E+00,0.6358E+00,
   91,1997,   9,0.4096E-01,0.2122E+02,0.1362E+02,0.1704E+02,0.3155E+02,0.4887E+01,0.5903E+01,0.2630E+01,0.5348E+02,0.8533E+01,0.4080E+02,
   51,1997,   9,0.2718E-02,0.1736E+01,0.7509E+01,0.3170E+01,0.3590E+00,0.6945E+00,0.1126E+00,0.5913E+00,0.4224E+01,0.7040E+00,0.1056E+02,
   68,1997,   9,0.0000E+00,0.0000E+00,0.0000E+00,0.0000E+00,0.0000E+00,0.0000E+00,0.0000E+00,0.0000E+00,0.0000E+00,0.0000E+00,0.0000E+00,
   54,1997,   9,0.1287E+00,0.8445E+02,0.2600E+03,0.1567E+03,0.3445E+02,0.4389E+02,0.6557E+01,0.3656E+02,0.2350E+03,0.4312E+02,0.1722E+03,
   33,1997,   9,0.0000E+00,0.0000E+00,0.0000E+00,0.0000E+00,0.0000E+00,0.0000E+00,0.0000E+00,0.0000E+00,0.0000E+00,0.0000E+00,0.0000E+00,
   80,1997,   9,0.0000E+00,0.0000E+00,0.0000E+00,0.0000E+00,0.0000E+00,0.0000E+00,0.0000E+00,0.0000E+00,0.0000E+00,0.0000E+00,0.0000E+00,
   50,1997,   9,0.0000E+00,0.0000E+00,0.0000E+00,0.0000E+00,0.0000E+00,0.0000E+00,0.0000E+00,0.0000E+00,0.0000E+00,0.0000E+00,0.0000E+00,
   58,1997,   9,0.6462E-01,0.3892E+02,0.2450E+02,0.2682E+01,0.2358E+02,0.4531E+01,0.3323E+00,0.9169E+00,0.3079E+02,0.1249E+01,0.2312E+02,
   17,1997,   9,0.7739E-01,0.4471E+02,0.6976E+02,0.2456E+02,0.2957E+02,0.3120E+02,0.3249E+01,0.2802E+02,0.8534E+02,0.3127E+02,0.1629E+03,
   95,1997,   9,0.8386E-02,0.4762E+01,0.7297E+01,0.6154E+01,0.5516E+01,0.1350E+01,0.2432E+00,0.1274E+01,0.1302E+02,0.1517E+01,0.1963E+02,
   90,1997,   9,0.0000E+00,0.0000E+00,0.0000E+00,0.0000E+00,0.0000E+00,0.0000E+00,0.0000E+00,0.0000E+00,0.0000E+00,0.0000E+00,0.0000E+00,
   15,1997,   9,0.0000E+00,0.0000E+00,0.0000E+00,0.0000E+00,0.0000E+00,0.0000E+00,0.0000E+00,0.0000E+00,0.0000E+00,0.0000E+00,0.0000E+00,
   14,1997,   9,0.3891E-01,0.1679E+02,0.2030E+02,0.3408E+02,0.3596E+03,0.3478E+02,0.1381E+02,0.3376E+02,0.4284E+03,0.4757E+02,0.2886E+02,
   31,1997,   9,0.5264E+00,0.2361E+03,0.6759E+03,0.2524E+03,0.2912E+02,0.5605E+02,0.1710E+02,0.4196E+02,0.3376E+03,0.5906E+02,0.1080E+04,
   12,1997,   9,0.1485E-01,0.6115E+01,0.2320E+02,0.1206E+02,0.1290E+02,0.3710E+01,0.1304E+01,0.3194E+01,0.2867E+02,0.4498E+01,0.5257E+02,
   23,1997,   9,0.1415E-01,0.5533E+01,0.5315E+01,0.1060E+01,0.1648E+01,0.3508E+00,0.1197E+00,0.2861E+00,0.3059E+01,0.4058E+00,0.6532E+02,
   25,1997,   9,0.8553E+01,0.7178E+04,0.1534E+05,0.7532E+04,0.2004E+04,0.1757E+04,0.2849E+03,0.5819E+03,0.1129E+05,0.8668E+03,0.2403E+05,
   18,1997,   9,0.2843E-01,0.8256E+02,0.3449E+03,0.1288E+03,0.7157E+02,0.4248E+02,0.3246E+01,0.8620E+01,0.2429E+03,0.1187E+02,0.2955E+03,
    4,1997,   9,0.4355E-01,0.1700E+02,0.5434E+01,0.1780E+01,0.4065E+01,0.6853E+00,0.2999E+00,0.7682E+00,0.6530E+01,0.1068E+01,0.1321E+03,
   74,1997,   9,0.1653E+01,0.7128E+03,0.3094E+04,0.3828E+02,0.9428E+01,0.1422E+04,0.6572E+02,0.1340E+03,0.1470E+04,0.1997E+03,0.4167E+04,
   73,1997,   9,0.1227E-03,0.4769E-01,0.3179E+00,0.4993E+00,0.6062E+01,0.5706E+00,0.2257E+00,0.5267E+00,0.7132E+01,0.7524E+00,0.9481E+00,
   69,1997,   9,0.1812E-01,0.7041E+01,0.7446E+01,0.2000E+01,0.2408E+02,0.2270E+01,0.9262E+00,0.2161E+01,0.2835E+02,0.3087E+01,0.7345E+01,
   20,1997,   9,0.5521E+00,0.2425E+03,0.9300E+03,0.8612E+03,0.1185E+03,0.1989E+03,0.2019E+02,0.4360E+02,0.1179E+04,0.6379E+02,0.1166E+04,
   36,1997,   9,0.0000E+00,0.0000E+00,0.0000E+00,0.0000E+00,0.0000E+00,0.0000E+00,0.0000E+00,0.0000E+00,0.0000E+00,0.0000E+00,0.0000E+00,
   16,1997,   9,0.3923E-03,0.1563E+00,0.1016E+01,0.1603E+01,0.1807E+02,0.1724E+01,0.6774E+00,0.1581E+01,0.2139E+02,0.2259E+01,0.2568E+01,
   26,1997,   9,0.3298E-01,0.1633E+02,0.2107E+02,0.1212E+02,0.3974E+02,0.5689E+01,0.8298E+00,0.2014E+01,0.5754E+02,0.2844E+01,0.5045E+02,
   30,1997,   9,0.4179E-02,0.1774E+01,0.9350E+01,0.4806E+01,0.4028E+01,0.1374E+01,0.3668E+00,0.8977E+00,0.1021E+02,0.1264E+01,0.9382E+01,
   66,1997,   9,0.0000E+00,0.0000E+00,0.0000E+00,0.0000E+00,0.0000E+00,0.0000E+00,0.0000E+00,0.0000E+00,0.0000E+00,0.0000E+00,0.0000E+00,
   24,1997,   9,0.1854E-02,0.8004E+00,0.4802E+01,0.2395E+01,0.8980E-01,0.5088E+00,0.1161E+00,0.2841E+00,0.2993E+01,0.4002E+00,0.4002E+01,
   10,1997,   9,0.4339E+01,0.1856E+04,0.1169E+04,0.4454E+03,0.2769E+03,0.1146E+03,0.2522E+02,0.5143E+02,0.8369E+03,0.7664E+02,0.1124E+05,
   19,1997,   9,0.3087E+01,0.1335E+04,0.4452E+04,0.2123E+04,0.3967E+03,0.4799E+03,0.1025E+03,0.2178E+03,0.3000E+04,0.3202E+03,0.5863E+04,
   11,1997,   9,0.1024E+01,0.4414E+03,0.1738E+04,0.1870E+04,0.7354E+02,0.3976E+03,0.5734E+02,0.1165E+03,0.2341E+04,0.1738E+03,0.2183E+04,
    0,1997,   9,0.5957E-02,0.2315E+01,0.6498E+01,0.2479E+00,0.3010E+01,0.2832E+00,0.1417E+00,0.3305E+00,0.3541E+01,0.4722E+00,0.1301E-02,
   62,1997,   9,0.0000E+00,0.0000E+00,0.0000E+00,0.0000E+00,0.0000E+00,0.0000E+00,0.0000E+00,0.0000E+00,0.0000E+00,0.0000E+00,0.0000E+00,
   92,1997,  10,0.3638E-01,0.2026E+02,0.1082E+03,0.3408E+02,0.6479E+01,0.8822E+01,0.3161E+01,0.1036E+02,0.4938E+02,0.1352E+02,0.8770E+02,
   61,1997,  10,0.7301E+00,0.4293E+03,0.1464E+03,0.6694E+03,0.2138E+03,0.1604E+03,0.4501E+01,0.1049E+03,0.1044E+04,0.1094E+03,0.7279E+03,
   86,1997,  10,0.1456E+00,0.1807E+04,0.5351E+03,0.9631E+02,0.4173E+03,0.8598E+02,0.1179E+02,0.6556E+02,0.5996E+03,0.7735E+02,0.2728E+04,
   34,1997,  10,0.1982E+02,0.1208E+05,0.4027E+04,0.6476E+04,0.1292E+05,0.2506E+04,0.5750E+02,0.1964E+03,0.2190E+05,0.2539E+03,0.1320E+05,
   64,1997,  10,0.1052E+02,0.5881E+04,0.5631E+04,0.2349E+04,0.6499E+04,0.1748E+04,0.1035E+03,0.2328E+03,0.1060E+05,0.3363E+03,0.1203E+05,
   63,1997,  10,0.1043E-01,0.5405E+01,0.2702E+02,0.8071E+01,0.3027E+00,0.1715E+01,0.1567E+01,0.3837E+01,0.1009E+02,0.5405E+01,0.1351E+02,
   59,1997,  10,0.1906E+00,0.1251E+03,0.6584E+02,0.1218E+02,0.1284E+02,0.1169E+02,0.1646E+01,0.4609E+01,0.3670E+02,0.6255E+01,0.5267E+02,
   55,1997,  10,0.3769E-01,0.2538E+02,0.5031E+01,0.6660E+00,0.3128E+02,0.2184E+01,0.7954E+00,0.1122E+02,0.3413E+02,0.1202E+02,0.7733E+01,
   65,1997,  10,0.1313E+00,0.8540E+02,0.6071E+02,0.3478E+02,0.1630E+03,0.9239E+02,0.6741E+01,0.1267E+02,0.2902E+03,0.1941E+02,0.1488E+03,
   32,1997,  10,0.7114E+00,0.5052E+03,0.1169E+03,0.2422E+02,0.8945E+02,0.4224E+02,0.8361E+01,0.4147E+02,0.1559E+03,0.4983E+02,0.1070E+03,
   53,1997,  10,0.2289E-01,0.1265E+02,0.5889E+01,0.2725E+01,0.5845E+01,0.2049E+01,0.8910E+00,0.8149E+00,0.1062E+02,0.1706E+01,0.1168E+02,
   47,1997,  10,0.0000E+00,0.0000E+00,0.0000E+00,0.0000E+00,0.0000E+00,0.0000E+00,0.0000E+00,0.0000E+00,0.0000E+00,0.0000E+00,0.0000E+00,
   81,1997,  10,0.0000E+00,0.0000E+00,0.0000E+00,0.0000E+00,0.0000E+00,0.0000E+00,0.0000E+00,0.0000E+00,0.0000E+00,0.0000E+00,0.0000E+00,
   82,1997,  10,0.4383E-01,0.3028E+02,0.0000E+00,0.0000E+00,0.0000E+00,0.1892E+01,0.0000E+00,0.1892E+02,0.1892E+01,0.1892E+02,0.3028E+02,
   79,1997,  10,0.3454E-02,0.1789E+01,0.8947E+01,0.2672E+01,0.1002E+00,0.5677E+00,0.5190E+00,0.1270E+01,0.3340E+01,0.1789E+01,0.4474E+01,
   77,1997,  10,0.2422E+00,0.1950E+03,0.1124E+03,0.6359E+02,0.1127E+03,0.4419E+02,0.1540E+02,0.7185E+02,0.2204E+03,0.8726E+02,0.1752E+03,
   85,1997,  10,0.2468E+00,0.1755E+03,0.5251E+03,0.3437E+03,0.1152E+03,0.4856E+02,0.1279E+02,0.2710E+02,0.5074E+03,0.3989E+02,0.2854E+03,
   52,1997,  10,0.0000E+00,0.0000E+00,0.0000E+00,0.0000E+00,0.0000E+00,0.0000E+00,0.0000E+00,0.0000E+00,0.0000E+00,0.0000E+00,0.0000E+00,
   56,1997,  10,0.0000E+00,0.0000E+00,0.0000E+00,0.0000E+00,0.0000E+00,0.0000E+00,0.0000E+00,0.0000E+00,0.0000E+00,0.0000E+00,0.0000E+00,
   87,1997,  10,0.0000E+00,0.0000E+00,0.0000E+00,0.0000E+00,0.0000E+00,0.0000E+00,0.0000E+00,0.0000E+00,0.0000E+00,0.0000E+00,0.0000E+00,
   44,1997,  10,0.1578E-02,0.8175E+00,0.4088E+01,0.8584E-01,0.7059E-01,0.2282E+01,0.2647E+00,0.6481E+00,0.2439E+01,0.9129E+00,0.2044E+01,
   41,1997,  10,0.0000E+00,0.0000E+00,0.0000E+00,0.0000E+00,0.0000E+00,0.0000E+00,0.0000E+00,0.0000E+00,0.0000E+00,0.0000E+00,0.0000E+00,
   49,1997,  10,0.1622E-02,0.1002E+01,0.1790E+01,0.1892E+01,0.2143E+00,0.4145E+00,0.6722E-01,0.3529E+00,0.2521E+01,0.4201E+00,0.1720E+01,
   91,1997,  10,0.3890E-01,0.1981E+02,0.1364E+02,0.1474E+02,0.3131E+02,0.4574E+01,0.4974E+01,0.2382E+01,0.5062E+02,0.7356E+01,0.4196E+02,
   51,1997,  10,0.2718E-02,0.1643E+01,0.8448E+01,0.3170E+01,0.3590E+00,0.6945E+00,0.1127E+00,0.5913E+00,0.4224E+01,0.7040E+00,0.5632E+01,
   68,1997,  10,0.0000E+00,0.0000E+00,0.0000E+00,0.0000E+00,0.0000E+00,0.0000E+00,0.0000E+00,0.0000E+00,0.0000E+00,0.0000E+00,0.0000E+00,
   54,1997,  10,0.1300E+00,0.8644E+02,0.2874E+03,0.1426E+03,0.4591E+02,0.1240E+03,0.7073E+01,0.3514E+02,0.3125E+03,0.4221E+02,0.1897E+03,
   33,1997,  10,0.0000E+00,0.0000E+00,0.0000E+00,0.0000E+00,0.0000E+00,0.0000E+00,0.0000E+00,0.0000E+00,0.0000E+00,0.0000E+00,0.0000E+00,
   80,1997,  10,0.0000E+00,0.0000E+00,0.0000E+00,0.0000E+00,0.0000E+00,0.0000E+00,0.0000E+00,0.0000E+00,0.0000E+00,0.0000E+00,0.0000E+00,
   50,1997,  10,0.0000E+00,0.0000E+00,0.0000E+00,0.0000E+00,0.0000E+00,0.0000E+00,0.0000E+00,0.0000E+00,0.0000E+00,0.0000E+00,0.0000E+00,
   58,1997,  10,0.6462E-01,0.3863E+02,0.2310E+02,0.2853E+01,0.2993E+02,0.5332E+01,0.3230E+00,0.1107E+01,0.3811E+02,0.1430E+01,0.2072E+02,
   17,1997,  10,0.7603E-01,0.4608E+02,0.6418E+02,0.9394E+01,0.3591E+02,0.2901E+02,0.3294E+01,0.2505E+02,0.7432E+02,0.2834E+02,0.1636E+03,
   95,1997,  10,0.6896E-02,0.4590E+01,0.5719E+01,0.5008E+01,0.4598E+01,0.1098E+01,0.1939E+00,0.1030E+01,0.1070E+02,0.1224E+01,0.1688E+02,
   90,1997,  10,0.0000E+00,0.0000E+00,0.0000E+00,0.0000E+00,0.0000E+00,0.0000E+00,0.0000E+00,0.0000E+00,0.0000E+00,0.0000E+00,0.0000E+00,
   15,1997,  10,0.0000E+00,0.0000E+00,0.0000E+00,0.0000E+00,0.0000E+00,0.0000E+00,0.0000E+00,0.0000E+00,0.0000E+00,0.0000E+00,0.0000E+00,
   14,1997,  10,0.4347E-01,0.1876E+02,0.2196E+02,0.3952E+02,0.4180E+03,0.4041E+02,0.1488E+02,0.3638E+02,0.4980E+03,0.5125E+02,0.3776E+02,
   31,1997,  10,0.5278E+00,0.2368E+03,0.7585E+03,0.2787E+03,0.3011E+02,0.6164E+02,0.1693E+02,0.4150E+02,0.3705E+03,0.5843E+02,0.1083E+04,
   12,1997,  10,0.1484E-01,0.6111E+01,0.2294E+02,0.1192E+02,0.1290E+02,0.3679E+01,0.1246E+01,0.3051E+01,0.2849E+02,0.4296E+01,0.5230E+02,
   23,1997,  10,0.1415E-01,0.5533E+01,0.5315E+01,0.1060E+01,0.1648E+01,0.3508E+00,0.1197E+00,0.2861E+00,0.3059E+01,0.4058E+00,0.6532E+02,
   25,1997,  10,0.8611E+01,0.6615E+04,0.1470E+05,0.7766E+04,0.1723E+04,0.1769E+04,0.3334E+03,0.6804E+03,0.1126E+05,0.1014E+04,0.2272E+05,
   18,1997,  10,0.2115E-01,0.9996E+01,0.2029E+02,0.9880E+01,0.1242E+02,0.3026E+01,0.1035E+01,0.2309E+01,0.2533E+02,0.3344E+01,0.3902E+02,
    4,1997,  10,0.4350E-01,0.1698E+02,0.5359E+01,0.1305E+01,0.4047E+01,0.5845E+00,0.2858E+00,0.7396E+00,0.5937E+01,0.1025E+01,0.1320E+03,
   74,1997,  10,0.7649E+00,0.3292E+03,0.1407E+04,0.3309E+02,0.9632E+01,0.7447E+03,0.3007E+02,0.6163E+02,0.7874E+03,0.9170E+02,0.1944E+04,
   73,1997,  10,0.1227E-03,0.4769E-01,0.3179E+00,0.4993E+00,0.6062E+01,0.5706E+00,0.2257E+00,0.5267E+00,0.7132E+01,0.7524E+00,0.9481E+00,
   69,1997,  10,0.1812E-01,0.7041E+01,0.7446E+01,0.2000E+01,0.2408E+02,0.2270E+01,0.9262E+00,0.2161E+01,0.2835E+02,0.3087E+01,0.7345E+01,
   20,1997,  10,0.5833E+00,0.2559E+03,0.9992E+03,0.9600E+03,0.4679E+02,0.2045E+03,0.2125E+02,0.4575E+02,0.1211E+04,0.6700E+02,0.1240E+04,
   36,1997,  10,0.0000E+00,0.0000E+00,0.0000E+00,0.0000E+00,0.0000E+00,0.0000E+00,0.0000E+00,0.0000E+00,0.0000E+00,0.0000E+00,0.0000E+00,
   16,1997,  10,0.3923E-03,0.1563E+00,0.1016E+01,0.1603E+01,0.1807E+02,0.1724E+01,0.6774E+00,0.1581E+01,0.2139E+02,0.2259E+01,0.2568E+01,
   26,1997,  10,0.3298E-01,0.1633E+02,0.2107E+02,0.1212E+02,0.3974E+02,0.5689E+01,0.8298E+00,0.2014E+01,0.5754E+02,0.2844E+01,0.5045E+02,
   30,1997,  10,0.4442E-02,0.1887E+01,0.9804E+01,0.5146E+01,0.4040E+01,0.1446E+01,0.3832E+00,0.9380E+00,0.1063E+02,0.1321E+01,0.9950E+01,
   66,1997,  10,0.0000E+00,0.0000E+00,0.0000E+00,0.0000E+00,0.0000E+00,0.0000E+00,0.0000E+00,0.0000E+00,0.0000E+00,0.0000E+00,0.0000E+00,
   24,1997,  10,0.1854E-02,0.8004E+00,0.4802E+01,0.2395E+01,0.8980E-01,0.5088E+00,0.1161E+00,0.2841E+00,0.2993E+01,0.4002E+00,0.4002E+01,
   10,1997,  10,0.3381E+01,0.1442E+04,0.9798E+03,0.4333E+03,0.1737E+03,0.1042E+03,0.2752E+02,0.5609E+02,0.7112E+03,0.8361E+02,0.8746E+04,
   19,1997,  10,0.3520E+01,0.1521E+04,0.5197E+04,0.2554E+04,0.4074E+03,0.5712E+03,0.1273E+03,0.2681E+03,0.3533E+04,0.3954E+03,0.6794E+04,
   11,1997,  10,0.9487E+00,0.4086E+03,0.1607E+04,0.1728E+04,0.6823E+02,0.3675E+03,0.5302E+02,0.1077E+03,0.2164E+04,0.1607E+03,0.2020E+04,
    0,1997,  10,0.5957E-02,0.2315E+01,0.6498E+01,0.2479E+00,0.3010E+01,0.2832E+00,0.1417E+00,0.3305E+00,0.3541E+01,0.4722E+00,0.1301E-02,
   62,1997,  10,0.0000E+00,0.0000E+00,0.0000E+00,0.0000E+00,0.0000E+00,0.0000E+00,0.0000E+00,0.0000E+00,0.0000E+00,0.0000E+00,0.0000E+00,
   92,1997,  11,0.4637E-01,0.3139E+02,0.1152E+03,0.4099E+02,0.8026E+01,0.1347E+02,0.3501E+01,0.1176E+02,0.6249E+02,0.1527E+02,0.9314E+02,
   61,1997,  11,0.8192E+00,0.6210E+03,0.6893E+03,0.1112E+04,0.2769E+03,0.1110E+03,0.1553E+02,0.2707E+02,0.1500E+04,0.4260E+02,0.5861E+03,
   86,1997,  11,0.2573E+00,0.1047E+04,0.7321E+03,0.8337E+02,0.3298E+03,0.1066E+03,0.2355E+02,0.6287E+02,0.5198E+03,0.8642E+02,0.2500E+04,
   34,1997,  11,0.2235E+02,0.1221E+05,0.5989E+04,0.6577E+04,0.1275E+05,0.2549E+04,0.8439E+02,0.1606E+03,0.2187E+05,0.2450E+03,0.1607E+05,
   64,1997,  11,0.1134E+02,0.7009E+04,0.6181E+04,0.2891E+04,0.5682E+04,0.1560E+04,0.1492E+03,0.2240E+03,0.1013E+05,0.3732E+03,0.9398E+04,
   63,1997,  11,0.1043E-01,0.5405E+01,0.2702E+02,0.8071E+01,0.3027E+00,0.1715E+01,0.1567E+01,0.3837E+01,0.1009E+02,0.5405E+01,0.1351E+02,
   59,1997,  11,0.2072E+00,0.1502E+03,0.1234E+03,0.7155E+01,0.1646E+02,0.1270E+02,0.2147E+01,0.1198E+02,0.3631E+02,0.1413E+02,0.1163E+03,
   55,1997,  11,0.5472E-01,0.3529E+02,0.9199E+01,0.1287E+01,0.3294E+02,0.4533E+01,0.1302E+01,0.8920E+01,0.3876E+02,0.1022E+02,0.1202E+02,
   65,1997,  11,0.1619E+00,0.1210E+03,0.1092E+03,0.4536E+02,0.1389E+03,0.4023E+02,0.7006E+01,0.1287E+02,0.2245E+03,0.1988E+02,0.2431E+03,
   32,1997,  11,0.8163E+00,0.6218E+03,0.1659E+03,0.4008E+02,0.8340E+03,0.7487E+02,0.6053E+01,0.5387E+02,0.9490E+03,0.5992E+02,0.1380E+03,
   53,1997,  11,0.2835E-01,0.1528E+02,0.7252E+01,0.3631E+01,0.7210E+01,0.2578E+01,0.7035E+00,0.7474E+00,0.1342E+02,0.1451E+01,0.1195E+02,
   47,1997,  11,0.0000E+00,0.0000E+00,0.0000E+00,0.0000E+00,0.0000E+00,0.0000E+00,0.0000E+00,0.0000E+00,0.0000E+00,0.0000E+00,0.0000E+00,
   81,1997,  11,0.0000E+00,0.0000E+00,0.0000E+00,0.0000E+00,0.0000E+00,0.0000E+00,0.0000E+00,0.0000E+00,0.0000E+00,0.0000E+00,0.0000E+00,
   82,1997,  11,0.4383E-01,0.3028E+02,0.0000E+00,0.0000E+00,0.0000E+00,0.1892E+01,0.0000E+00,0.1892E+02,0.1892E+01,0.1892E+02,0.3028E+02,
   79,1997,  11,0.3454E-02,0.1789E+01,0.8947E+01,0.2672E+01,0.1002E+00,0.5677E+00,0.5190E+00,0.1270E+01,0.3340E+01,0.1789E+01,0.4474E+01,
   77,1997,  11,0.4907E+00,0.3076E+03,0.8427E+03,0.1137E+03,0.4626E+02,0.1306E+03,0.2957E+02,0.6040E+02,0.2906E+03,0.8996E+02,0.2251E+04,
   85,1997,  11,0.3355E+00,0.2198E+03,0.8717E+03,0.3958E+03,0.2660E+02,0.5149E+03,0.1921E+02,0.2128E+02,0.9373E+03,0.4048E+02,0.1096E+04,
   52,1997,  11,0.0000E+00,0.0000E+00,0.0000E+00,0.0000E+00,0.0000E+00,0.0000E+00,0.0000E+00,0.0000E+00,0.0000E+00,0.0000E+00,0.0000E+00,
   56,1997,  11,0.9337E-02,0.3628E+01,0.3467E+02,0.1129E+01,0.8868E+00,0.4433E+01,0.6450E+00,0.1612E+00,0.6449E+01,0.8062E+00,0.1048E+03,
   87,1997,  11,0.0000E+00,0.0000E+00,0.0000E+00,0.0000E+00,0.0000E+00,0.0000E+00,0.0000E+00,0.0000E+00,0.0000E+00,0.0000E+00,0.0000E+00,
   44,1997,  11,0.1578E-02,0.8175E+00,0.4088E+01,0.8584E-01,0.7059E-01,0.2282E+01,0.2647E+00,0.6481E+00,0.2439E+01,0.9129E+00,0.2044E+01,
   41,1997,  11,0.0000E+00,0.0000E+00,0.0000E+00,0.0000E+00,0.0000E+00,0.0000E+00,0.0000E+00,0.0000E+00,0.0000E+00,0.0000E+00,0.0000E+00,
   49,1997,  11,0.1885E-02,0.1277E+01,0.1118E+01,0.2199E+01,0.2490E+00,0.4817E+00,0.7812E-01,0.4101E+00,0.2929E+01,0.4882E+00,0.1767E+01,
   91,1997,  11,0.4289E-01,0.2223E+02,0.1646E+02,0.1921E+02,0.3178E+02,0.5208E+01,0.6658E+01,0.2889E+01,0.5620E+02,0.9547E+01,0.4140E+02,
   51,1997,  11,0.3200E-02,0.2266E+01,0.4421E+01,0.3733E+01,0.4227E+00,0.8177E+00,0.1326E+00,0.6962E+00,0.4973E+01,0.8289E+00,0.3039E+01,
   68,1997,  11,0.0000E+00,0.0000E+00,0.0000E+00,0.0000E+00,0.0000E+00,0.0000E+00,0.0000E+00,0.0000E+00,0.0000E+00,0.0000E+00,0.0000E+00,
   54,1997,  11,0.1763E+00,0.1233E+03,0.4871E+03,0.2047E+03,0.4947E+02,0.4794E+02,0.1035E+02,0.3547E+02,0.3022E+03,0.4582E+02,0.2892E+03,
   33,1997,  11,0.0000E+00,0.0000E+00,0.0000E+00,0.0000E+00,0.0000E+00,0.0000E+00,0.0000E+00,0.0000E+00,0.0000E+00,0.0000E+00,0.0000E+00,
   80,1997,  11,0.0000E+00,0.0000E+00,0.0000E+00,0.0000E+00,0.0000E+00,0.0000E+00,0.0000E+00,0.0000E+00,0.0000E+00,0.0000E+00,0.0000E+00,
   50,1997,  11,0.0000E+00,0.0000E+00,0.0000E+00,0.0000E+00,0.0000E+00,0.0000E+00,0.0000E+00,0.0000E+00,0.0000E+00,0.0000E+00,0.0000E+00,
   58,1997,  11,0.6563E-01,0.4121E+02,0.2272E+02,0.3341E+01,0.3148E+02,0.8378E+01,0.3103E+00,0.9094E+00,0.4320E+02,0.1220E+01,0.1993E+02,
   17,1997,  11,0.2285E+00,0.1183E+03,0.5961E+03,0.2747E+02,0.5088E+02,0.9333E+02,0.1259E+02,0.3481E+02,0.1717E+03,0.4740E+02,0.1644E+04,
   95,1997,  11,0.1145E-01,0.9482E+01,0.1184E+02,0.8396E+01,0.7553E+01,0.1841E+01,0.2129E+00,0.1118E+01,0.1779E+02,0.1331E+01,0.2878E+02,
   90,1997,  11,0.0000E+00,0.0000E+00,0.0000E+00,0.0000E+00,0.0000E+00,0.0000E+00,0.0000E+00,0.0000E+00,0.0000E+00,0.0000E+00,0.0000E+00,
   15,1997,  11,0.0000E+00,0.0000E+00,0.0000E+00,0.0000E+00,0.0000E+00,0.0000E+00,0.0000E+00,0.0000E+00,0.0000E+00,0.0000E+00,0.0000E+00,
   14,1997,  11,0.4417E-01,0.1906E+02,0.3083E+02,0.3746E+02,0.3855E+03,0.3748E+02,0.1246E+02,0.3046E+02,0.4604E+03,0.4292E+02,0.3907E+02,
   31,1997,  11,0.6497E+00,0.2894E+03,0.9969E+03,0.3407E+03,0.3244E+02,0.7483E+02,0.1926E+02,0.4635E+02,0.4480E+03,0.6561E+02,0.1346E+04,
   12,1997,  11,0.1717E-01,0.7118E+01,0.2697E+02,0.1493E+02,0.1301E+02,0.4320E+01,0.1393E+01,0.3410E+01,0.3226E+02,0.4803E+01,0.5734E+02,
   23,1997,  11,0.1415E-01,0.5533E+01,0.5315E+01,0.1060E+01,0.1648E+01,0.3508E+00,0.1197E+00,0.2861E+00,0.3059E+01,0.4058E+00,0.6532E+02,
   25,1997,  11,0.9607E+01,0.6473E+04,0.1681E+05,0.7314E+04,0.1799E+04,0.1764E+04,0.2683E+03,0.5286E+03,0.1088E+05,0.7969E+03,0.2496E+05,
   18,1997,  11,0.2260E-01,0.1062E+02,0.1254E+02,0.6582E+01,0.1230E+02,0.2325E+01,0.1003E+01,0.2248E+01,0.2121E+02,0.3251E+01,0.4215E+02,
    4,1997,  11,0.4390E-01,0.1715E+02,0.6040E+01,0.2601E+01,0.4096E+01,0.8600E+00,0.3047E+00,0.7779E+00,0.7557E+01,0.1083E+01,0.1329E+03,
   74,1997,  11,0.8881E+00,0.3824E+03,0.1641E+04,0.3702E+02,0.1222E+02,0.6048E+03,0.3509E+02,0.7193E+02,0.6541E+03,0.1070E+03,0.2250E+04,
   73,1997,  11,0.1227E-03,0.4769E-01,0.3179E+00,0.4993E+00,0.6062E+01,0.5706E+00,0.2257E+00,0.5267E+00,0.7132E+01,0.7524E+00,0.9481E+00,
   69,1997,  11,0.1812E-01,0.7041E+01,0.7446E+01,0.2000E+01,0.2408E+02,0.2270E+01,0.9262E+00,0.2161E+01,0.2835E+02,0.3087E+01,0.7345E+01,
   20,1997,  11,0.7301E+00,0.3193E+03,0.1253E+04,0.9487E+03,0.4636E+02,0.2020E+03,0.2543E+02,0.5425E+02,0.1197E+04,0.7968E+02,0.1557E+04,
   36,1997,  11,0.0000E+00,0.0000E+00,0.0000E+00,0.0000E+00,0.0000E+00,0.0000E+00,0.0000E+00,0.0000E+00,0.0000E+00,0.0000E+00,0.0000E+00,
   16,1997,  11,0.3923E-03,0.1563E+00,0.1016E+01,0.1603E+01,0.1807E+02,0.1724E+01,0.6774E+00,0.1581E+01,0.2139E+02,0.2259E+01,0.2568E+01,
   26,1997,  11,0.3298E-01,0.1633E+02,0.2107E+02,0.1212E+02,0.3974E+02,0.5689E+01,0.8298E+00,0.2014E+01,0.5754E+02,0.2844E+01,0.5045E+02,
   30,1997,  11,0.4530E-02,0.1925E+01,0.9956E+01,0.5259E+01,0.4045E+01,0.1470E+01,0.3887E+00,0.9515E+00,0.1077E+02,0.1340E+01,0.1014E+02,
   66,1997,  11,0.0000E+00,0.0000E+00,0.0000E+00,0.0000E+00,0.0000E+00,0.0000E+00,0.0000E+00,0.0000E+00,0.0000E+00,0.0000E+00,0.0000E+00,
   24,1997,  11,0.1854E-02,0.8004E+00,0.4802E+01,0.2395E+01,0.8980E-01,0.5088E+00,0.1161E+00,0.2841E+00,0.2993E+01,0.4002E+00,0.4002E+01,
   10,1997,  11,0.8209E+01,0.3527E+04,0.2913E+04,0.6813E+03,0.9933E+03,0.2191E+03,0.8327E+02,0.1693E+03,0.1894E+04,0.2526E+03,0.2121E+05,
   19,1997,  11,0.3328E+01,0.1439E+04,0.4871E+04,0.2232E+04,0.4054E+03,0.5030E+03,0.1161E+03,0.2455E+03,0.3140E+04,0.3616E+03,0.6386E+04,
   11,1997,  11,0.9452E+00,0.4071E+03,0.1601E+04,0.1594E+04,0.6321E+02,0.3391E+03,0.5282E+02,0.1073E+03,0.1997E+04,0.1601E+03,0.2012E+04,
    0,1997,  11,0.5957E-02,0.2315E+01,0.6498E+01,0.2479E+00,0.3010E+01,0.2832E+00,0.1417E+00,0.3305E+00,0.3541E+01,0.4722E+00,0.1301E-02,
   62,1997,  11,0.0000E+00,0.0000E+00,0.0000E+00,0.0000E+00,0.0000E+00,0.0000E+00,0.0000E+00,0.0000E+00,0.0000E+00,0.0000E+00,0.0000E+00,
   92,1997,  12,0.4870E-01,0.3942E+02,0.1208E+03,0.4377E+02,0.8540E+01,0.1395E+02,0.3593E+01,0.1233E+02,0.6626E+02,0.1592E+02,0.1422E+03,
   61,1997,  12,0.7786E+00,0.6101E+03,0.5167E+03,0.1315E+04,0.1764E+03,0.1284E+03,0.3951E+02,0.3456E+02,0.1620E+04,0.7407E+02,0.5794E+03,
   86,1997,  12,0.1543E+00,0.6247E+03,0.2710E+03,0.4961E+02,0.2389E+03,0.5288E+02,0.1204E+02,0.5256E+02,0.3413E+03,0.6460E+02,0.9947E+03,
   34,1997,  12,0.1996E+02,0.8332E+04,0.3999E+04,0.6579E+04,0.1271E+05,0.2572E+04,0.4454E+02,0.1278E+03,0.2186E+05,0.1724E+03,0.1283E+05,
   64,1997,  12,0.1024E+02,0.6374E+04,0.5957E+04,0.4161E+04,0.4946E+04,0.1874E+04,0.1323E+03,0.2456E+03,0.1098E+05,0.3779E+03,0.7826E+04,
   63,1997,  12,0.1043E-01,0.5405E+01,0.2702E+02,0.8071E+01,0.3027E+00,0.1715E+01,0.1567E+01,0.3837E+01,0.1009E+02,0.5405E+01,0.1351E+02,
   59,1997,  12,0.2078E+00,0.1561E+03,0.1973E+03,0.2045E+02,0.1615E+02,0.2242E+02,0.5203E+01,0.1363E+02,0.5902E+02,0.1884E+02,0.2763E+03,
   55,1997,  12,0.5054E-01,0.3908E+02,0.1038E+02,0.1098E+01,0.2907E+02,0.4316E+01,0.1130E+01,0.7934E+01,0.3448E+02,0.9064E+01,0.1218E+02,
   65,1997,  12,0.1420E+00,0.1173E+03,0.1169E+03,0.3925E+02,0.1530E+03,0.2529E+02,0.4136E+01,0.1340E+02,0.2176E+03,0.1754E+02,0.1419E+03,
   32,1997,  12,0.7277E+00,0.5781E+03,0.1503E+03,0.1843E+02,0.9311E+03,0.6049E+02,0.4241E+01,0.4796E+02,0.1010E+04,0.5220E+02,0.1676E+03,
   53,1997,  12,0.2428E-01,0.1607E+02,0.8228E+01,0.4160E+01,0.8191E+01,0.3201E+01,0.6030E+00,0.6441E+00,0.1555E+02,0.1247E+01,0.1226E+02,
   47,1997,  12,0.0000E+00,0.0000E+00,0.0000E+00,0.0000E+00,0.0000E+00,0.0000E+00,0.0000E+00,0.0000E+00,0.0000E+00,0.0000E+00,0.0000E+00,
   81,1997,  12,0.0000E+00,0.0000E+00,0.0000E+00,0.0000E+00,0.0000E+00,0.0000E+00,0.0000E+00,0.0000E+00,0.0000E+00,0.0000E+00,0.0000E+00,
   82,1997,  12,0.4383E-01,0.3028E+02,0.0000E+00,0.0000E+00,0.0000E+00,0.1892E+01,0.0000E+00,0.1892E+02,0.1892E+01,0.1892E+02,0.3028E+02,
   79,1997,  12,0.3454E-02,0.1789E+01,0.8947E+01,0.2672E+01,0.1002E+00,0.5677E+00,0.5190E+00,0.1270E+01,0.3340E+01,0.1789E+01,0.4474E+01,
   77,1997,  12,0.2465E+00,0.2149E+03,0.1426E+03,0.9327E+02,0.7566E+02,0.3372E+02,0.4150E+02,0.2548E+02,0.2027E+03,0.6698E+02,0.1833E+03,
   85,1997,  12,0.2702E+00,0.2061E+03,0.6053E+03,0.3563E+03,0.2271E+03,0.7924E+02,0.1024E+02,0.2405E+02,0.6626E+03,0.3428E+02,0.3101E+03,
   52,1997,  12,0.0000E+00,0.0000E+00,0.0000E+00,0.0000E+00,0.0000E+00,0.0000E+00,0.0000E+00,0.0000E+00,0.0000E+00,0.0000E+00,0.0000E+00,
   56,1997,  12,0.0000E+00,0.0000E+00,0.0000E+00,0.0000E+00,0.0000E+00,0.0000E+00,0.0000E+00,0.0000E+00,0.0000E+00,0.0000E+00,0.0000E+00,
   87,1997,  12,0.0000E+00,0.0000E+00,0.0000E+00,0.0000E+00,0.0000E+00,0.0000E+00,0.0000E+00,0.0000E+00,0.0000E+00,0.0000E+00,0.0000E+00,
   44,1997,  12,0.1578E-02,0.8175E+00,0.4088E+01,0.8584E-01,0.7059E-01,0.2282E+01,0.2647E+00,0.6481E+00,0.2439E+01,0.9129E+00,0.2044E+01,
   41,1997,  12,0.0000E+00,0.0000E+00,0.0000E+00,0.0000E+00,0.0000E+00,0.0000E+00,0.0000E+00,0.0000E+00,0.0000E+00,0.0000E+00,0.0000E+00,
   49,1997,  12,0.1446E-02,0.1018E+01,0.1031E+01,0.1687E+01,0.1911E+00,0.3697E+00,0.5995E-01,0.3147E+00,0.2248E+01,0.3747E+00,0.1403E+01,
   91,1997,  12,0.3899E-01,0.2116E+02,0.1464E+02,0.1483E+02,0.3132E+02,0.4588E+01,0.5011E+01,0.2393E+01,0.5075E+02,0.7404E+01,0.4005E+02,
   51,1997,  12,0.3068E-02,0.2437E+01,0.2384E+01,0.3579E+01,0.4053E+00,0.7842E+00,0.1272E+00,0.6676E+00,0.4769E+01,0.7948E+00,0.1060E+01,
   68,1997,  12,0.0000E+00,0.0000E+00,0.0000E+00,0.0000E+00,0.0000E+00,0.0000E+00,0.0000E+00,0.0000E+00,0.0000E+00,0.0000E+00,0.0000E+00,
   54,1997,  12,0.1368E+00,0.9447E+02,0.3448E+03,0.1754E+03,0.3519E+02,0.4841E+02,0.6968E+01,0.2810E+02,0.2590E+03,0.3507E+02,0.2846E+03,
   33,1997,  12,0.0000E+00,0.0000E+00,0.0000E+00,0.0000E+00,0.0000E+00,0.0000E+00,0.0000E+00,0.0000E+00,0.0000E+00,0.0000E+00,0.0000E+00,
   80,1997,  12,0.0000E+00,0.0000E+00,0.0000E+00,0.0000E+00,0.0000E+00,0.0000E+00,0.0000E+00,0.0000E+00,0.0000E+00,0.0000E+00,0.0000E+00,
   50,1997,  12,0.0000E+00,0.0000E+00,0.0000E+00,0.0000E+00,0.0000E+00,0.0000E+00,0.0000E+00,0.0000E+00,0.0000E+00,0.0000E+00,0.0000E+00,
   58,1997,  12,0.6480E-01,0.4102E+02,0.2305E+02,0.3241E+01,0.3612E+02,0.2228E+01,0.3003E+00,0.9150E+00,0.4158E+02,0.1215E+01,0.2370E+02,
   17,1997,  12,0.8094E-01,0.5760E+02,0.8128E+02,0.2346E+02,0.5026E+02,0.3472E+02,0.3530E+01,0.2056E+02,0.1084E+03,0.2409E+02,0.1478E+03,
   95,1997,  12,0.8868E-02,0.9502E+01,0.1021E+02,0.6790E+01,0.5490E+01,0.1490E+01,0.1800E+00,0.9450E+00,0.1377E+02,0.1125E+01,0.2722E+02,
   90,1997,  12,0.0000E+00,0.0000E+00,0.0000E+00,0.0000E+00,0.0000E+00,0.0000E+00,0.0000E+00,0.0000E+00,0.0000E+00,0.0000E+00,0.0000E+00,
   15,1997,  12,0.0000E+00,0.0000E+00,0.0000E+00,0.0000E+00,0.0000E+00,0.0000E+00,0.0000E+00,0.0000E+00,0.0000E+00,0.0000E+00,0.0000E+00,
   14,1997,  12,0.4088E-01,0.1764E+02,0.3183E+02,0.3395E+02,0.3545E+03,0.3436E+02,0.1550E+02,0.3791E+02,0.4228E+03,0.5341E+02,0.3866E+02,
   31,1997,  12,0.5971E+00,0.2727E+03,0.7852E+03,0.3773E+03,0.3381E+02,0.8361E+02,0.1415E+02,0.4588E+02,0.4948E+03,0.6002E+02,0.1199E+04,
   12,1997,  12,0.1568E-01,0.6474E+01,0.2434E+02,0.1298E+02,0.1294E+02,0.3904E+01,0.1286E+01,0.3149E+01,0.2982E+02,0.4436E+01,0.5407E+02,
   23,1997,  12,0.1415E-01,0.5533E+01,0.5315E+01,0.1060E+01,0.1648E+01,0.3508E+00,0.1197E+00,0.2861E+00,0.3059E+01,0.4058E+00,0.6532E+02,
   25,1997,  12,0.9088E+01,0.6142E+04,0.1570E+05,0.7522E+04,0.1875E+04,0.1789E+04,0.2497E+03,0.5105E+03,0.1119E+05,0.7602E+03,0.2224E+05,
   18,1997,  12,0.2168E-01,0.1022E+02,0.2120E+02,0.9457E+01,0.1241E+02,0.2936E+01,0.8698E+00,0.1977E+01,0.2480E+02,0.2846E+01,0.4016E+02,
    4,1997,  12,0.4377E-01,0.1709E+02,0.5813E+01,0.1938E+01,0.4071E+01,0.7191E+00,0.2933E+00,0.7548E+00,0.6728E+01,0.1048E+01,0.1326E+03,
   74,1997,  12,0.8981E+00,0.3867E+03,0.1664E+04,0.3885E+02,0.1014E+02,0.8031E+03,0.3556E+02,0.7288E+02,0.8521E+03,0.1084E+03,0.2281E+04,
   73,1997,  12,0.1227E-03,0.4769E-01,0.3179E+00,0.4993E+00,0.6062E+01,0.5706E+00,0.2257E+00,0.5267E+00,0.7132E+01,0.7524E+00,0.9481E+00,
   69,1997,  12,0.1812E-01,0.7041E+01,0.7446E+01,0.2000E+01,0.2408E+02,0.2270E+01,0.9262E+00,0.2161E+01,0.2835E+02,0.3087E+01,0.7345E+01,
   20,1997,  12,0.7375E+00,0.3225E+03,0.1266E+04,0.9590E+03,0.4675E+02,0.2042E+03,0.2565E+02,0.5468E+02,0.1210E+04,0.8033E+02,0.1573E+04,
   36,1997,  12,0.0000E+00,0.0000E+00,0.0000E+00,0.0000E+00,0.0000E+00,0.0000E+00,0.0000E+00,0.0000E+00,0.0000E+00,0.0000E+00,0.0000E+00,
   16,1997,  12,0.3923E-03,0.1563E+00,0.1016E+01,0.1603E+01,0.1807E+02,0.1724E+01,0.6774E+00,0.1581E+01,0.2139E+02,0.2259E+01,0.2568E+01,
   26,1997,  12,0.3298E-01,0.1633E+02,0.2107E+02,0.1212E+02,0.3974E+02,0.5689E+01,0.8298E+00,0.2014E+01,0.5754E+02,0.2844E+01,0.5045E+02,
   30,1997,  12,0.4092E-02,0.1736E+01,0.9199E+01,0.4693E+01,0.4023E+01,0.1350E+01,0.3613E+00,0.8843E+00,0.1007E+02,0.1246E+01,0.9193E+01,
   66,1997,  12,0.0000E+00,0.0000E+00,0.0000E+00,0.0000E+00,0.0000E+00,0.0000E+00,0.0000E+00,0.0000E+00,0.0000E+00,0.0000E+00,0.0000E+00,
   24,1997,  12,0.1854E-02,0.8004E+00,0.4802E+01,0.2395E+01,0.8980E-01,0.5088E+00,0.1161E+00,0.2841E+00,0.2993E+01,0.4002E+00,0.4002E+01,
   10,1997,  12,0.3106E+01,0.1324E+04,0.1103E+04,0.5156E+03,0.1485E+03,0.1195E+03,0.1836E+02,0.3750E+02,0.7836E+03,0.5586E+02,0.7989E+04,
   19,1997,  12,0.3323E+01,0.1437E+04,0.4866E+04,0.2439E+04,0.4161E+03,0.5470E+03,0.1115E+03,0.2364E+03,0.3402E+04,0.3479E+03,0.6380E+04,
   11,1997,  12,0.9614E+00,0.4141E+03,0.1629E+04,0.1622E+04,0.6426E+02,0.3450E+03,0.5374E+02,0.1092E+03,0.2032E+04,0.1629E+03,0.2047E+04,
    0,1997,  12,0.5957E-02,0.2315E+01,0.6498E+01,0.2479E+00,0.3010E+01,0.2832E+00,0.1417E+00,0.3305E+00,0.3541E+01,0.4722E+00,0.1301E-02,
   62,1997,  12,0.0000E+00,0.0000E+00,0.0000E+00,0.0000E+00,0.0000E+00,0.0000E+00,0.0000E+00,0.0000E+00,0.0000E+00,0.0000E+00,0.0000E+00,
