   92,2000,   1,0.4539E-01,0.2665E+02,0.6705E+02,0.1705E+02,0.3137E+02,0.2156E+02,0.3606E+01,0.7851E+01,0.6998E+02,0.1146E+02,0.5480E+02,
   61,2000,   1,0.8610E+00,0.5871E+03,0.4194E+03,0.2826E+03,0.4829E+03,0.9159E+02,0.3486E+02,0.2973E+02,0.8572E+03,0.6459E+02,0.7172E+03,
   86,2000,   1,0.1722E+00,0.1238E+04,0.3574E+03,0.8213E+02,0.2542E+03,0.6198E+02,0.4639E+02,0.6599E+02,0.3983E+03,0.1124E+03,0.1398E+04,
   34,2000,   1,0.2085E+02,0.1083E+05,0.3541E+04,0.6863E+04,0.2017E+05,0.2427E+04,0.5665E+02,0.1331E+03,0.2946E+05,0.1897E+03,0.5136E+04,
   64,2000,   1,0.1131E+02,0.6196E+04,0.7543E+04,0.4369E+04,0.4418E+04,0.2613E+04,0.1310E+03,0.2534E+03,0.1140E+05,0.3844E+03,0.6599E+04,
   63,2000,   1,0.1043E-01,0.5405E+01,0.2702E+02,0.8071E+01,0.3027E+00,0.1715E+01,0.1567E+01,0.3837E+01,0.1009E+02,0.5405E+01,0.1351E+02,
   59,2000,   1,0.2168E+00,0.1479E+03,0.3262E+03,0.8748E+01,0.3630E+02,0.2678E+02,0.2647E+01,0.5867E+01,0.7183E+02,0.8515E+01,0.1170E+03,
   55,2000,   1,0.5385E-01,0.3823E+02,0.8498E+01,0.9792E+00,0.1657E+02,0.3901E+01,0.4285E+00,0.2754E+01,0.2145E+02,0.3182E+01,0.1373E+02,
   65,2000,   1,0.1224E+00,0.1005E+03,0.1396E+03,0.8151E+02,0.8244E+02,0.3778E+02,0.4911E+01,0.1078E+02,0.2017E+03,0.1569E+02,0.1626E+03,
   32,2000,   1,0.8166E+00,0.5618E+03,0.2366E+03,0.2040E+02,0.1208E+04,0.6157E+02,0.8937E+01,0.3912E+02,0.1290E+04,0.4805E+02,0.1667E+03,
   53,2000,   1,0.1887E-01,0.1269E+02,0.3709E-01,0.1961E+01,0.4849E+01,0.1681E+01,0.1272E-01,0.1189E+01,0.8491E+01,0.1201E+01,0.6446E+01,
   47,2000,   1,0.0000E+00,0.0000E+00,0.0000E+00,0.0000E+00,0.0000E+00,0.0000E+00,0.0000E+00,0.0000E+00,0.0000E+00,0.0000E+00,0.0000E+00,
   81,2000,   1,0.0000E+00,0.0000E+00,0.0000E+00,0.0000E+00,0.0000E+00,0.0000E+00,0.0000E+00,0.0000E+00,0.0000E+00,0.0000E+00,0.0000E+00,
   82,2000,   1,0.4383E-01,0.3028E+02,0.0000E+00,0.0000E+00,0.0000E+00,0.1892E+01,0.0000E+00,0.1892E+02,0.1892E+01,0.1892E+02,0.3028E+02,
   79,2000,   1,0.3454E-02,0.1789E+01,0.8947E+01,0.2672E+01,0.1002E+00,0.5677E+00,0.5190E+00,0.1270E+01,0.3340E+01,0.1789E+01,0.4474E+01,
   77,2000,   1,0.2445E+00,0.1360E+03,0.2610E+03,0.8087E+02,0.1106E+03,0.5756E+02,0.1242E+02,0.3187E+02,0.2490E+03,0.4429E+02,0.2111E+03,
   85,2000,   1,0.2334E+00,0.1545E+03,0.4502E+03,0.2945E+03,0.1316E+03,0.6991E+02,0.1468E+02,0.1969E+02,0.4961E+03,0.3437E+02,0.3069E+03,
   52,2000,   1,0.0000E+00,0.0000E+00,0.0000E+00,0.0000E+00,0.0000E+00,0.0000E+00,0.0000E+00,0.0000E+00,0.0000E+00,0.0000E+00,0.0000E+00,
   56,2000,   1,0.1315E-04,0.6813E-02,0.3406E-01,0.7153E-03,0.5883E-03,0.1902E-01,0.2206E-02,0.5401E-02,0.2032E-01,0.7607E-02,0.1703E-01,
   87,2000,   1,0.0000E+00,0.0000E+00,0.0000E+00,0.0000E+00,0.0000E+00,0.0000E+00,0.0000E+00,0.0000E+00,0.0000E+00,0.0000E+00,0.0000E+00,
   44,2000,   1,0.1578E-02,0.8175E+00,0.4088E+01,0.8584E-01,0.7059E-01,0.2282E+01,0.2647E+00,0.6481E+00,0.2439E+01,0.9129E+00,0.2044E+01,
   41,2000,   1,0.0000E+00,0.0000E+00,0.0000E+00,0.0000E+00,0.0000E+00,0.0000E+00,0.0000E+00,0.0000E+00,0.0000E+00,0.0000E+00,0.0000E+00,
   49,2000,   1,0.1403E-02,0.1045E+01,0.9310E+00,0.1636E+01,0.1853E+00,0.3585E+00,0.5814E-01,0.3052E+00,0.2180E+01,0.3633E+00,0.8705E+00,
   91,2000,   1,0.4061E-01,0.2118E+02,0.2613E+01,0.1576E+02,0.3097E+02,0.4319E+01,0.4300E+00,0.4322E+01,0.5105E+02,0.4752E+01,0.4055E+02,
   51,2000,   1,0.1841E-02,0.1796E+01,0.7948E+00,0.2148E+01,0.2432E+00,0.4705E+00,0.7630E-01,0.4006E+00,0.2861E+01,0.4769E+00,0.3179E+00,
   68,2000,   1,0.0000E+00,0.0000E+00,0.0000E+00,0.0000E+00,0.0000E+00,0.0000E+00,0.0000E+00,0.0000E+00,0.0000E+00,0.0000E+00,0.0000E+00,
   54,2000,   1,0.1381E+00,0.1001E+03,0.4769E+02,0.7153E+01,0.4888E+02,0.8345E+01,0.4769E+01,0.1073E+02,0.6438E+02,0.1550E+02,0.3577E+02,
   33,2000,   1,0.0000E+00,0.0000E+00,0.0000E+00,0.0000E+00,0.0000E+00,0.0000E+00,0.0000E+00,0.0000E+00,0.0000E+00,0.0000E+00,0.0000E+00,
   80,2000,   1,0.0000E+00,0.0000E+00,0.0000E+00,0.0000E+00,0.0000E+00,0.0000E+00,0.0000E+00,0.0000E+00,0.0000E+00,0.0000E+00,0.0000E+00,
   50,2000,   1,0.0000E+00,0.0000E+00,0.0000E+00,0.0000E+00,0.0000E+00,0.0000E+00,0.0000E+00,0.0000E+00,0.0000E+00,0.0000E+00,0.0000E+00,
   58,2000,   1,0.4756E-01,0.2696E+02,0.1943E+02,0.5479E+01,0.3920E+02,0.4750E+01,0.3191E+00,0.7034E+00,0.4943E+02,0.1023E+01,0.2126E+02,
   17,2000,   1,0.9426E-01,0.6568E+02,0.1508E+03,0.2500E+02,0.2965E+02,0.3741E+02,0.1032E+02,0.2095E+02,0.9206E+02,0.3127E+02,0.2479E+03,
   95,2000,   1,0.9964E-02,0.9233E+01,0.1597E+02,0.5600E+01,0.5233E+01,0.4640E+01,0.2577E+00,0.1367E+01,0.1547E+02,0.1625E+01,0.2969E+02,
   90,2000,   1,0.0000E+00,0.0000E+00,0.0000E+00,0.0000E+00,0.0000E+00,0.0000E+00,0.0000E+00,0.0000E+00,0.0000E+00,0.0000E+00,0.0000E+00,
   15,2000,   1,0.0000E+00,0.0000E+00,0.0000E+00,0.0000E+00,0.0000E+00,0.0000E+00,0.0000E+00,0.0000E+00,0.0000E+00,0.0000E+00,0.0000E+00,
   14,2000,   1,0.4924E-01,0.2125E+02,0.1554E+02,0.2537E+01,0.2528E+03,0.1881E+01,0.1712E+02,0.4188E+02,0.2572E+03,0.5901E+02,0.3372E+02,
   31,2000,   1,0.6280E+00,0.2964E+03,0.2070E+03,0.2459E+03,0.4222E+03,0.5141E+02,0.1452E+02,0.6380E+02,0.7195E+03,0.7832E+02,0.3679E+03,
   12,2000,   1,0.1666E-01,0.6897E+01,0.1177E+02,0.7507E+01,0.2116E+02,0.2698E+01,0.1334E+01,0.3267E+01,0.3136E+02,0.4602E+01,0.3939E+02,
   23,2000,   1,0.1417E-01,0.5542E+01,0.5367E+01,0.1087E+01,0.1649E+01,0.3563E+00,0.1210E+00,0.2893E+00,0.3092E+01,0.4102E+00,0.6537E+02,
   25,2000,   1,0.9022E+01,0.6118E+04,0.3714E+04,0.2858E+04,0.5169E+04,0.1688E+04,0.2775E+03,0.5671E+03,0.9715E+04,0.8446E+03,0.9471E+04,
   18,2000,   1,0.2514E-01,0.1172E+02,0.6221E+01,0.4311E+01,0.1525E+02,0.2409E+01,0.1618E+01,0.3910E+01,0.2197E+02,0.5529E+01,0.2006E+02,
    4,2000,   1,0.4394E-01,0.1717E+02,0.4603E+01,0.5502E+00,0.6424E+01,0.6090E+00,0.2753E+00,0.7184E+00,0.7583E+01,0.9937E+00,0.1318E+03,
   74,2000,   1,0.9002E+00,0.3876E+03,0.1659E+04,0.3430E+03,0.9888E+02,0.2957E+03,0.4438E+02,0.9088E+02,0.7376E+03,0.1353E+03,0.2279E+04,
   73,2000,   1,0.1227E-03,0.4769E-01,0.3179E+00,0.4993E+00,0.6062E+01,0.5706E+00,0.2257E+00,0.5267E+00,0.7132E+01,0.7524E+00,0.9481E+00,
   69,2000,   1,0.2250E-01,0.9312E+01,0.1880E+02,0.5392E+01,0.2421E+02,0.2991E+01,0.1585E+01,0.3774E+01,0.3259E+02,0.5358E+01,0.1302E+02,
   20,2000,   1,0.7476E+00,0.3278E+03,0.7130E+03,0.1292E+03,0.1095E+04,0.1109E+03,0.2720E+02,0.5850E+02,0.1335E+04,0.8571E+02,0.5431E+03,
   36,2000,   1,0.0000E+00,0.0000E+00,0.0000E+00,0.0000E+00,0.0000E+00,0.0000E+00,0.0000E+00,0.0000E+00,0.0000E+00,0.0000E+00,0.0000E+00,
   16,2000,   1,0.3948E-03,0.1574E+00,0.1023E+01,0.1607E+01,0.1807E+02,0.1725E+01,0.6775E+00,0.1582E+01,0.2140E+02,0.2259E+01,0.2573E+01,
   26,2000,   1,0.3313E-01,0.1639E+02,0.2145E+02,0.1231E+02,0.3974E+02,0.5730E+01,0.8390E+00,0.2037E+01,0.5778E+02,0.2876E+01,0.5076E+02,
   30,2000,   1,0.4294E-02,0.1823E+01,0.9155E+01,0.2888E+01,0.6355E+01,0.1151E+01,0.3739E+00,0.9153E+00,0.1039E+02,0.1289E+01,0.1084E+02,
   66,2000,   1,0.0000E+00,0.0000E+00,0.0000E+00,0.0000E+00,0.0000E+00,0.0000E+00,0.0000E+00,0.0000E+00,0.0000E+00,0.0000E+00,0.0000E+00,
   24,2000,   1,0.1911E-02,0.8251E+00,0.4951E+01,0.2469E+01,0.9258E-01,0.5246E+00,0.1197E+00,0.2929E+00,0.3086E+01,0.4126E+00,0.4126E+01,
   10,2000,   1,0.3148E+01,0.1341E+04,0.1059E+04,0.5399E+02,0.6462E+03,0.6097E+02,0.2013E+02,0.4109E+02,0.7612E+03,0.6121E+02,0.4694E+04,
   19,2000,   1,0.3606E+01,0.1559E+04,0.1323E+04,0.5524E+03,0.2773E+04,0.4715E+03,0.1200E+03,0.2533E+03,0.3797E+04,0.3733E+03,0.1815E+04,
   11,2000,   1,0.8912E+00,0.3848E+03,0.1148E+04,0.1283E+03,0.1452E+04,0.1385E+03,0.5081E+02,0.1039E+03,0.1719E+04,0.1547E+03,0.1812E+04,
    0,2000,   1,0.5957E-02,0.2315E+01,0.6498E+01,0.2479E+00,0.3010E+01,0.2832E+00,0.1417E+00,0.3305E+00,0.3541E+01,0.4722E+00,0.1301E-02,
   62,2000,   1,0.0000E+00,0.0000E+00,0.0000E+00,0.0000E+00,0.0000E+00,0.0000E+00,0.0000E+00,0.0000E+00,0.0000E+00,0.0000E+00,0.0000E+00,
   92,2000,   2,0.4574E-01,0.2686E+02,0.5846E+02,0.1797E+02,0.3315E+02,0.1232E+02,0.3504E+01,0.8940E+01,0.6344E+02,0.1244E+02,0.5229E+02,
   61,2000,   2,0.9772E+00,0.6514E+03,0.4997E+03,0.3350E+03,0.4652E+03,0.7741E+02,0.3896E+02,0.4934E+02,0.8775E+03,0.8830E+02,0.8667E+03,
   86,2000,   2,0.1876E+00,0.1148E+04,0.3849E+03,0.1132E+03,0.2596E+03,0.5685E+02,0.1515E+02,0.6688E+02,0.4296E+03,0.8203E+02,0.1361E+04,
   34,2000,   2,0.2258E+02,0.1067E+05,0.4578E+04,0.8108E+04,0.1569E+05,0.3720E+04,0.1492E+03,0.1750E+03,0.2752E+05,0.3242E+03,0.6027E+04,
   64,2000,   2,0.1259E+02,0.7279E+04,0.8032E+04,0.5917E+04,0.4163E+04,0.2332E+04,0.1110E+03,0.2035E+03,0.1241E+05,0.3145E+03,0.6872E+04,
   63,2000,   2,0.1043E-01,0.5405E+01,0.2702E+02,0.8071E+01,0.3027E+00,0.1715E+01,0.1567E+01,0.3837E+01,0.1009E+02,0.5405E+01,0.1351E+02,
   59,2000,   2,0.2200E+00,0.1634E+03,0.1882E+03,0.2122E+02,0.4082E+02,0.3192E+02,0.2496E+01,0.5383E+01,0.9396E+02,0.7879E+01,0.8548E+02,
   55,2000,   2,0.6847E-01,0.4677E+02,0.1201E+02,0.1149E+01,0.1990E+02,0.3939E+01,0.1158E+01,0.1922E+01,0.2499E+02,0.3080E+01,0.1846E+02,
   65,2000,   2,0.1349E+00,0.1003E+03,0.1265E+03,0.8582E+02,0.8769E+02,0.5206E+02,0.5804E+01,0.1090E+02,0.2256E+03,0.1671E+02,0.1765E+03,
   32,2000,   2,0.8812E+00,0.7220E+03,0.2712E+03,0.2090E+02,0.1172E+04,0.5879E+02,0.3811E+01,0.4714E+02,0.1252E+04,0.5095E+02,0.2017E+03,
   53,2000,   2,0.2577E-01,0.1799E+02,0.6610E+01,0.2310E+01,0.8799E+01,0.2744E+01,0.4568E+00,0.1415E+01,0.1385E+02,0.1872E+01,0.1322E+02,
   47,2000,   2,0.0000E+00,0.0000E+00,0.0000E+00,0.0000E+00,0.0000E+00,0.0000E+00,0.0000E+00,0.0000E+00,0.0000E+00,0.0000E+00,0.0000E+00,
   81,2000,   2,0.0000E+00,0.0000E+00,0.0000E+00,0.0000E+00,0.0000E+00,0.0000E+00,0.0000E+00,0.0000E+00,0.0000E+00,0.0000E+00,0.0000E+00,
   82,2000,   2,0.4383E-01,0.3028E+02,0.0000E+00,0.0000E+00,0.0000E+00,0.1892E+01,0.0000E+00,0.1892E+02,0.1892E+01,0.1892E+02,0.3028E+02,
   79,2000,   2,0.3454E-02,0.1789E+01,0.8947E+01,0.2672E+01,0.1002E+00,0.5677E+00,0.5190E+00,0.1270E+01,0.3340E+01,0.1789E+01,0.4474E+01,
   77,2000,   2,0.2835E+00,0.2008E+03,0.3006E+03,0.1181E+03,0.3724E+02,0.6730E+02,0.1596E+02,0.2248E+02,0.2227E+03,0.3844E+02,0.2252E+03,
   85,2000,   2,0.2731E+00,0.1708E+03,0.4833E+03,0.4797E+03,0.1043E+03,0.1021E+03,0.1466E+02,0.2341E+02,0.6861E+03,0.3807E+02,0.3761E+03,
   52,2000,   2,0.0000E+00,0.0000E+00,0.0000E+00,0.0000E+00,0.0000E+00,0.0000E+00,0.0000E+00,0.0000E+00,0.0000E+00,0.0000E+00,0.0000E+00,
   56,2000,   2,0.1315E-04,0.6813E-02,0.3406E-01,0.7153E-03,0.5883E-03,0.1902E-01,0.2206E-02,0.5401E-02,0.2032E-01,0.7607E-02,0.1703E-01,
   87,2000,   2,0.0000E+00,0.0000E+00,0.0000E+00,0.0000E+00,0.0000E+00,0.0000E+00,0.0000E+00,0.0000E+00,0.0000E+00,0.0000E+00,0.0000E+00,
   44,2000,   2,0.1578E-02,0.8175E+00,0.4088E+01,0.8584E-01,0.7059E-01,0.2282E+01,0.2647E+00,0.6481E+00,0.2439E+01,0.9129E+00,0.2044E+01,
   41,2000,   2,0.0000E+00,0.0000E+00,0.0000E+00,0.0000E+00,0.0000E+00,0.0000E+00,0.0000E+00,0.0000E+00,0.0000E+00,0.0000E+00,0.0000E+00,
   49,2000,   2,0.1271E-02,0.8902E+00,0.8970E+00,0.1483E+01,0.1679E+00,0.3249E+00,0.5269E-01,0.2766E+00,0.1976E+01,0.3293E+00,0.1169E+01,
   91,2000,   2,0.4504E-01,0.2495E+02,0.2681E+01,0.2043E+02,0.3130E+02,0.4846E+01,0.4409E+00,0.5490E+01,0.5657E+02,0.5931E+01,0.3935E+02,
   51,2000,   2,0.4471E-02,0.4015E+01,0.6949E+01,0.5215E+01,0.5906E+00,0.1143E+01,0.1853E+00,0.9728E+00,0.6949E+01,0.1158E+01,0.3860E+01,
   68,2000,   2,0.0000E+00,0.0000E+00,0.0000E+00,0.0000E+00,0.0000E+00,0.0000E+00,0.0000E+00,0.0000E+00,0.0000E+00,0.0000E+00,0.0000E+00,
   54,2000,   2,0.1574E+00,0.1169E+03,0.1033E+03,0.7745E+02,0.5435E+02,0.1630E+02,0.8153E+01,0.8152E+01,0.1481E+03,0.1630E+02,0.4891E+02,
   33,2000,   2,0.0000E+00,0.0000E+00,0.0000E+00,0.0000E+00,0.0000E+00,0.0000E+00,0.0000E+00,0.0000E+00,0.0000E+00,0.0000E+00,0.0000E+00,
   80,2000,   2,0.0000E+00,0.0000E+00,0.0000E+00,0.0000E+00,0.0000E+00,0.0000E+00,0.0000E+00,0.0000E+00,0.0000E+00,0.0000E+00,0.0000E+00,
   50,2000,   2,0.0000E+00,0.0000E+00,0.0000E+00,0.0000E+00,0.0000E+00,0.0000E+00,0.0000E+00,0.0000E+00,0.0000E+00,0.0000E+00,0.0000E+00,
   58,2000,   2,0.5449E-01,0.2935E+02,0.2155E+02,0.5616E+01,0.1635E+02,0.4189E+01,0.4511E+00,0.8274E+00,0.2615E+02,0.1278E+01,0.2308E+02,
   17,2000,   2,0.9418E-01,0.7791E+02,0.1127E+03,0.2268E+02,0.4184E+02,0.1286E+02,0.8852E+01,0.1799E+02,0.7738E+02,0.2684E+02,0.1746E+03,
   95,2000,   2,0.1049E-01,0.9091E+01,0.2559E+02,0.5596E+01,0.3099E+01,0.7595E+01,0.2603E+00,0.1404E+01,0.1629E+02,0.1665E+01,0.2814E+02,
   90,2000,   2,0.0000E+00,0.0000E+00,0.0000E+00,0.0000E+00,0.0000E+00,0.0000E+00,0.0000E+00,0.0000E+00,0.0000E+00,0.0000E+00,0.0000E+00,
   15,2000,   2,0.0000E+00,0.0000E+00,0.0000E+00,0.0000E+00,0.0000E+00,0.0000E+00,0.0000E+00,0.0000E+00,0.0000E+00,0.0000E+00,0.0000E+00,
   14,2000,   2,0.4946E-01,0.2135E+02,0.1491E+02,0.2499E+01,0.2452E+03,0.1838E+01,0.1727E+02,0.4224E+02,0.2495E+03,0.5950E+02,0.3636E+02,
   31,2000,   2,0.6985E+00,0.3268E+03,0.3568E+03,0.2624E+03,0.5053E+03,0.1229E+03,0.1547E+02,0.6582E+02,0.8906E+03,0.8129E+02,0.6124E+03,
   12,2000,   2,0.1710E-01,0.7086E+01,0.1892E+02,0.7080E+01,0.2226E+02,0.2601E+01,0.1318E+01,0.3227E+01,0.3194E+02,0.4545E+01,0.4133E+02,
   23,2000,   2,0.1417E-01,0.5542E+01,0.5367E+01,0.1087E+01,0.1649E+01,0.3563E+00,0.1210E+00,0.2893E+00,0.3092E+01,0.4102E+00,0.6537E+02,
   25,2000,   2,0.1061E+02,0.6935E+04,0.6034E+04,0.3032E+04,0.6453E+04,0.2027E+04,0.2946E+03,0.6019E+03,0.1151E+05,0.8965E+03,0.1683E+05,
   18,2000,   2,0.2576E-01,0.1199E+02,0.6225E+01,0.4292E+01,0.1446E+02,0.7593E+01,0.1494E+01,0.3606E+01,0.2635E+02,0.5100E+01,0.2236E+02,
    4,2000,   2,0.4438E-01,0.1736E+02,0.4149E+01,0.6695E+00,0.7872E+01,0.7452E+00,0.3253E+00,0.8198E+00,0.9286E+01,0.1145E+01,0.1314E+03,
   74,2000,   2,0.8730E+00,0.3759E+03,0.1631E+04,0.3009E+03,0.1062E+03,0.2592E+03,0.3729E+02,0.7675E+02,0.6663E+03,0.1140E+03,0.2212E+04,
   73,2000,   2,0.1227E-03,0.4769E-01,0.3179E+00,0.4993E+00,0.6062E+01,0.5706E+00,0.2257E+00,0.5267E+00,0.7132E+01,0.7524E+00,0.9481E+00,
   69,2000,   2,0.2250E-01,0.9312E+01,0.1880E+02,0.5392E+01,0.2421E+02,0.2991E+01,0.1585E+01,0.3774E+01,0.3259E+02,0.5358E+01,0.1302E+02,
   20,2000,   2,0.8405E+00,0.3679E+03,0.1123E+04,0.1277E+03,0.1077E+04,0.1092E+03,0.2985E+02,0.6388E+02,0.1314E+04,0.9373E+02,0.1193E+04,
   36,2000,   2,0.0000E+00,0.0000E+00,0.0000E+00,0.0000E+00,0.0000E+00,0.0000E+00,0.0000E+00,0.0000E+00,0.0000E+00,0.0000E+00,0.0000E+00,
   16,2000,   2,0.3948E-03,0.1574E+00,0.1023E+01,0.1607E+01,0.1807E+02,0.1725E+01,0.6775E+00,0.1582E+01,0.2140E+02,0.2259E+01,0.2573E+01,
   26,2000,   2,0.3313E-01,0.1639E+02,0.2145E+02,0.1231E+02,0.3974E+02,0.5730E+01,0.8390E+00,0.2037E+01,0.5778E+02,0.2876E+01,0.5076E+02,
   30,2000,   2,0.4294E-02,0.1823E+01,0.9458E+01,0.2888E+01,0.6355E+01,0.1151E+01,0.3739E+00,0.9153E+00,0.1039E+02,0.1289E+01,0.1402E+02,
   66,2000,   2,0.0000E+00,0.0000E+00,0.0000E+00,0.0000E+00,0.0000E+00,0.0000E+00,0.0000E+00,0.0000E+00,0.0000E+00,0.0000E+00,0.0000E+00,
   24,2000,   2,0.1911E-02,0.8251E+00,0.4951E+01,0.2469E+01,0.9258E-01,0.5246E+00,0.1197E+00,0.2929E+00,0.3086E+01,0.4126E+00,0.4126E+01,
   10,2000,   2,0.3244E+01,0.1383E+04,0.8899E+03,0.5194E+02,0.6213E+03,0.5862E+02,0.2046E+02,0.4176E+02,0.7318E+03,0.6222E+02,0.4417E+04,
   19,2000,   2,0.3730E+01,0.1612E+04,0.1705E+04,0.5757E+03,0.3082E+04,0.5403E+03,0.1054E+03,0.2225E+03,0.4198E+04,0.3279E+03,0.2195E+04,
   11,2000,   2,0.9088E+00,0.3924E+03,0.1171E+04,0.1255E+03,0.1417E+04,0.1352E+03,0.5181E+02,0.1060E+03,0.1678E+04,0.1578E+03,0.1773E+04,
    0,2000,   2,0.5957E-02,0.2315E+01,0.6498E+01,0.2479E+00,0.3010E+01,0.2832E+00,0.1417E+00,0.3305E+00,0.3541E+01,0.4722E+00,0.1301E-02,
   62,2000,   2,0.0000E+00,0.0000E+00,0.0000E+00,0.0000E+00,0.0000E+00,0.0000E+00,0.0000E+00,0.0000E+00,0.0000E+00,0.0000E+00,0.0000E+00,
   92,2000,   3,0.4697E-01,0.2915E+02,0.4907E+02,0.1945E+02,0.2898E+02,0.1192E+02,0.2726E+01,0.8378E+01,0.6035E+02,0.1110E+02,0.4779E+02,
   61,2000,   3,0.1069E+01,0.6903E+03,0.6620E+03,0.2677E+03,0.5993E+03,0.1492E+03,0.4707E+02,0.4791E+02,0.1016E+04,0.9499E+02,0.1272E+04,
   86,2000,   3,0.1740E+00,0.1311E+04,0.4330E+03,0.9700E+02,0.2906E+03,0.6855E+02,0.1554E+02,0.4437E+02,0.4562E+03,0.5991E+02,0.2176E+04,
   34,2000,   3,0.2282E+02,0.8514E+04,0.7136E+04,0.1007E+05,0.1047E+05,0.3588E+04,0.2223E+03,0.1565E+03,0.2412E+05,0.3788E+03,0.9540E+04,
   64,2000,   3,0.1312E+02,0.7855E+04,0.8384E+04,0.5565E+04,0.5141E+04,0.2281E+04,0.1479E+03,0.2326E+03,0.1299E+05,0.3805E+03,0.7462E+04,
   63,2000,   3,0.1043E-01,0.5405E+01,0.2702E+02,0.8071E+01,0.3027E+00,0.1715E+01,0.1567E+01,0.3837E+01,0.1009E+02,0.5405E+01,0.1351E+02,
   59,2000,   3,0.2228E+00,0.1615E+03,0.4769E+00,0.2186E+02,0.6227E+02,0.6326E+02,0.2766E-01,0.6026E+01,0.1474E+03,0.6053E+01,0.8884E+02,
   55,2000,   3,0.7108E-01,0.4170E+02,0.1389E+02,0.1561E+01,0.1854E+02,0.6446E+01,0.1806E+01,0.1480E+01,0.2655E+02,0.3286E+01,0.1896E+02,
   65,2000,   3,0.1408E+00,0.8992E+02,0.2060E+03,0.9724E+02,0.7901E+02,0.9168E+02,0.2688E+02,0.1440E+02,0.2679E+03,0.4128E+02,0.2978E+03,
   32,2000,   3,0.8771E+00,0.5823E+03,0.2519E+03,0.2180E+02,0.8288E+03,0.6583E+02,0.9436E+01,0.4896E+02,0.9165E+03,0.5840E+02,0.1126E+03,
   53,2000,   3,0.2723E-01,0.1626E+02,0.9183E+01,0.1983E+01,0.9210E+01,0.3870E+01,0.7198E+00,0.1791E+01,0.1506E+02,0.2510E+01,0.1150E+02,
   47,2000,   3,0.0000E+00,0.0000E+00,0.0000E+00,0.0000E+00,0.0000E+00,0.0000E+00,0.0000E+00,0.0000E+00,0.0000E+00,0.0000E+00,0.0000E+00,
   81,2000,   3,0.0000E+00,0.0000E+00,0.0000E+00,0.0000E+00,0.0000E+00,0.0000E+00,0.0000E+00,0.0000E+00,0.0000E+00,0.0000E+00,0.0000E+00,
   82,2000,   3,0.4383E-01,0.3028E+02,0.0000E+00,0.0000E+00,0.0000E+00,0.1892E+01,0.0000E+00,0.1892E+02,0.1892E+01,0.1892E+02,0.3028E+02,
   79,2000,   3,0.3454E-02,0.1789E+01,0.8947E+01,0.2672E+01,0.1002E+00,0.5677E+00,0.5190E+00,0.1270E+01,0.3340E+01,0.1789E+01,0.4474E+01,
   77,2000,   3,0.3125E+00,0.1884E+03,0.1708E+03,0.1372E+03,0.3894E+02,0.7224E+02,0.1457E+02,0.4739E+02,0.2484E+03,0.6196E+02,0.3561E+03,
   85,2000,   3,0.2795E+00,0.1157E+03,0.4575E+03,0.3760E+03,0.1044E+03,0.5232E+02,0.1477E+02,0.2436E+02,0.5327E+03,0.3913E+02,0.3727E+03,
   52,2000,   3,0.0000E+00,0.0000E+00,0.0000E+00,0.0000E+00,0.0000E+00,0.0000E+00,0.0000E+00,0.0000E+00,0.0000E+00,0.0000E+00,0.0000E+00,
   56,2000,   3,0.1315E-04,0.6813E-02,0.3406E-01,0.7153E-03,0.5883E-03,0.1902E-01,0.2206E-02,0.5401E-02,0.2032E-01,0.7607E-02,0.1703E-01,
   87,2000,   3,0.0000E+00,0.0000E+00,0.0000E+00,0.0000E+00,0.0000E+00,0.0000E+00,0.0000E+00,0.0000E+00,0.0000E+00,0.0000E+00,0.0000E+00,
   44,2000,   3,0.1578E-02,0.8175E+00,0.4088E+01,0.8584E-01,0.7059E-01,0.2282E+01,0.2647E+00,0.6481E+00,0.2439E+01,0.9129E+00,0.2044E+01,
   41,2000,   3,0.0000E+00,0.0000E+00,0.0000E+00,0.0000E+00,0.0000E+00,0.0000E+00,0.0000E+00,0.0000E+00,0.0000E+00,0.0000E+00,0.0000E+00,
   49,2000,   3,0.1052E-02,0.6358E+00,0.9273E+00,0.1227E+01,0.1390E+00,0.2689E+00,0.4360E-01,0.2289E+00,0.1635E+01,0.2725E+00,0.1749E+01,
   91,2000,   3,0.4478E-01,0.2409E+02,0.2783E+01,0.2014E+02,0.3127E+02,0.4798E+01,0.4354E+00,0.5426E+01,0.5621E+02,0.5862E+01,0.4239E+02,
   51,2000,   3,0.3726E-02,0.2445E+01,0.6756E+01,0.4346E+01,0.4922E+00,0.9521E+00,0.1544E+00,0.8107E+00,0.5791E+01,0.9651E+00,0.6756E+01,
   68,2000,   3,0.0000E+00,0.0000E+00,0.0000E+00,0.0000E+00,0.0000E+00,0.0000E+00,0.0000E+00,0.0000E+00,0.0000E+00,0.0000E+00,0.0000E+00,
   54,2000,   3,0.1534E+00,0.8875E+02,0.1232E+03,0.6623E+01,0.6888E+02,0.7948E+02,0.1325E+01,0.2252E+02,0.1550E+03,0.2384E+02,0.9670E+02,
   33,2000,   3,0.0000E+00,0.0000E+00,0.0000E+00,0.0000E+00,0.0000E+00,0.0000E+00,0.0000E+00,0.0000E+00,0.0000E+00,0.0000E+00,0.0000E+00,
   80,2000,   3,0.0000E+00,0.0000E+00,0.0000E+00,0.0000E+00,0.0000E+00,0.0000E+00,0.0000E+00,0.0000E+00,0.0000E+00,0.0000E+00,0.0000E+00,
   50,2000,   3,0.0000E+00,0.0000E+00,0.0000E+00,0.0000E+00,0.0000E+00,0.0000E+00,0.0000E+00,0.0000E+00,0.0000E+00,0.0000E+00,0.0000E+00,
   58,2000,   3,0.5624E-01,0.3029E+02,0.2777E+02,0.5696E+01,0.3108E+02,0.5202E+01,0.5644E+00,0.9370E+00,0.4197E+02,0.1501E+01,0.2967E+02,
   17,2000,   3,0.9745E-01,0.5686E+02,0.1652E+03,0.1687E+02,0.4349E+02,0.3452E+02,0.6728E+01,0.1651E+02,0.9489E+02,0.2324E+02,0.1835E+03,
   95,2000,   3,0.9832E-02,0.7705E+01,0.3222E+02,0.5031E+01,0.2811E+01,0.7427E+01,0.2763E+00,0.1469E+01,0.1527E+02,0.1745E+01,0.4693E+02,
   90,2000,   3,0.0000E+00,0.0000E+00,0.0000E+00,0.0000E+00,0.0000E+00,0.0000E+00,0.0000E+00,0.0000E+00,0.0000E+00,0.0000E+00,0.0000E+00,
   15,2000,   3,0.0000E+00,0.0000E+00,0.0000E+00,0.0000E+00,0.0000E+00,0.0000E+00,0.0000E+00,0.0000E+00,0.0000E+00,0.0000E+00,0.0000E+00,
   14,2000,   3,0.4637E-01,0.2001E+02,0.1828E+02,0.2563E+01,0.3060E+03,0.1909E+01,0.1629E+02,0.3984E+02,0.3104E+03,0.5613E+02,0.3157E+02,
   31,2000,   3,0.7171E+00,0.3349E+03,0.3869E+03,0.2340E+03,0.4616E+03,0.7636E+02,0.1618E+02,0.6733E+02,0.7719E+03,0.8351E+02,0.6532E+03,
   12,2000,   3,0.1645E-01,0.6806E+01,0.1681E+02,0.7734E+01,0.2060E+02,0.2749E+01,0.1344E+01,0.3291E+01,0.3109E+02,0.4635E+01,0.4235E+02,
   23,2000,   3,0.1417E-01,0.5542E+01,0.5367E+01,0.1087E+01,0.1649E+01,0.3563E+00,0.1210E+00,0.2893E+00,0.3092E+01,0.4102E+00,0.6537E+02,
   25,2000,   3,0.9911E+01,0.6871E+04,0.4049E+04,0.2782E+04,0.5796E+04,0.1373E+04,0.2213E+03,0.4530E+03,0.9951E+04,0.6744E+03,0.1316E+05,
   18,2000,   3,0.2475E-01,0.1155E+02,0.6660E+01,0.4391E+01,0.1855E+02,0.3628E+01,0.1155E+01,0.2554E+01,0.2657E+02,0.3709E+01,0.2252E+02,
    4,2000,   3,0.4438E-01,0.1736E+02,0.5058E+01,0.5423E+00,0.6327E+01,0.5999E+00,0.3403E+00,0.8503E+00,0.7470E+01,0.1191E+01,0.1332E+03,
   74,2000,   3,0.8356E+00,0.3597E+03,0.1537E+04,0.2306E+03,0.8302E+02,0.1981E+03,0.3106E+02,0.6390E+02,0.5117E+03,0.9496E+02,0.2111E+04,
   73,2000,   3,0.1227E-03,0.4769E-01,0.3179E+00,0.4993E+00,0.6062E+01,0.5706E+00,0.2257E+00,0.5267E+00,0.7132E+01,0.7524E+00,0.9481E+00,
   69,2000,   3,0.2250E-01,0.9312E+01,0.1880E+02,0.5392E+01,0.2421E+02,0.2991E+01,0.1585E+01,0.3774E+01,0.3259E+02,0.5358E+01,0.1302E+02,
   20,2000,   3,0.7419E+00,0.3253E+03,0.8803E+03,0.1324E+03,0.1135E+04,0.1146E+03,0.2704E+02,0.5817E+02,0.1382E+04,0.8521E+02,0.6544E+03,
   36,2000,   3,0.0000E+00,0.0000E+00,0.0000E+00,0.0000E+00,0.0000E+00,0.0000E+00,0.0000E+00,0.0000E+00,0.0000E+00,0.0000E+00,0.0000E+00,
   16,2000,   3,0.3948E-03,0.1574E+00,0.1023E+01,0.1607E+01,0.1807E+02,0.1725E+01,0.6775E+00,0.1582E+01,0.2140E+02,0.2259E+01,0.2573E+01,
   26,2000,   3,0.3313E-01,0.1639E+02,0.2145E+02,0.1231E+02,0.3974E+02,0.5730E+01,0.8390E+00,0.2037E+01,0.5778E+02,0.2876E+01,0.5076E+02,
   30,2000,   3,0.4732E-02,0.2013E+01,0.8284E+01,0.2937E+01,0.6956E+01,0.1207E+01,0.4014E+00,0.9825E+00,0.1110E+02,0.1384E+01,0.9062E+01,
   66,2000,   3,0.0000E+00,0.0000E+00,0.0000E+00,0.0000E+00,0.0000E+00,0.0000E+00,0.0000E+00,0.0000E+00,0.0000E+00,0.0000E+00,0.0000E+00,
   24,2000,   3,0.1911E-02,0.8251E+00,0.4951E+01,0.2469E+01,0.9258E-01,0.5246E+00,0.1197E+00,0.2929E+00,0.3086E+01,0.4126E+00,0.4126E+01,
   10,2000,   3,0.3015E+01,0.1284E+04,0.8620E+03,0.7275E+02,0.8740E+03,0.8241E+02,0.1800E+02,0.3677E+02,0.1029E+04,0.5477E+02,0.3343E+04,
   19,2000,   3,0.3426E+01,0.1481E+04,0.2114E+04,0.6334E+03,0.3193E+04,0.5649E+03,0.1134E+03,0.2398E+03,0.4391E+04,0.3532E+03,0.2148E+04,
   11,2000,   3,0.8128E+00,0.3509E+03,0.8443E+03,0.1222E+03,0.1377E+04,0.1314E+03,0.4634E+02,0.9486E+02,0.1630E+04,0.1412E+03,0.1111E+04,
    0,2000,   3,0.5957E-02,0.2315E+01,0.6498E+01,0.2479E+00,0.3010E+01,0.2832E+00,0.1417E+00,0.3305E+00,0.3541E+01,0.4722E+00,0.1301E-02,
   62,2000,   3,0.0000E+00,0.0000E+00,0.0000E+00,0.0000E+00,0.0000E+00,0.0000E+00,0.0000E+00,0.0000E+00,0.0000E+00,0.0000E+00,0.0000E+00,
   92,2000,   4,0.4740E-01,0.2847E+02,0.5798E+02,0.2108E+02,0.3177E+02,0.1181E+02,0.4144E+01,0.9113E+01,0.6466E+02,0.1326E+02,0.4884E+02,
   61,2000,   4,0.1042E+01,0.5845E+03,0.4861E+03,0.2426E+03,0.5892E+03,0.1178E+03,0.7655E+02,0.4672E+02,0.9496E+03,0.1233E+03,0.6553E+03,
   86,2000,   4,0.1812E+00,0.1350E+04,0.3943E+03,0.9905E+02,0.2992E+03,0.7533E+02,0.2178E+02,0.7838E+02,0.4735E+03,0.1002E+03,0.1452E+04,
   34,2000,   4,0.2440E+02,0.1062E+05,0.6956E+04,0.9221E+04,0.1155E+05,0.4470E+04,0.2014E+03,0.1206E+03,0.2524E+05,0.3221E+03,0.1003E+05,
   64,2000,   4,0.1327E+02,0.8331E+04,0.7550E+04,0.5517E+04,0.5348E+04,0.1763E+04,0.1493E+03,0.2806E+03,0.1263E+05,0.4299E+03,0.7854E+04,
   63,2000,   4,0.1043E-01,0.5405E+01,0.2702E+02,0.8071E+01,0.3027E+00,0.1715E+01,0.1567E+01,0.3837E+01,0.1009E+02,0.5405E+01,0.1351E+02,
   59,2000,   4,0.2354E+00,0.1524E+03,0.2139E+03,0.1883E+02,0.1950E+02,0.3882E+02,0.2668E+01,0.5145E+01,0.7715E+02,0.7813E+01,0.8594E+02,
   55,2000,   4,0.6745E-01,0.3831E+02,0.7322E+01,0.1485E+01,0.1605E+02,0.6709E+01,0.6623E+00,0.1986E+01,0.2424E+02,0.2649E+01,0.1192E+02,
   65,2000,   4,0.1553E+00,0.8975E+02,0.2108E+03,0.7681E+02,0.6881E+02,0.5247E+02,0.1108E+02,0.1802E+02,0.1981E+03,0.2910E+02,0.2485E+03,
   32,2000,   4,0.9227E+00,0.6114E+03,0.3240E+02,0.2208E+02,0.1071E+03,0.5381E+02,0.2354E+01,0.3630E+02,0.1830E+03,0.3866E+02,0.1313E+03,
   53,2000,   4,0.2771E-01,0.1677E+02,0.9379E+01,0.1618E+01,0.7077E+01,0.4153E+01,0.7300E+00,0.1799E+01,0.1285E+02,0.2529E+01,0.7109E+01,
   47,2000,   4,0.0000E+00,0.0000E+00,0.0000E+00,0.0000E+00,0.0000E+00,0.0000E+00,0.0000E+00,0.0000E+00,0.0000E+00,0.0000E+00,0.0000E+00,
   81,2000,   4,0.0000E+00,0.0000E+00,0.0000E+00,0.0000E+00,0.0000E+00,0.0000E+00,0.0000E+00,0.0000E+00,0.0000E+00,0.0000E+00,0.0000E+00,
   82,2000,   4,0.4383E-01,0.3028E+02,0.0000E+00,0.0000E+00,0.0000E+00,0.1892E+01,0.0000E+00,0.1892E+02,0.1892E+01,0.1892E+02,0.3028E+02,
   79,2000,   4,0.3454E-02,0.1789E+01,0.8947E+01,0.2672E+01,0.1002E+00,0.5677E+00,0.5190E+00,0.1270E+01,0.3340E+01,0.1789E+01,0.4474E+01,
   77,2000,   4,0.3277E+00,0.1870E+03,0.3096E+03,0.9077E+02,0.1068E+03,0.5927E+02,0.2214E+02,0.2837E+02,0.2568E+03,0.5051E+02,0.2849E+03,
   85,2000,   4,0.2733E+00,0.1638E+03,0.3998E+03,0.3564E+03,0.1671E+03,0.5145E+02,0.1181E+02,0.2292E+02,0.5750E+03,0.3472E+02,0.2985E+03,
   52,2000,   4,0.0000E+00,0.0000E+00,0.0000E+00,0.0000E+00,0.0000E+00,0.0000E+00,0.0000E+00,0.0000E+00,0.0000E+00,0.0000E+00,0.0000E+00,
   56,2000,   4,0.1315E-04,0.6813E-02,0.3406E-01,0.7153E-03,0.5883E-03,0.1902E-01,0.2206E-02,0.5401E-02,0.2032E-01,0.7607E-02,0.1703E-01,
   87,2000,   4,0.0000E+00,0.0000E+00,0.0000E+00,0.0000E+00,0.0000E+00,0.0000E+00,0.0000E+00,0.0000E+00,0.0000E+00,0.0000E+00,0.0000E+00,
   44,2000,   4,0.1578E-02,0.8175E+00,0.4088E+01,0.8584E-01,0.7059E-01,0.2282E+01,0.2647E+00,0.6481E+00,0.2439E+01,0.9129E+00,0.2044E+01,
   41,2000,   4,0.0000E+00,0.0000E+00,0.0000E+00,0.0000E+00,0.0000E+00,0.0000E+00,0.0000E+00,0.0000E+00,0.0000E+00,0.0000E+00,0.0000E+00,
   49,2000,   4,0.1315E-02,0.8576E+00,0.6207E+00,0.1534E+01,0.1737E+00,0.3361E+00,0.5450E-01,0.2861E+00,0.2044E+01,0.3406E+00,0.7077E+00,
   91,2000,   4,0.4644E-01,0.2380E+02,0.2987E+01,0.2191E+02,0.3140E+02,0.5020E+01,0.4463E+00,0.5858E+01,0.5834E+02,0.6304E+01,0.3980E+02,
   51,2000,   4,0.4076E-02,0.3062E+01,0.9856E+01,0.4755E+01,0.5385E+00,0.1042E+01,0.1690E+00,0.8870E+00,0.6336E+01,0.1056E+01,0.9856E+01,
   68,2000,   4,0.0000E+00,0.0000E+00,0.0000E+00,0.0000E+00,0.0000E+00,0.0000E+00,0.0000E+00,0.0000E+00,0.0000E+00,0.0000E+00,0.0000E+00,
   54,2000,   4,0.1499E+00,0.9578E+02,0.1165E+03,0.1476E+02,0.5048E+02,0.8671E+01,0.5178E+01,0.1424E+02,0.7391E+02,0.1942E+02,0.7766E+02,
   33,2000,   4,0.0000E+00,0.0000E+00,0.0000E+00,0.0000E+00,0.0000E+00,0.0000E+00,0.0000E+00,0.0000E+00,0.0000E+00,0.0000E+00,0.0000E+00,
   80,2000,   4,0.0000E+00,0.0000E+00,0.0000E+00,0.0000E+00,0.0000E+00,0.0000E+00,0.0000E+00,0.0000E+00,0.0000E+00,0.0000E+00,0.0000E+00,
   50,2000,   4,0.0000E+00,0.0000E+00,0.0000E+00,0.0000E+00,0.0000E+00,0.0000E+00,0.0000E+00,0.0000E+00,0.0000E+00,0.0000E+00,0.0000E+00,
   58,2000,   4,0.5823E-01,0.3004E+02,0.2688E+02,0.4330E+01,0.1833E+02,0.4542E+01,0.6537E+00,0.8743E+00,0.2720E+02,0.1528E+01,0.2153E+02,
   17,2000,   4,0.1046E+00,0.6050E+02,0.1707E+03,0.3487E+02,0.4112E+02,0.3983E+02,0.9691E+01,0.1822E+02,0.1158E+03,0.2791E+02,0.2615E+03,
   95,2000,   4,0.1093E-01,0.8309E+01,0.3080E+02,0.5175E+01,0.5978E+01,0.5818E+01,0.2896E+00,0.1550E+01,0.1697E+02,0.1840E+01,0.3382E+02,
   90,2000,   4,0.0000E+00,0.0000E+00,0.0000E+00,0.0000E+00,0.0000E+00,0.0000E+00,0.0000E+00,0.0000E+00,0.0000E+00,0.0000E+00,0.0000E+00,
   15,2000,   4,0.0000E+00,0.0000E+00,0.0000E+00,0.0000E+00,0.0000E+00,0.0000E+00,0.0000E+00,0.0000E+00,0.0000E+00,0.0000E+00,0.0000E+00,
   14,2000,   4,0.4756E-01,0.2053E+02,0.1989E+02,0.2747E+01,0.3336E+03,0.2119E+01,0.1637E+02,0.4003E+02,0.3385E+03,0.5639E+02,0.3213E+02,
   31,2000,   4,0.7965E+00,0.3691E+03,0.3915E+03,0.2628E+03,0.5001E+03,0.8268E+02,0.1696E+02,0.6899E+02,0.8456E+03,0.8594E+02,0.5259E+03,
   12,2000,   4,0.1908E-01,0.7942E+01,0.1518E+02,0.8450E+01,0.2400E+02,0.2883E+01,0.1509E+01,0.3694E+01,0.3533E+02,0.5203E+01,0.4119E+02,
   23,2000,   4,0.1417E-01,0.5542E+01,0.5367E+01,0.1087E+01,0.1649E+01,0.3563E+00,0.1210E+00,0.2893E+00,0.3092E+01,0.4102E+00,0.6537E+02,
   25,2000,   4,0.1074E+02,0.7315E+04,0.2954E+04,0.3011E+04,0.6411E+04,0.1321E+04,0.2508E+03,0.5128E+03,0.1074E+05,0.7635E+03,0.1081E+05,
   18,2000,   4,0.2453E-01,0.1146E+02,0.5404E+01,0.4463E+01,0.1502E+02,0.1893E+01,0.1395E+01,0.3364E+01,0.2137E+02,0.4760E+01,0.2271E+02,
    4,2000,   4,0.4394E-01,0.1717E+02,0.3721E+01,0.4045E+00,0.4655E+01,0.4425E+00,0.2753E+00,0.7184E+00,0.5502E+01,0.9937E+00,0.1330E+03,
   74,2000,   4,0.8683E+00,0.3738E+03,0.1595E+04,0.1635E+03,0.7934E+02,0.1397E+03,0.2668E+02,0.5520E+02,0.3825E+03,0.8188E+02,0.2206E+04,
   73,2000,   4,0.1227E-03,0.4769E-01,0.3179E+00,0.4993E+00,0.6062E+01,0.5706E+00,0.2257E+00,0.5267E+00,0.7132E+01,0.7524E+00,0.9481E+00,
   69,2000,   4,0.2250E-01,0.9312E+01,0.1880E+02,0.5392E+01,0.2421E+02,0.2991E+01,0.1585E+01,0.3774E+01,0.3259E+02,0.5358E+01,0.1302E+02,
   20,2000,   4,0.8291E+00,0.3630E+03,0.1368E+04,0.1264E+03,0.1061E+04,0.1077E+03,0.2953E+02,0.6322E+02,0.1295E+04,0.9275E+02,0.1177E+04,
   36,2000,   4,0.0000E+00,0.0000E+00,0.0000E+00,0.0000E+00,0.0000E+00,0.0000E+00,0.0000E+00,0.0000E+00,0.0000E+00,0.0000E+00,0.0000E+00,
   16,2000,   4,0.3948E-03,0.1574E+00,0.1023E+01,0.1607E+01,0.1807E+02,0.1725E+01,0.6775E+00,0.1582E+01,0.2140E+02,0.2259E+01,0.2573E+01,
   26,2000,   4,0.3313E-01,0.1639E+02,0.2145E+02,0.1231E+02,0.3974E+02,0.5730E+01,0.8390E+00,0.2037E+01,0.5778E+02,0.2876E+01,0.5076E+02,
   30,2000,   4,0.4294E-02,0.1823E+01,0.8398E+01,0.2888E+01,0.6355E+01,0.1151E+01,0.3739E+00,0.9153E+00,0.1039E+02,0.1289E+01,0.9478E+01,
   66,2000,   4,0.0000E+00,0.0000E+00,0.0000E+00,0.0000E+00,0.0000E+00,0.0000E+00,0.0000E+00,0.0000E+00,0.0000E+00,0.0000E+00,0.0000E+00,
   24,2000,   4,0.1911E-02,0.8251E+00,0.4951E+01,0.2469E+01,0.9258E-01,0.5246E+00,0.1197E+00,0.2929E+00,0.3086E+01,0.4126E+00,0.4126E+01,
   10,2000,   4,0.3677E+01,0.1570E+04,0.1030E+04,0.8713E+02,0.1049E+04,0.9884E+02,0.2177E+02,0.4444E+02,0.1235E+04,0.6621E+02,0.5904E+04,
   19,2000,   4,0.3592E+01,0.1553E+04,0.2344E+04,0.7094E+03,0.3644E+04,0.6525E+03,0.1279E+03,0.2693E+03,0.5006E+04,0.3972E+03,0.2455E+04,
   11,2000,   4,0.8820E+00,0.3808E+03,0.8428E+03,0.1373E+03,0.1561E+04,0.1487E+03,0.5028E+02,0.1029E+03,0.1847E+04,0.1532E+03,0.1060E+04,
    0,2000,   4,0.5957E-02,0.2315E+01,0.6498E+01,0.2479E+00,0.3010E+01,0.2832E+00,0.1417E+00,0.3305E+00,0.3541E+01,0.4722E+00,0.1301E-02,
   62,2000,   4,0.0000E+00,0.0000E+00,0.0000E+00,0.0000E+00,0.0000E+00,0.0000E+00,0.0000E+00,0.0000E+00,0.0000E+00,0.0000E+00,0.0000E+00,
   92,2000,   5,0.4236E-01,0.2466E+02,0.4977E+02,0.1819E+02,0.1570E+02,0.8737E+01,0.3397E+01,0.9654E+01,0.4262E+02,0.1305E+02,0.3248E+02,
   61,2000,   5,0.9242E+00,0.4727E+03,0.3782E+03,0.2273E+03,0.5694E+03,0.1066E+03,0.2405E+02,0.3495E+02,0.9033E+03,0.5899E+02,0.5754E+03,
   86,2000,   5,0.1164E+00,0.1634E+04,0.3630E+03,0.7125E+02,0.3752E+03,0.3602E+02,0.8170E+01,0.3225E+02,0.4825E+03,0.4042E+02,0.2350E+04,
   34,2000,   5,0.2180E+02,0.9862E+04,0.4696E+04,0.8457E+04,0.1227E+05,0.2508E+04,0.6207E+02,0.1028E+03,0.2324E+05,0.1649E+03,0.7236E+04,
   64,2000,   5,0.1179E+02,0.6852E+04,0.5497E+04,0.4450E+04,0.4791E+04,0.1848E+04,0.1526E+03,0.2724E+03,0.1109E+05,0.4250E+03,0.6223E+04,
   63,2000,   5,0.1043E-01,0.5405E+01,0.2702E+02,0.8071E+01,0.3027E+00,0.1715E+01,0.1567E+01,0.3837E+01,0.1009E+02,0.5405E+01,0.1351E+02,
   59,2000,   5,0.2220E+00,0.1495E+03,0.1035E+03,0.8379E+01,0.1131E+02,0.3815E+02,0.2901E+01,0.7155E+01,0.5783E+02,0.1006E+02,0.6536E+02,
   55,2000,   5,0.4550E-01,0.2701E+02,0.5534E+01,0.1079E+01,0.1136E+02,0.4136E+01,0.6968E+00,0.1028E+01,0.1657E+02,0.1725E+01,0.6601E+01,
   65,2000,   5,0.1310E+00,0.7083E+02,0.1576E+03,0.9858E+02,0.6401E+02,0.4045E+02,0.6232E+01,0.1325E+02,0.2030E+03,0.1948E+02,0.2033E+03,
   32,2000,   5,0.8049E+00,0.4259E+03,0.3067E+02,0.5912E+02,0.1351E+03,0.6116E+02,0.2012E+01,0.5143E+02,0.2554E+03,0.5344E+02,0.1005E+03,
   53,2000,   5,0.2524E-01,0.1436E+02,0.6410E+01,0.2985E+01,0.4329E+01,0.2306E+01,0.1935E+01,0.3737E+00,0.9619E+01,0.2308E+01,0.8526E+01,
   47,2000,   5,0.0000E+00,0.0000E+00,0.0000E+00,0.0000E+00,0.0000E+00,0.0000E+00,0.0000E+00,0.0000E+00,0.0000E+00,0.0000E+00,0.0000E+00,
   81,2000,   5,0.0000E+00,0.0000E+00,0.0000E+00,0.0000E+00,0.0000E+00,0.0000E+00,0.0000E+00,0.0000E+00,0.0000E+00,0.0000E+00,0.0000E+00,
   82,2000,   5,0.4383E-01,0.3028E+02,0.0000E+00,0.0000E+00,0.0000E+00,0.1892E+01,0.0000E+00,0.1892E+02,0.1892E+01,0.1892E+02,0.3028E+02,
   79,2000,   5,0.3454E-02,0.1789E+01,0.8947E+01,0.2672E+01,0.1002E+00,0.5677E+00,0.5190E+00,0.1270E+01,0.3340E+01,0.1789E+01,0.4474E+01,
   77,2000,   5,0.3160E+00,0.1551E+03,0.4018E+03,0.6113E+02,0.8978E+02,0.6977E+02,0.4706E+02,0.4744E+02,0.2207E+03,0.9450E+02,0.2799E+03,
   85,2000,   5,0.2742E+00,0.1597E+03,0.3335E+03,0.3381E+03,0.1539E+03,0.2068E+02,0.1348E+02,0.2285E+02,0.5126E+03,0.3633E+02,0.2224E+03,
   52,2000,   5,0.0000E+00,0.0000E+00,0.0000E+00,0.0000E+00,0.0000E+00,0.0000E+00,0.0000E+00,0.0000E+00,0.0000E+00,0.0000E+00,0.0000E+00,
   56,2000,   5,0.1315E-04,0.6813E-02,0.3406E-01,0.7153E-03,0.5883E-03,0.1902E-01,0.2206E-02,0.5401E-02,0.2032E-01,0.7607E-02,0.1703E-01,
   87,2000,   5,0.0000E+00,0.0000E+00,0.0000E+00,0.0000E+00,0.0000E+00,0.0000E+00,0.0000E+00,0.0000E+00,0.0000E+00,0.0000E+00,0.0000E+00,
   44,2000,   5,0.1578E-02,0.8175E+00,0.4088E+01,0.8584E-01,0.7059E-01,0.2282E+01,0.2647E+00,0.6481E+00,0.2439E+01,0.9129E+00,0.2044E+01,
   41,2000,   5,0.0000E+00,0.0000E+00,0.0000E+00,0.0000E+00,0.0000E+00,0.0000E+00,0.0000E+00,0.0000E+00,0.0000E+00,0.0000E+00,0.0000E+00,
   49,2000,   5,0.1183E-02,0.7153E+00,0.1151E+01,0.1381E+01,0.1563E+00,0.3025E+00,0.4905E-01,0.2575E+00,0.1839E+01,0.3066E+00,0.1340E+01,
   91,2000,   5,0.4324E-01,0.2150E+02,0.2495E+01,0.1845E+02,0.3112E+02,0.4527E+01,0.4063E+00,0.5051E+01,0.5409E+02,0.5458E+01,0.4290E+02,
   51,2000,   5,0.1622E-02,0.9943E+00,0.1120E+01,0.1892E+01,0.2143E+00,0.4145E+00,0.6722E-01,0.3529E+00,0.2521E+01,0.4201E+00,0.1400E+01,
   68,2000,   5,0.0000E+00,0.0000E+00,0.0000E+00,0.0000E+00,0.0000E+00,0.0000E+00,0.0000E+00,0.0000E+00,0.0000E+00,0.0000E+00,0.0000E+00,
   54,2000,   5,0.1394E+00,0.7703E+02,0.1021E+03,0.8666E+01,0.6283E+02,0.4452E+01,0.2046E+01,0.1541E+02,0.7594E+02,0.1745E+02,0.6499E+02,
   33,2000,   5,0.0000E+00,0.0000E+00,0.0000E+00,0.0000E+00,0.0000E+00,0.0000E+00,0.0000E+00,0.0000E+00,0.0000E+00,0.0000E+00,0.0000E+00,
   80,2000,   5,0.0000E+00,0.0000E+00,0.0000E+00,0.0000E+00,0.0000E+00,0.0000E+00,0.0000E+00,0.0000E+00,0.0000E+00,0.0000E+00,0.0000E+00,
   50,2000,   5,0.0000E+00,0.0000E+00,0.0000E+00,0.0000E+00,0.0000E+00,0.0000E+00,0.0000E+00,0.0000E+00,0.0000E+00,0.0000E+00,0.0000E+00,
   58,2000,   5,0.5258E-01,0.2850E+02,0.2235E+02,0.2271E+01,0.2576E+02,0.5233E+01,0.5273E+00,0.9161E+00,0.3326E+02,0.1443E+01,0.2224E+02,
   17,2000,   5,0.1019E+00,0.5298E+02,0.3479E+02,0.2164E+02,0.4664E+02,0.4533E+02,0.2190E+01,0.2334E+02,0.1136E+03,0.2553E+02,0.3054E+03,
   95,2000,   5,0.9263E-02,0.5597E+01,0.1939E+02,0.5004E+01,0.5378E+01,0.4001E+01,0.2201E+00,0.1172E+01,0.1438E+02,0.1393E+01,0.2281E+02,
   90,2000,   5,0.0000E+00,0.0000E+00,0.0000E+00,0.0000E+00,0.0000E+00,0.0000E+00,0.0000E+00,0.0000E+00,0.0000E+00,0.0000E+00,0.0000E+00,
   15,2000,   5,0.0000E+00,0.0000E+00,0.0000E+00,0.0000E+00,0.0000E+00,0.0000E+00,0.0000E+00,0.0000E+00,0.0000E+00,0.0000E+00,0.0000E+00,
   14,2000,   5,0.4415E-01,0.1905E+02,0.1611E+02,0.2490E+01,0.2693E+03,0.1827E+01,0.1550E+02,0.3791E+02,0.2737E+03,0.5340E+02,0.3016E+02,
   31,2000,   5,0.6610E+00,0.3106E+03,0.3415E+03,0.2283E+03,0.4100E+03,0.5992E+02,0.1541E+02,0.6574E+02,0.6982E+03,0.8115E+02,0.5355E+03,
   12,2000,   5,0.1689E-01,0.6995E+01,0.1445E+02,0.7854E+01,0.2117E+02,0.2771E+01,0.1371E+01,0.3358E+01,0.3179E+02,0.4729E+01,0.4021E+02,
   23,2000,   5,0.1417E-01,0.5542E+01,0.5367E+01,0.1087E+01,0.1649E+01,0.3563E+00,0.1210E+00,0.2893E+00,0.3092E+01,0.4102E+00,0.6537E+02,
   25,2000,   5,0.8774E+01,0.6887E+04,0.4058E+04,0.2645E+04,0.5327E+04,0.1714E+04,0.2590E+03,0.5296E+03,0.9686E+04,0.7886E+03,0.1321E+05,
   18,2000,   5,0.2329E-01,0.1092E+02,0.6163E+01,0.4455E+01,0.1525E+02,0.2298E+01,0.1311E+01,0.3159E+01,0.2201E+02,0.4470E+01,0.2094E+02,
    4,2000,   5,0.4394E-01,0.1717E+02,0.3468E+01,0.4443E+00,0.5137E+01,0.4879E+00,0.3378E+00,0.8452E+00,0.6069E+01,0.1183E+01,0.1295E+03,
   74,2000,   5,0.8817E+00,0.3796E+03,0.1609E+04,0.1738E+03,0.7714E+02,0.1486E+03,0.3190E+02,0.6572E+02,0.3996E+03,0.9762E+02,0.2224E+04,
   73,2000,   5,0.1227E-03,0.4769E-01,0.3179E+00,0.4993E+00,0.6062E+01,0.5706E+00,0.2257E+00,0.5267E+00,0.7132E+01,0.7524E+00,0.9481E+00,
   69,2000,   5,0.2250E-01,0.9312E+01,0.1880E+02,0.5392E+01,0.2421E+02,0.2991E+01,0.1585E+01,0.3774E+01,0.3259E+02,0.5358E+01,0.1302E+02,
   20,2000,   5,0.6516E+00,0.2863E+03,0.9278E+03,0.1268E+03,0.1067E+04,0.1082E+03,0.4084E+02,0.8619E+02,0.1302E+04,0.1270E+03,0.7331E+03,
   36,2000,   5,0.0000E+00,0.0000E+00,0.0000E+00,0.0000E+00,0.0000E+00,0.0000E+00,0.0000E+00,0.0000E+00,0.0000E+00,0.0000E+00,0.0000E+00,
   16,2000,   5,0.3948E-03,0.1574E+00,0.1023E+01,0.1607E+01,0.1807E+02,0.1725E+01,0.6775E+00,0.1582E+01,0.2140E+02,0.2259E+01,0.2573E+01,
   26,2000,   5,0.3313E-01,0.1639E+02,0.2145E+02,0.1231E+02,0.3974E+02,0.5730E+01,0.8390E+00,0.2037E+01,0.5778E+02,0.2876E+01,0.5076E+02,
   30,2000,   5,0.4294E-02,0.1823E+01,0.7944E+01,0.2888E+01,0.6355E+01,0.1151E+01,0.3739E+00,0.9153E+00,0.1039E+02,0.1289E+01,0.8872E+01,
   66,2000,   5,0.0000E+00,0.0000E+00,0.0000E+00,0.0000E+00,0.0000E+00,0.0000E+00,0.0000E+00,0.0000E+00,0.0000E+00,0.0000E+00,0.0000E+00,
   24,2000,   5,0.1911E-02,0.8251E+00,0.4951E+01,0.2469E+01,0.9258E-01,0.5246E+00,0.1197E+00,0.2929E+00,0.3086E+01,0.4126E+00,0.4126E+01,
   10,2000,   5,0.2996E+01,0.1276E+04,0.7785E+03,0.6266E+02,0.7514E+03,0.7087E+02,0.1745E+02,0.3567E+02,0.8849E+03,0.5312E+02,0.5545E+04,
   19,2000,   5,0.3387E+01,0.1464E+04,0.1970E+04,0.6331E+03,0.3211E+04,0.5645E+03,0.9785E+02,0.2082E+03,0.4408E+04,0.3061E+03,0.2461E+04,
   11,2000,   5,0.8281E+00,0.3576E+03,0.7916E+03,0.1340E+03,0.1520E+04,0.1449E+03,0.4721E+02,0.9663E+02,0.1799E+04,0.1438E+03,0.9948E+03,
    0,2000,   5,0.5957E-02,0.2315E+01,0.6498E+01,0.2479E+00,0.3010E+01,0.2832E+00,0.1417E+00,0.3305E+00,0.3541E+01,0.4722E+00,0.1301E-02,
   62,2000,   5,0.0000E+00,0.0000E+00,0.0000E+00,0.0000E+00,0.0000E+00,0.0000E+00,0.0000E+00,0.0000E+00,0.0000E+00,0.0000E+00,0.0000E+00,
   92,2000,   6,0.4048E-01,0.2305E+02,0.4481E+02,0.1771E+02,0.9988E+01,0.8974E+01,0.2651E+01,0.9654E+01,0.3667E+02,0.1230E+02,0.2871E+02,
   61,2000,   6,0.8909E+00,0.5538E+03,0.3351E+03,0.1929E+03,0.5629E+03,0.1246E+03,0.3644E+02,0.3865E+02,0.8804E+03,0.7509E+02,0.5021E+03,
   86,2000,   6,0.1775E+00,0.1774E+04,0.4325E+03,0.7654E+02,0.4193E+03,0.6143E+02,0.9756E+01,0.4859E+02,0.5573E+03,0.5835E+02,0.3481E+04,
   34,2000,   6,0.2223E+02,0.9116E+04,0.5121E+04,0.8328E+04,0.1223E+05,0.2415E+04,0.8198E+02,0.2112E+03,0.2297E+05,0.2932E+03,0.6757E+04,
   64,2000,   6,0.1118E+02,0.6152E+04,0.5463E+04,0.3852E+04,0.4151E+04,0.1527E+04,0.9958E+02,0.3285E+03,0.9530E+04,0.4280E+03,0.4236E+04,
   63,2000,   6,0.1043E-01,0.5405E+01,0.2702E+02,0.8071E+01,0.3027E+00,0.1715E+01,0.1567E+01,0.3837E+01,0.1009E+02,0.5405E+01,0.1351E+02,
   59,2000,   6,0.2218E+00,0.1494E+03,0.7109E+02,0.1430E+02,0.1225E+02,0.3658E+02,0.7932E+00,0.7722E+01,0.6313E+02,0.8515E+01,0.8845E+02,
   55,2000,   6,0.5413E-01,0.3032E+02,0.5246E+01,0.1179E+01,0.1899E+02,0.5452E+01,0.4846E+00,0.1592E+01,0.2562E+02,0.2076E+01,0.6790E+01,
   65,2000,   6,0.1176E+00,0.5948E+02,0.8843E+02,0.9546E+02,0.6083E+02,0.4408E+02,0.3567E+01,0.6633E+01,0.2004E+03,0.1020E+02,0.1462E+03,
   32,2000,   6,0.8508E+00,0.4925E+03,0.3076E+02,0.1983E+02,0.1448E+03,0.5746E+02,0.2011E+01,0.6143E+02,0.2221E+03,0.6344E+02,0.1060E+03,
   53,2000,   6,0.2586E-01,0.1469E+02,0.8629E-01,0.1404E+01,0.4432E+01,0.4103E+01,0.3452E-01,0.2342E+01,0.9938E+01,0.2377E+01,0.8817E+01,
   47,2000,   6,0.0000E+00,0.0000E+00,0.0000E+00,0.0000E+00,0.0000E+00,0.0000E+00,0.0000E+00,0.0000E+00,0.0000E+00,0.0000E+00,0.0000E+00,
   81,2000,   6,0.0000E+00,0.0000E+00,0.0000E+00,0.0000E+00,0.0000E+00,0.0000E+00,0.0000E+00,0.0000E+00,0.0000E+00,0.0000E+00,0.0000E+00,
   82,2000,   6,0.4383E-01,0.3028E+02,0.0000E+00,0.0000E+00,0.0000E+00,0.1892E+01,0.0000E+00,0.1892E+02,0.1892E+01,0.1892E+02,0.3028E+02,
   79,2000,   6,0.3454E-02,0.1789E+01,0.8947E+01,0.2672E+01,0.1002E+00,0.5677E+00,0.5190E+00,0.1270E+01,0.3340E+01,0.1789E+01,0.4474E+01,
   77,2000,   6,0.3266E+00,0.1581E+03,0.3093E+03,0.4165E+02,0.9394E+02,0.2233E+03,0.3565E+02,0.7277E+02,0.3589E+03,0.1084E+03,0.2965E+03,
   85,2000,   6,0.2765E+00,0.1508E+03,0.3377E+03,0.2205E+03,0.1652E+03,0.3699E+02,0.1381E+02,0.2039E+02,0.4228E+03,0.3420E+02,0.1954E+03,
   52,2000,   6,0.0000E+00,0.0000E+00,0.0000E+00,0.0000E+00,0.0000E+00,0.0000E+00,0.0000E+00,0.0000E+00,0.0000E+00,0.0000E+00,0.0000E+00,
   56,2000,   6,0.1315E-04,0.6813E-02,0.3406E-01,0.7153E-03,0.5883E-03,0.1902E-01,0.2206E-02,0.5401E-02,0.2032E-01,0.7607E-02,0.1703E-01,
   87,2000,   6,0.0000E+00,0.0000E+00,0.0000E+00,0.0000E+00,0.0000E+00,0.0000E+00,0.0000E+00,0.0000E+00,0.0000E+00,0.0000E+00,0.0000E+00,
   44,2000,   6,0.1578E-02,0.8175E+00,0.4088E+01,0.8584E-01,0.7059E-01,0.2282E+01,0.2647E+00,0.6481E+00,0.2439E+01,0.9129E+00,0.2044E+01,
   41,2000,   6,0.0000E+00,0.0000E+00,0.0000E+00,0.0000E+00,0.0000E+00,0.0000E+00,0.0000E+00,0.0000E+00,0.0000E+00,0.0000E+00,0.0000E+00,
   49,2000,   6,0.1315E-02,0.8735E+00,0.6661E+00,0.1534E+01,0.1737E+00,0.3361E+00,0.5450E-01,0.2861E+00,0.2044E+01,0.3406E+00,0.8781E+00,
   91,2000,   6,0.4377E-01,0.2147E+02,0.8680E+01,0.1978E+02,0.3124E+02,0.3121E+01,0.7451E+00,0.5341E+01,0.5414E+02,0.6086E+01,0.4305E+02,
   51,2000,   6,0.2937E-02,0.1724E+01,0.2536E+01,0.3426E+01,0.3880E+00,0.7506E+00,0.1217E+00,0.6390E+00,0.4564E+01,0.7607E+00,0.4564E+01,
   68,2000,   6,0.0000E+00,0.0000E+00,0.0000E+00,0.0000E+00,0.0000E+00,0.0000E+00,0.0000E+00,0.0000E+00,0.0000E+00,0.0000E+00,0.0000E+00,
   54,2000,   6,0.1490E+00,0.8107E+02,0.8107E+02,0.1132E+02,0.4041E+02,0.1801E+02,0.9009E+00,0.1982E+02,0.6974E+02,0.2072E+02,0.6048E+02,
   33,2000,   6,0.0000E+00,0.0000E+00,0.0000E+00,0.0000E+00,0.0000E+00,0.0000E+00,0.0000E+00,0.0000E+00,0.0000E+00,0.0000E+00,0.0000E+00,
   80,2000,   6,0.0000E+00,0.0000E+00,0.0000E+00,0.0000E+00,0.0000E+00,0.0000E+00,0.0000E+00,0.0000E+00,0.0000E+00,0.0000E+00,0.0000E+00,
   50,2000,   6,0.0000E+00,0.0000E+00,0.0000E+00,0.0000E+00,0.0000E+00,0.0000E+00,0.0000E+00,0.0000E+00,0.0000E+00,0.0000E+00,0.0000E+00,
   58,2000,   6,0.5213E-01,0.2855E+02,0.1896E+02,0.2338E+01,0.1994E+02,0.3950E+01,0.6809E+00,0.8195E+00,0.2623E+02,0.1500E+01,0.2424E+02,
   17,2000,   6,0.9698E-01,0.5324E+02,0.1129E+03,0.3798E+02,0.2347E+02,0.4362E+02,0.5320E+01,0.2707E+02,0.1051E+03,0.3239E+02,0.3344E+03,
   95,2000,   6,0.1132E-01,0.6458E+01,0.1472E+02,0.6680E+01,0.6692E+01,0.4212E+01,0.2664E+00,0.1410E+01,0.1758E+02,0.1676E+01,0.3062E+02,
   90,2000,   6,0.0000E+00,0.0000E+00,0.0000E+00,0.0000E+00,0.0000E+00,0.0000E+00,0.0000E+00,0.0000E+00,0.0000E+00,0.0000E+00,0.0000E+00,
   15,2000,   6,0.0000E+00,0.0000E+00,0.0000E+00,0.0000E+00,0.0000E+00,0.0000E+00,0.0000E+00,0.0000E+00,0.0000E+00,0.0000E+00,0.0000E+00,
   14,2000,   6,0.4980E-01,0.2149E+02,0.2301E+02,0.2781E+01,0.4009E+03,0.2157E+01,0.1742E+02,0.4261E+02,0.4058E+03,0.6003E+02,0.3360E+02,
   31,2000,   6,0.7313E+00,0.3410E+03,0.2532E+03,0.1314E+03,0.3198E+03,0.6146E+02,0.1674E+02,0.6855E+02,0.5126E+03,0.8529E+02,0.4897E+03,
   12,2000,   6,0.1645E-01,0.6806E+01,0.1552E+02,0.7734E+01,0.2060E+02,0.2749E+01,0.1344E+01,0.3291E+01,0.3109E+02,0.4635E+01,0.3918E+02,
   23,2000,   6,0.1417E-01,0.5542E+01,0.5367E+01,0.1087E+01,0.1649E+01,0.3563E+00,0.1210E+00,0.2893E+00,0.3092E+01,0.4102E+00,0.6537E+02,
   25,2000,   6,0.9290E+01,0.7195E+04,0.2713E+04,0.2797E+04,0.4791E+04,0.9645E+03,0.2770E+03,0.5674E+03,0.8552E+04,0.8444E+03,0.1253E+05,
   18,2000,   6,0.2304E-01,0.8231E+02,0.3050E+03,0.1286E+03,0.8223E+02,0.4475E+02,0.3024E+01,0.8340E+01,0.2556E+03,0.1136E+02,0.2706E+03,
    4,2000,   6,0.4394E-01,0.1717E+02,0.3279E+01,0.4045E+00,0.4655E+01,0.4425E+00,0.2753E+00,0.7184E+00,0.5502E+01,0.9937E+00,0.1295E+03,
   74,2000,   6,0.8724E+00,0.3756E+03,0.1596E+04,0.1200E+03,0.6188E+02,0.1019E+03,0.2540E+02,0.5241E+02,0.2838E+03,0.7781E+02,0.2204E+04,
   73,2000,   6,0.1227E-03,0.4769E-01,0.3179E+00,0.4993E+00,0.6062E+01,0.5706E+00,0.2257E+00,0.5267E+00,0.7132E+01,0.7524E+00,0.9481E+00,
   69,2000,   6,0.2250E-01,0.9312E+01,0.1880E+02,0.5392E+01,0.2421E+02,0.2991E+01,0.1585E+01,0.3774E+01,0.3259E+02,0.5358E+01,0.1302E+02,
   20,2000,   6,0.6687E+00,0.2937E+03,0.1003E+04,0.1437E+03,0.1272E+04,0.1275E+03,0.4182E+02,0.8817E+02,0.1543E+04,0.1300E+03,0.9041E+03,
   36,2000,   6,0.0000E+00,0.0000E+00,0.0000E+00,0.0000E+00,0.0000E+00,0.0000E+00,0.0000E+00,0.0000E+00,0.0000E+00,0.0000E+00,0.0000E+00,
   16,2000,   6,0.3948E-03,0.1574E+00,0.1023E+01,0.1607E+01,0.1807E+02,0.1725E+01,0.6775E+00,0.1582E+01,0.2140E+02,0.2259E+01,0.2573E+01,
   26,2000,   6,0.3313E-01,0.1639E+02,0.2145E+02,0.1231E+02,0.3974E+02,0.5730E+01,0.8390E+00,0.2037E+01,0.5778E+02,0.2876E+01,0.5076E+02,
   30,2000,   6,0.4294E-02,0.1823E+01,0.7944E+01,0.2888E+01,0.6355E+01,0.1151E+01,0.3739E+00,0.9153E+00,0.1039E+02,0.1289E+01,0.8570E+01,
   66,2000,   6,0.0000E+00,0.0000E+00,0.0000E+00,0.0000E+00,0.0000E+00,0.0000E+00,0.0000E+00,0.0000E+00,0.0000E+00,0.0000E+00,0.0000E+00,
   24,2000,   6,0.1911E-02,0.8251E+00,0.4951E+01,0.2469E+01,0.9258E-01,0.5246E+00,0.1197E+00,0.2929E+00,0.3086E+01,0.4126E+00,0.4126E+01,
   10,2000,   6,0.4037E+01,0.1725E+04,0.8610E+03,0.6640E+02,0.7968E+03,0.7515E+02,0.4191E+02,0.8531E+02,0.9384E+03,0.1272E+03,0.7035E+04,
   19,2000,   6,0.3504E+01,0.1515E+04,0.1518E+04,0.5772E+03,0.2998E+04,0.4999E+03,0.1012E+03,0.2150E+03,0.4075E+04,0.3161E+03,0.2351E+04,
   11,2000,   6,0.8483E+00,0.3663E+03,0.9514E+03,0.1421E+03,0.1618E+04,0.1542E+03,0.2514E+02,0.5182E+02,0.1915E+04,0.7697E+02,0.1371E+04,
    0,2000,   6,0.5957E-02,0.2315E+01,0.6498E+01,0.2479E+00,0.3010E+01,0.2832E+00,0.1417E+00,0.3305E+00,0.3541E+01,0.4722E+00,0.1301E-02,
   62,2000,   6,0.0000E+00,0.0000E+00,0.0000E+00,0.0000E+00,0.0000E+00,0.0000E+00,0.0000E+00,0.0000E+00,0.0000E+00,0.0000E+00,0.0000E+00,
   92,2000,   7,0.4008E-01,0.2279E+02,0.4653E+02,0.1692E+02,0.1233E+02,0.9749E+01,0.2855E+01,0.9318E+01,0.3900E+02,0.1217E+02,0.2871E+02,
   61,2000,   7,0.9006E+00,0.5584E+03,0.3910E+03,0.2426E+03,0.4852E+03,0.1126E+03,0.2205E+02,0.4607E+02,0.8404E+03,0.6812E+02,0.5452E+03,
   86,2000,   7,0.1892E+00,0.1499E+04,0.4470E+03,0.7449E+02,0.3991E+03,0.6278E+02,0.1489E+02,0.5058E+02,0.5364E+03,0.6547E+02,0.2895E+04,
   34,2000,   7,0.2150E+02,0.8584E+04,0.4032E+04,0.7044E+04,0.1008E+05,0.2465E+04,0.9627E+02,0.2684E+03,0.1959E+05,0.3646E+03,0.5269E+04,
   64,2000,   7,0.1182E+02,0.6554E+04,0.5412E+04,0.3803E+04,0.4923E+04,0.1939E+04,0.9659E+02,0.3062E+03,0.1067E+05,0.4028E+03,0.4884E+04,
   63,2000,   7,0.1043E-01,0.5405E+01,0.2702E+02,0.8071E+01,0.3027E+00,0.1715E+01,0.1567E+01,0.3837E+01,0.1009E+02,0.5405E+01,0.1351E+02,
   59,2000,   7,0.2126E+00,0.1431E+03,0.9253E+02,0.1940E+02,0.1614E+02,0.1745E+02,0.2228E+01,0.4469E+01,0.5299E+02,0.6697E+01,0.6350E+02,
   55,2000,   7,0.5912E-01,0.2980E+02,0.6007E+01,0.1606E+01,0.2304E+02,0.5665E+01,0.8698E+00,0.3225E+01,0.3031E+02,0.4094E+01,0.7343E+01,
   65,2000,   7,0.1587E+00,0.8591E+02,0.1440E+03,0.1221E+03,0.6145E+02,0.4369E+02,0.6664E+01,0.1972E+02,0.2272E+03,0.2638E+02,0.2522E+03,
   32,2000,   7,0.8790E+00,0.4576E+03,0.1725E+03,0.1976E+02,0.1565E+03,0.5068E+02,0.9354E+01,0.4902E+02,0.2269E+03,0.5838E+02,0.1050E+03,
   53,2000,   7,0.2789E-01,0.1276E+02,0.7154E+01,0.2929E+01,0.4797E+01,0.2490E+01,0.2150E+01,0.3416E+00,0.1022E+02,0.2492E+01,0.7162E+01,
   47,2000,   7,0.0000E+00,0.0000E+00,0.0000E+00,0.0000E+00,0.0000E+00,0.0000E+00,0.0000E+00,0.0000E+00,0.0000E+00,0.0000E+00,0.0000E+00,
   81,2000,   7,0.0000E+00,0.0000E+00,0.0000E+00,0.0000E+00,0.0000E+00,0.0000E+00,0.0000E+00,0.0000E+00,0.0000E+00,0.0000E+00,0.0000E+00,
   82,2000,   7,0.4383E-01,0.3028E+02,0.0000E+00,0.0000E+00,0.0000E+00,0.1892E+01,0.0000E+00,0.1892E+02,0.1892E+01,0.1892E+02,0.3028E+02,
   79,2000,   7,0.3454E-02,0.1789E+01,0.8947E+01,0.2672E+01,0.1002E+00,0.5677E+00,0.5190E+00,0.1270E+01,0.3340E+01,0.1789E+01,0.4474E+01,
   77,2000,   7,0.3644E+00,0.1787E+03,0.5629E+02,0.2908E+02,0.7296E+02,0.3013E+02,0.1526E+02,0.8150E+02,0.1322E+03,0.9676E+02,0.1868E+03,
   85,2000,   7,0.2765E+00,0.1505E+03,0.4148E+03,0.2527E+03,0.1396E+03,0.3591E+02,0.4251E+01,0.3205E+02,0.4282E+03,0.3630E+02,0.2596E+03,
   52,2000,   7,0.0000E+00,0.0000E+00,0.0000E+00,0.0000E+00,0.0000E+00,0.0000E+00,0.0000E+00,0.0000E+00,0.0000E+00,0.0000E+00,0.0000E+00,
   56,2000,   7,0.1315E-04,0.6813E-02,0.3406E-01,0.7153E-03,0.5883E-03,0.1902E-01,0.2206E-02,0.5401E-02,0.2032E-01,0.7607E-02,0.1703E-01,
   87,2000,   7,0.0000E+00,0.0000E+00,0.0000E+00,0.0000E+00,0.0000E+00,0.0000E+00,0.0000E+00,0.0000E+00,0.0000E+00,0.0000E+00,0.0000E+00,
   44,2000,   7,0.1578E-02,0.8175E+00,0.4088E+01,0.8584E-01,0.7059E-01,0.2282E+01,0.2647E+00,0.6481E+00,0.2439E+01,0.9129E+00,0.2044E+01,
   41,2000,   7,0.0000E+00,0.0000E+00,0.0000E+00,0.0000E+00,0.0000E+00,0.0000E+00,0.0000E+00,0.0000E+00,0.0000E+00,0.0000E+00,0.0000E+00,
   49,2000,   7,0.1403E-02,0.8516E+00,0.1090E+01,0.1636E+01,0.1853E+00,0.3585E+00,0.5814E-01,0.3052E+00,0.2180E+01,0.3633E+00,0.1499E+01,
   91,2000,   7,0.5170E-01,0.2500E+02,0.2522E+01,0.3780E+02,0.3025E+02,0.5332E+01,0.4154E+00,0.8025E+01,0.7338E+02,0.8441E+01,0.4441E+02,
   51,2000,   7,0.3857E-02,0.2365E+01,0.2998E+01,0.4500E+01,0.5096E+00,0.9858E+00,0.1599E+00,0.8393E+00,0.5995E+01,0.9992E+00,0.6328E+01,
   68,2000,   7,0.0000E+00,0.0000E+00,0.0000E+00,0.0000E+00,0.0000E+00,0.0000E+00,0.0000E+00,0.0000E+00,0.0000E+00,0.0000E+00,0.0000E+00,
   54,2000,   7,0.1709E+00,0.9152E+02,0.7971E+02,0.2362E+02,0.6672E+02,0.1210E+02,0.3838E+01,0.9594E+01,0.1024E+03,0.1343E+02,0.4723E+02,
   33,2000,   7,0.0000E+00,0.0000E+00,0.0000E+00,0.0000E+00,0.0000E+00,0.0000E+00,0.0000E+00,0.0000E+00,0.0000E+00,0.0000E+00,0.0000E+00,
   80,2000,   7,0.0000E+00,0.0000E+00,0.0000E+00,0.0000E+00,0.0000E+00,0.0000E+00,0.0000E+00,0.0000E+00,0.0000E+00,0.0000E+00,0.0000E+00,
   50,2000,   7,0.0000E+00,0.0000E+00,0.0000E+00,0.0000E+00,0.0000E+00,0.0000E+00,0.0000E+00,0.0000E+00,0.0000E+00,0.0000E+00,0.0000E+00,
   58,2000,   7,0.5591E-01,0.2833E+02,0.1910E+02,0.2717E+01,0.2891E+02,0.5029E+01,0.4529E+00,0.9295E+00,0.3665E+02,0.1382E+01,0.1998E+02,
   17,2000,   7,0.1074E+00,0.5119E+02,0.1714E+03,0.2427E+02,0.2883E+02,0.3865E+02,0.1070E+02,0.2789E+02,0.9175E+02,0.3859E+02,0.2398E+03,
   95,2000,   7,0.1058E-01,0.5464E+01,0.1266E+02,0.5540E+01,0.7152E+01,0.3734E+01,0.2574E+00,0.1372E+01,0.1643E+02,0.1629E+01,0.2271E+02,
   90,2000,   7,0.0000E+00,0.0000E+00,0.0000E+00,0.0000E+00,0.0000E+00,0.0000E+00,0.0000E+00,0.0000E+00,0.0000E+00,0.0000E+00,0.0000E+00,
   15,2000,   7,0.0000E+00,0.0000E+00,0.0000E+00,0.0000E+00,0.0000E+00,0.0000E+00,0.0000E+00,0.0000E+00,0.0000E+00,0.0000E+00,0.0000E+00,
   14,2000,   7,0.4925E-01,0.2126E+02,0.2207E+02,0.2750E+01,0.3903E+03,0.2121E+01,0.1725E+02,0.4220E+02,0.3952E+03,0.5946E+02,0.3379E+02,
   31,2000,   7,0.8124E+00,0.3760E+03,0.2920E+03,0.1154E+03,0.3136E+03,0.6271E+02,0.1241E+02,0.5984E+02,0.4917E+03,0.7225E+02,0.4368E+03,
   12,2000,   7,0.1733E-01,0.7185E+01,0.1278E+02,0.7973E+01,0.2173E+02,0.2793E+01,0.1399E+01,0.3425E+01,0.3250E+02,0.4824E+01,0.4061E+02,
   23,2000,   7,0.1417E-01,0.5542E+01,0.5367E+01,0.1087E+01,0.1649E+01,0.3563E+00,0.1210E+00,0.2893E+00,0.3092E+01,0.4102E+00,0.6537E+02,
   25,2000,   7,0.9800E+01,0.7512E+04,0.2764E+04,0.2763E+04,0.5071E+04,0.1003E+04,0.2382E+03,0.4873E+03,0.8837E+04,0.7255E+03,0.1266E+05,
   18,2000,   7,0.2665E-01,0.8387E+02,0.3043E+03,0.1286E+03,0.8323E+02,0.4521E+02,0.3443E+01,0.9367E+01,0.2570E+03,0.1281E+02,0.2722E+03,
    4,2000,   7,0.4394E-01,0.1717E+02,0.3279E+01,0.4045E+00,0.4655E+01,0.4425E+00,0.2753E+00,0.7184E+00,0.5502E+01,0.9937E+00,0.1295E+03,
   74,2000,   7,0.8462E+00,0.3643E+03,0.1548E+04,0.1320E+03,0.6914E+02,0.1128E+03,0.2873E+02,0.5916E+02,0.3139E+03,0.8788E+02,0.2135E+04,
   73,2000,   7,0.1227E-03,0.4769E-01,0.3179E+00,0.4993E+00,0.6062E+01,0.5706E+00,0.2257E+00,0.5267E+00,0.7132E+01,0.7524E+00,0.9481E+00,
   69,2000,   7,0.2250E-01,0.9312E+01,0.1880E+02,0.5392E+01,0.2421E+02,0.2991E+01,0.1585E+01,0.3774E+01,0.3259E+02,0.5358E+01,0.1302E+02,
   20,2000,   7,0.6963E+00,0.3056E+03,0.1043E+04,0.1261E+03,0.1058E+04,0.1074E+03,0.4339E+02,0.9137E+02,0.1291E+04,0.1348E+03,0.9934E+03,
   36,2000,   7,0.0000E+00,0.0000E+00,0.0000E+00,0.0000E+00,0.0000E+00,0.0000E+00,0.0000E+00,0.0000E+00,0.0000E+00,0.0000E+00,0.0000E+00,
   16,2000,   7,0.3948E-03,0.1574E+00,0.1023E+01,0.1607E+01,0.1807E+02,0.1725E+01,0.6775E+00,0.1582E+01,0.2140E+02,0.2259E+01,0.2573E+01,
   26,2000,   7,0.3313E-01,0.1639E+02,0.2145E+02,0.1231E+02,0.3974E+02,0.5730E+01,0.8390E+00,0.2037E+01,0.5778E+02,0.2876E+01,0.5076E+02,
   30,2000,   7,0.5609E-02,0.2391E+01,0.7906E+01,0.3036E+01,0.8159E+01,0.1321E+01,0.4562E+00,0.1117E+01,0.1252E+02,0.1573E+01,0.7434E+01,
   66,2000,   7,0.0000E+00,0.0000E+00,0.0000E+00,0.0000E+00,0.0000E+00,0.0000E+00,0.0000E+00,0.0000E+00,0.0000E+00,0.0000E+00,0.0000E+00,
   24,2000,   7,0.1911E-02,0.8251E+00,0.4951E+01,0.2469E+01,0.9258E-01,0.5246E+00,0.1197E+00,0.2929E+00,0.3086E+01,0.4126E+00,0.4126E+01,
   10,2000,   7,0.4266E+01,0.1824E+04,0.9505E+03,0.5589E+02,0.6692E+03,0.6314E+02,0.2226E+02,0.4542E+02,0.7883E+03,0.6768E+02,0.6769E+04,
   19,2000,   7,0.3548E+01,0.1534E+04,0.1323E+04,0.5281E+03,0.2639E+04,0.4434E+03,0.1024E+03,0.2175E+03,0.3611E+04,0.3199E+03,0.1824E+04,
   11,2000,   7,0.8904E+00,0.3844E+03,0.7767E+03,0.1386E+03,0.1576E+04,0.1502E+03,0.5076E+02,0.1038E+03,0.1865E+04,0.1546E+03,0.1440E+04,
    0,2000,   7,0.5957E-02,0.2315E+01,0.6498E+01,0.2479E+00,0.3010E+01,0.2832E+00,0.1417E+00,0.3305E+00,0.3541E+01,0.4722E+00,0.1301E-02,
   62,2000,   7,0.0000E+00,0.0000E+00,0.0000E+00,0.0000E+00,0.0000E+00,0.0000E+00,0.0000E+00,0.0000E+00,0.0000E+00,0.0000E+00,0.0000E+00,
   92,2000,   8,0.4030E-01,0.2168E+02,0.4748E+02,0.1674E+02,0.5859E+01,0.9070E+01,0.3094E+01,0.9137E+01,0.3167E+02,0.1223E+02,0.2759E+02,
   61,2000,   8,0.8850E+00,0.5250E+03,0.3403E+03,0.2242E+03,0.5548E+03,0.1120E+03,0.2539E+02,0.5069E+02,0.8910E+03,0.7608E+02,0.4892E+03,
   86,2000,   8,0.2358E+00,0.1512E+04,0.6385E+03,0.7913E+02,0.3892E+03,0.8358E+02,0.1850E+02,0.7729E+02,0.5519E+03,0.9579E+02,0.2683E+04,
   34,2000,   8,0.2146E+02,0.8435E+04,0.4827E+04,0.6766E+04,0.1046E+05,0.2556E+04,0.1153E+03,0.2291E+03,0.1978E+05,0.3444E+03,0.4132E+04,
   64,2000,   8,0.1113E+02,0.5800E+04,0.5876E+04,0.2652E+04,0.4577E+04,0.1974E+04,0.8770E+02,0.3857E+03,0.9203E+04,0.4734E+03,0.4869E+04,
   63,2000,   8,0.1043E-01,0.5405E+01,0.2702E+02,0.8071E+01,0.3027E+00,0.1715E+01,0.1567E+01,0.3837E+01,0.1009E+02,0.5405E+01,0.1351E+02,
   59,2000,   8,0.2098E+00,0.1340E+03,0.7667E+02,0.3400E+01,0.8150E+01,0.2102E+02,0.4191E+01,0.6945E+01,0.3257E+02,0.1114E+02,0.8566E+02,
   55,2000,   8,0.5395E-01,0.2766E+02,0.5535E+01,0.1058E+01,0.1697E+02,0.5745E+01,0.7028E+00,0.1842E+01,0.2377E+02,0.2545E+01,0.9971E+01,
   65,2000,   8,0.1359E+00,0.7195E+02,0.7393E+02,0.7154E+02,0.8024E+02,0.4639E+02,0.7451E+01,0.1834E+02,0.1982E+03,0.2580E+02,0.1905E+03,
   32,2000,   8,0.8154E+00,0.4583E+03,0.2881E+02,0.2540E+02,0.1087E+03,0.4726E+02,0.2160E+01,0.5949E+02,0.1814E+03,0.6165E+02,0.1046E+03,
   53,2000,   8,0.2521E-01,0.1302E+02,0.4354E+01,0.1342E+01,0.4322E+01,0.3997E+01,0.1720E+01,0.5934E+00,0.9661E+01,0.2313E+01,0.6476E+01,
   47,2000,   8,0.0000E+00,0.0000E+00,0.0000E+00,0.0000E+00,0.0000E+00,0.0000E+00,0.0000E+00,0.0000E+00,0.0000E+00,0.0000E+00,0.0000E+00,
   81,2000,   8,0.0000E+00,0.0000E+00,0.0000E+00,0.0000E+00,0.0000E+00,0.0000E+00,0.0000E+00,0.0000E+00,0.0000E+00,0.0000E+00,0.0000E+00,
   82,2000,   8,0.4383E-01,0.3028E+02,0.0000E+00,0.0000E+00,0.0000E+00,0.1892E+01,0.0000E+00,0.1892E+02,0.1892E+01,0.1892E+02,0.3028E+02,
   79,2000,   8,0.3454E-02,0.1789E+01,0.8947E+01,0.2672E+01,0.1002E+00,0.5677E+00,0.5190E+00,0.1270E+01,0.3340E+01,0.1789E+01,0.4474E+01,
   77,2000,   8,0.4702E+00,0.2211E+03,0.6091E+03,0.4043E+02,0.1439E+03,0.7294E+02,0.3228E+02,0.4407E+02,0.2573E+03,0.7635E+02,0.1285E+04,
   85,2000,   8,0.3260E+00,0.1711E+03,0.5999E+03,0.2551E+03,0.1399E+03,0.5700E+02,0.1328E+02,0.2966E+02,0.4520E+03,0.4294E+02,0.7305E+03,
   52,2000,   8,0.0000E+00,0.0000E+00,0.0000E+00,0.0000E+00,0.0000E+00,0.0000E+00,0.0000E+00,0.0000E+00,0.0000E+00,0.0000E+00,0.0000E+00,
   56,2000,   8,0.4834E-02,0.1880E+01,0.1793E+02,0.5834E+00,0.4584E+00,0.2308E+01,0.3352E+00,0.8865E-01,0.3350E+01,0.4239E+00,0.5413E+02,
   87,2000,   8,0.0000E+00,0.0000E+00,0.0000E+00,0.0000E+00,0.0000E+00,0.0000E+00,0.0000E+00,0.0000E+00,0.0000E+00,0.0000E+00,0.0000E+00,
   44,2000,   8,0.1578E-02,0.8175E+00,0.4088E+01,0.8584E-01,0.7059E-01,0.2282E+01,0.2647E+00,0.6481E+00,0.2439E+01,0.9129E+00,0.2044E+01,
   41,2000,   8,0.0000E+00,0.0000E+00,0.0000E+00,0.0000E+00,0.0000E+00,0.0000E+00,0.0000E+00,0.0000E+00,0.0000E+00,0.0000E+00,0.0000E+00,
   49,2000,   8,0.1052E-02,0.7267E+00,0.6018E+00,0.1227E+01,0.1390E+00,0.2689E+00,0.4360E-01,0.2289E+00,0.1635E+01,0.2725E+00,0.7115E+00,
   91,2000,   8,0.4710E-01,0.2313E+02,0.2044E+02,0.1823E+02,0.3020E+02,0.6492E+01,0.8205E+00,0.4266E+01,0.5491E+02,0.5086E+01,0.4285E+02,
   51,2000,   8,0.4515E-02,0.2729E+01,0.2339E+01,0.5267E+01,0.5964E+00,0.1154E+01,0.1871E+00,0.9824E+00,0.7017E+01,0.1169E+01,0.3898E+01,
   68,2000,   8,0.0000E+00,0.0000E+00,0.0000E+00,0.0000E+00,0.0000E+00,0.0000E+00,0.0000E+00,0.0000E+00,0.0000E+00,0.0000E+00,0.0000E+00,
   54,2000,   8,0.1771E+00,0.9939E+02,0.6116E+02,0.7951E+01,0.6024E+02,0.1147E+02,0.6116E+01,0.6422E+01,0.7966E+02,0.1254E+02,0.3670E+02,
   33,2000,   8,0.0000E+00,0.0000E+00,0.0000E+00,0.0000E+00,0.0000E+00,0.0000E+00,0.0000E+00,0.0000E+00,0.0000E+00,0.0000E+00,0.0000E+00,
   80,2000,   8,0.0000E+00,0.0000E+00,0.0000E+00,0.0000E+00,0.0000E+00,0.0000E+00,0.0000E+00,0.0000E+00,0.0000E+00,0.0000E+00,0.0000E+00,
   50,2000,   8,0.0000E+00,0.0000E+00,0.0000E+00,0.0000E+00,0.0000E+00,0.0000E+00,0.0000E+00,0.0000E+00,0.0000E+00,0.0000E+00,0.0000E+00,
   58,2000,   8,0.5716E-01,0.2917E+02,0.1829E+02,0.2457E+01,0.4179E+02,0.4295E+01,0.4773E+00,0.7771E+00,0.4854E+02,0.1254E+01,0.2379E+02,
   17,2000,   8,0.1214E+00,0.5894E+02,0.2761E+03,0.4997E+02,0.3863E+02,0.4277E+02,0.7917E+01,0.1267E+02,0.1314E+03,0.2059E+02,0.7661E+03,
   95,2000,   8,0.1216E-01,0.6168E+01,0.1229E+02,0.6015E+01,0.8811E+01,0.4054E+01,0.3050E+00,0.1645E+01,0.1888E+02,0.1950E+01,0.3320E+02,
   90,2000,   8,0.0000E+00,0.0000E+00,0.0000E+00,0.0000E+00,0.0000E+00,0.0000E+00,0.0000E+00,0.0000E+00,0.0000E+00,0.0000E+00,0.0000E+00,
   15,2000,   8,0.0000E+00,0.0000E+00,0.0000E+00,0.0000E+00,0.0000E+00,0.0000E+00,0.0000E+00,0.0000E+00,0.0000E+00,0.0000E+00,0.0000E+00,
   14,2000,   8,0.5101E-01,0.2202E+02,0.2391E+02,0.2826E+01,0.4308E+03,0.2208E+01,0.1789E+02,0.4375E+02,0.4358E+03,0.6164E+02,0.3483E+02,
   31,2000,   8,0.7030E+00,0.3288E+03,0.1831E+03,0.5684E+02,0.2334E+03,0.5254E+02,0.1342E+02,0.6191E+02,0.3428E+03,0.7533E+02,0.3995E+03,
   12,2000,   8,0.1821E-01,0.7563E+01,0.1798E+02,0.8212E+01,0.2287E+02,0.2838E+01,0.1454E+01,0.3560E+01,0.3392E+02,0.5013E+01,0.4565E+02,
   23,2000,   8,0.1417E-01,0.5542E+01,0.5367E+01,0.1087E+01,0.1649E+01,0.3563E+00,0.1210E+00,0.2893E+00,0.3092E+01,0.4102E+00,0.6537E+02,
   25,2000,   8,0.1025E+02,0.7836E+04,0.6159E+04,0.2405E+04,0.4643E+04,0.1880E+04,0.2716E+03,0.5191E+03,0.8928E+04,0.7906E+03,0.1665E+05,
   18,2000,   8,0.2594E-01,0.8356E+02,0.3033E+03,0.1291E+03,0.8925E+02,0.4453E+02,0.3119E+01,0.8573E+01,0.2628E+03,0.1169E+02,0.2705E+03,
    4,2000,   8,0.4350E-01,0.1698E+02,0.4555E+01,0.4363E+00,0.5041E+01,0.4788E+00,0.2629E+00,0.6930E+00,0.5956E+01,0.9559E+00,0.1349E+03,
   74,2000,   8,0.8390E+00,0.3612E+03,0.1520E+04,0.1448E+03,0.7900E+02,0.1236E+03,0.2782E+02,0.5752E+02,0.3475E+03,0.8534E+02,0.2100E+04,
   73,2000,   8,0.1227E-03,0.4769E-01,0.3179E+00,0.4993E+00,0.6062E+01,0.5706E+00,0.2257E+00,0.5267E+00,0.7132E+01,0.7524E+00,0.9481E+00,
   69,2000,   8,0.2250E-01,0.9312E+01,0.1880E+02,0.5392E+01,0.2421E+02,0.2991E+01,0.1585E+01,0.3774E+01,0.3259E+02,0.5358E+01,0.1302E+02,
   20,2000,   8,0.8063E+00,0.3531E+03,0.9526E+03,0.1370E+03,0.1190E+04,0.1198E+03,0.4966E+02,0.1041E+03,0.1447E+04,0.1538E+03,0.6415E+03,
   36,2000,   8,0.0000E+00,0.0000E+00,0.0000E+00,0.0000E+00,0.0000E+00,0.0000E+00,0.0000E+00,0.0000E+00,0.0000E+00,0.0000E+00,0.0000E+00,
   16,2000,   8,0.3948E-03,0.1574E+00,0.1023E+01,0.1607E+01,0.1807E+02,0.1725E+01,0.6775E+00,0.1582E+01,0.2140E+02,0.2259E+01,0.2573E+01,
   26,2000,   8,0.3313E-01,0.1639E+02,0.2145E+02,0.1231E+02,0.3974E+02,0.5730E+01,0.8390E+00,0.2037E+01,0.5778E+02,0.2876E+01,0.5076E+02,
   30,2000,   8,0.6924E-02,0.2959E+01,0.8852E+01,0.3185E+01,0.9964E+01,0.1490E+01,0.5386E+00,0.1318E+01,0.1464E+02,0.1857E+01,0.7737E+01,
   66,2000,   8,0.0000E+00,0.0000E+00,0.0000E+00,0.0000E+00,0.0000E+00,0.0000E+00,0.0000E+00,0.0000E+00,0.0000E+00,0.0000E+00,0.0000E+00,
   24,2000,   8,0.1911E-02,0.8251E+00,0.4951E+01,0.2469E+01,0.9258E-01,0.5246E+00,0.1197E+00,0.2929E+00,0.3086E+01,0.4126E+00,0.4126E+01,
   10,2000,   8,0.4579E+01,0.1959E+04,0.5715E+03,0.5012E+02,0.5992E+03,0.5655E+02,0.4318E+02,0.8789E+02,0.7059E+03,0.1311E+03,0.1112E+05,
   19,2000,   8,0.3939E+01,0.1703E+04,0.1342E+04,0.5386E+03,0.2726E+04,0.4555E+03,0.1136E+03,0.2401E+03,0.3720E+04,0.3537E+03,0.1714E+04,
   11,2000,   8,0.9614E+00,0.4151E+03,0.9181E+03,0.1381E+03,0.1570E+04,0.1496E+03,0.2837E+02,0.5837E+02,0.1858E+04,0.8673E+02,0.1476E+04,
    0,2000,   8,0.5957E-02,0.2315E+01,0.6498E+01,0.2479E+00,0.3010E+01,0.2832E+00,0.1417E+00,0.3305E+00,0.3541E+01,0.4722E+00,0.1301E-02,
   62,2000,   8,0.0000E+00,0.0000E+00,0.0000E+00,0.0000E+00,0.0000E+00,0.0000E+00,0.0000E+00,0.0000E+00,0.0000E+00,0.0000E+00,0.0000E+00,
   92,2000,   9,0.4092E-01,0.2295E+02,0.4933E+02,0.1804E+02,0.8400E+01,0.9820E+01,0.3190E+01,0.8910E+01,0.3626E+02,0.1210E+02,0.2867E+02,
   61,2000,   9,0.8709E+00,0.5067E+03,0.5580E+03,0.3089E+03,0.3940E+03,0.1808E+03,0.4267E+02,0.3500E+02,0.8837E+03,0.7766E+02,0.6909E+03,
   86,2000,   9,0.2129E+00,0.1742E+04,0.4973E+03,0.8025E+02,0.4130E+03,0.8117E+02,0.8584E+01,0.4491E+02,0.5744E+03,0.5349E+02,0.2714E+04,
   34,2000,   9,0.2129E+02,0.8617E+04,0.5081E+04,0.6550E+04,0.8613E+04,0.2653E+04,0.1853E+03,0.1859E+03,0.1782E+05,0.3712E+03,0.4999E+04,
   64,2000,   9,0.1158E+02,0.6132E+04,0.5436E+04,0.2883E+04,0.4772E+04,0.1837E+04,0.1400E+03,0.4037E+03,0.9492E+04,0.5437E+03,0.6159E+04,
   63,2000,   9,0.1043E-01,0.5405E+01,0.2702E+02,0.8071E+01,0.3027E+00,0.1715E+01,0.1567E+01,0.3837E+01,0.1009E+02,0.5405E+01,0.1351E+02,
   59,2000,   9,0.2062E+00,0.1282E+03,0.2104E+03,0.3359E+02,0.5481E+02,0.1835E+02,0.1629E+01,0.9320E+01,0.1067E+03,0.1095E+02,0.6482E+02,
   55,2000,   9,0.6848E-01,0.3378E+02,0.1476E+02,0.2100E+01,0.2136E+02,0.7260E+01,0.1647E+01,0.1901E+01,0.3073E+02,0.3548E+01,0.1345E+02,
   65,2000,   9,0.1324E+00,0.6862E+02,0.1200E+03,0.9771E+02,0.6649E+02,0.6047E+02,0.6663E+01,0.1763E+02,0.2247E+03,0.2429E+02,0.2434E+03,
   32,2000,   9,0.8754E+00,0.4847E+03,0.2586E+02,0.1971E+02,0.1273E+03,0.4389E+02,0.2136E+01,0.5625E+02,0.1909E+03,0.5839E+02,0.1075E+03,
   53,2000,   9,0.2962E-01,0.1508E+02,0.1254E+02,0.1372E+01,0.5076E+01,0.3216E+01,0.2874E+00,0.1447E+01,0.9664E+01,0.1734E+01,0.1262E+02,
   47,2000,   9,0.0000E+00,0.0000E+00,0.0000E+00,0.0000E+00,0.0000E+00,0.0000E+00,0.0000E+00,0.0000E+00,0.0000E+00,0.0000E+00,0.0000E+00,
   81,2000,   9,0.0000E+00,0.0000E+00,0.0000E+00,0.0000E+00,0.0000E+00,0.0000E+00,0.0000E+00,0.0000E+00,0.0000E+00,0.0000E+00,0.0000E+00,
   82,2000,   9,0.4383E-01,0.3028E+02,0.0000E+00,0.0000E+00,0.0000E+00,0.1892E+01,0.0000E+00,0.1892E+02,0.1892E+01,0.1892E+02,0.3028E+02,
   79,2000,   9,0.3454E-02,0.1789E+01,0.8947E+01,0.2672E+01,0.1002E+00,0.5677E+00,0.5190E+00,0.1270E+01,0.3340E+01,0.1789E+01,0.4474E+01,
   77,2000,   9,0.4615E+00,0.2155E+03,0.6002E+03,0.6390E+02,0.8859E+02,0.6687E+02,0.7105E+02,0.7946E+02,0.2194E+03,0.1505E+03,0.1255E+04,
   85,2000,   9,0.3344E+00,0.1780E+03,0.5707E+03,0.2499E+03,0.1920E+03,0.5569E+02,0.1085E+02,0.2853E+02,0.4975E+03,0.3938E+02,0.7186E+03,
   52,2000,   9,0.0000E+00,0.0000E+00,0.0000E+00,0.0000E+00,0.0000E+00,0.0000E+00,0.0000E+00,0.0000E+00,0.0000E+00,0.0000E+00,0.0000E+00,
   56,2000,   9,0.4840E-02,0.1882E+01,0.1795E+02,0.5841E+00,0.4590E+00,0.2311E+01,0.3356E+00,0.8875E-01,0.3354E+01,0.4244E+00,0.5419E+02,
   87,2000,   9,0.0000E+00,0.0000E+00,0.0000E+00,0.0000E+00,0.0000E+00,0.0000E+00,0.0000E+00,0.0000E+00,0.0000E+00,0.0000E+00,0.0000E+00,
   44,2000,   9,0.1578E-02,0.8175E+00,0.4088E+01,0.8584E-01,0.7059E-01,0.2282E+01,0.2647E+00,0.6481E+00,0.2439E+01,0.9129E+00,0.2044E+01,
   41,2000,   9,0.0000E+00,0.0000E+00,0.0000E+00,0.0000E+00,0.0000E+00,0.0000E+00,0.0000E+00,0.0000E+00,0.0000E+00,0.0000E+00,0.0000E+00,
   49,2000,   9,0.1140E-02,0.8251E+00,0.7191E+00,0.1329E+01,0.1506E+00,0.2913E+00,0.4724E-01,0.2480E+00,0.1771E+01,0.2952E+00,0.7645E+00,
   91,2000,   9,0.4416E-01,0.2173E+02,0.2613E+01,0.1986E+02,0.3054E+02,0.5140E+01,0.4300E+00,0.5457E+01,0.5553E+02,0.5887E+01,0.4038E+02,
   51,2000,   9,0.3331E-02,0.1956E+01,0.1151E+01,0.3886E+01,0.4401E+00,0.8514E+00,0.1381E+00,0.7249E+00,0.5178E+01,0.8629E+00,0.5753E+00,
   68,2000,   9,0.0000E+00,0.0000E+00,0.0000E+00,0.0000E+00,0.0000E+00,0.0000E+00,0.0000E+00,0.0000E+00,0.0000E+00,0.0000E+00,0.0000E+00,
   54,2000,   9,0.1587E+00,0.8357E+02,0.4110E+02,0.5480E+01,0.8495E+02,0.8220E+01,0.8769E+01,0.7261E+01,0.9865E+02,0.1603E+02,0.4110E+02,
   33,2000,   9,0.0000E+00,0.0000E+00,0.0000E+00,0.0000E+00,0.0000E+00,0.0000E+00,0.0000E+00,0.0000E+00,0.0000E+00,0.0000E+00,0.0000E+00,
   80,2000,   9,0.0000E+00,0.0000E+00,0.0000E+00,0.0000E+00,0.0000E+00,0.0000E+00,0.0000E+00,0.0000E+00,0.0000E+00,0.0000E+00,0.0000E+00,
   50,2000,   9,0.0000E+00,0.0000E+00,0.0000E+00,0.0000E+00,0.0000E+00,0.0000E+00,0.0000E+00,0.0000E+00,0.0000E+00,0.0000E+00,0.0000E+00,
   58,2000,   9,0.5786E-01,0.2815E+02,0.2005E+02,0.2540E+01,0.4105E+02,0.6555E+01,0.5957E+00,0.9551E+00,0.5014E+02,0.1551E+01,0.2431E+02,
   17,2000,   9,0.1725E+00,0.8208E+02,0.2693E+03,0.2745E+02,0.4995E+02,0.9076E+02,0.6208E+01,0.3210E+02,0.1682E+03,0.3831E+02,0.9721E+03,
   95,2000,   9,0.1110E-01,0.5841E+01,0.1046E+02,0.6714E+01,0.6568E+01,0.3963E+01,0.2286E+00,0.1200E+01,0.1724E+02,0.1428E+01,0.2636E+02,
   90,2000,   9,0.0000E+00,0.0000E+00,0.0000E+00,0.0000E+00,0.0000E+00,0.0000E+00,0.0000E+00,0.0000E+00,0.0000E+00,0.0000E+00,0.0000E+00,
   15,2000,   9,0.0000E+00,0.0000E+00,0.0000E+00,0.0000E+00,0.0000E+00,0.0000E+00,0.0000E+00,0.0000E+00,0.0000E+00,0.0000E+00,0.0000E+00,
   14,2000,   9,0.4605E-01,0.1987E+02,0.2257E+02,0.2802E+01,0.4006E+03,0.2181E+01,0.1601E+02,0.3916E+02,0.4056E+03,0.5516E+02,0.3140E+02,
   31,2000,   9,0.7553E+00,0.3514E+03,0.1795E+03,0.4259E+02,0.2207E+03,0.5084E+02,0.1765E+02,0.7049E+02,0.3142E+03,0.8814E+02,0.3721E+03,
   12,2000,   9,0.1908E-01,0.7942E+01,0.1384E+02,0.8450E+01,0.2400E+02,0.2883E+01,0.1509E+01,0.3694E+01,0.3533E+02,0.5203E+01,0.4252E+02,
   23,2000,   9,0.1417E-01,0.5542E+01,0.5367E+01,0.1087E+01,0.1649E+01,0.3563E+00,0.1210E+00,0.2893E+00,0.3092E+01,0.4102E+00,0.6537E+02,
   25,2000,   9,0.9908E+01,0.7640E+04,0.5244E+04,0.2896E+04,0.5462E+04,0.1400E+04,0.2594E+03,0.5180E+03,0.9757E+04,0.7774E+03,0.1394E+05,
   18,2000,   9,0.2428E-01,0.8285E+02,0.3051E+03,0.1285E+03,0.8801E+02,0.4467E+02,0.3164E+01,0.8684E+01,0.2611E+03,0.1185E+02,0.2700E+03,
    4,2000,   9,0.4350E-01,0.1698E+02,0.3241E+01,0.4469E+00,0.5169E+01,0.4909E+00,0.2629E+00,0.6930E+00,0.6107E+01,0.9559E+00,0.1296E+03,
   74,2000,   9,0.8541E+00,0.3677E+03,0.1541E+04,0.1111E+03,0.7610E+02,0.9433E+02,0.2916E+02,0.6031E+02,0.2815E+03,0.8947E+02,0.2130E+04,
   73,2000,   9,0.1227E-03,0.4769E-01,0.3179E+00,0.4993E+00,0.6062E+01,0.5706E+00,0.2257E+00,0.5267E+00,0.7132E+01,0.7524E+00,0.9481E+00,
   69,2000,   9,0.2250E-01,0.9312E+01,0.1880E+02,0.5392E+01,0.2421E+02,0.2991E+01,0.1585E+01,0.3774E+01,0.3259E+02,0.5358E+01,0.1302E+02,
   20,2000,   9,0.8024E+00,0.3514E+03,0.8856E+03,0.1321E+03,0.1130E+04,0.1142E+03,0.2877E+02,0.6167E+02,0.1377E+04,0.9044E+02,0.8894E+03,
   36,2000,   9,0.0000E+00,0.0000E+00,0.0000E+00,0.0000E+00,0.0000E+00,0.0000E+00,0.0000E+00,0.0000E+00,0.0000E+00,0.0000E+00,0.0000E+00,
   16,2000,   9,0.3948E-03,0.1574E+00,0.1023E+01,0.1607E+01,0.1807E+02,0.1725E+01,0.6775E+00,0.1582E+01,0.2140E+02,0.2259E+01,0.2573E+01,
   26,2000,   9,0.3313E-01,0.1639E+02,0.2145E+02,0.1231E+02,0.3974E+02,0.5730E+01,0.8390E+00,0.2037E+01,0.5778E+02,0.2876E+01,0.5076E+02,
   30,2000,   9,0.6924E-02,0.2959E+01,0.8095E+01,0.3185E+01,0.9964E+01,0.1490E+01,0.5386E+00,0.1318E+01,0.1464E+02,0.1857E+01,0.8115E+01,
   66,2000,   9,0.0000E+00,0.0000E+00,0.0000E+00,0.0000E+00,0.0000E+00,0.0000E+00,0.0000E+00,0.0000E+00,0.0000E+00,0.0000E+00,0.0000E+00,
   24,2000,   9,0.1911E-02,0.8251E+00,0.4951E+01,0.2469E+01,0.9258E-01,0.5246E+00,0.1197E+00,0.2929E+00,0.3086E+01,0.4126E+00,0.4126E+01,
   10,2000,   9,0.4031E+01,0.1723E+04,0.8837E+03,0.5947E+02,0.7127E+03,0.6723E+02,0.4821E+02,0.9811E+02,0.8394E+03,0.1463E+03,0.6835E+04,
   19,2000,   9,0.4183E+01,0.1808E+04,0.1275E+04,0.5456E+03,0.2781E+04,0.4635E+03,0.1467E+03,0.3075E+03,0.3790E+04,0.4542E+03,0.2015E+04,
   11,2000,   9,0.9763E+00,0.4215E+03,0.9323E+03,0.1288E+03,0.1457E+04,0.1390E+03,0.2879E+02,0.5923E+02,0.1725E+04,0.8802E+02,0.1092E+04,
    0,2000,   9,0.5957E-02,0.2315E+01,0.6498E+01,0.2479E+00,0.3010E+01,0.2832E+00,0.1417E+00,0.3305E+00,0.3541E+01,0.4722E+00,0.1301E-02,
   62,2000,   9,0.0000E+00,0.0000E+00,0.0000E+00,0.0000E+00,0.0000E+00,0.0000E+00,0.0000E+00,0.0000E+00,0.0000E+00,0.0000E+00,0.0000E+00,
   92,2000,  10,0.3820E-01,0.2177E+02,0.4964E+02,0.1677E+02,0.6336E+01,0.9339E+01,0.3398E+01,0.9046E+01,0.3244E+02,0.1244E+02,0.2808E+02,
   61,2000,  10,0.7981E+00,0.4676E+03,0.5372E+03,0.4699E+03,0.2787E+03,0.2012E+03,0.3977E+02,0.4853E+02,0.9498E+03,0.8830E+02,0.8080E+03,
   86,2000,  10,0.2100E+00,0.1463E+04,0.4202E+03,0.6713E+02,0.3208E+03,0.8152E+02,0.7384E+01,0.4360E+02,0.4694E+03,0.5098E+02,0.2411E+04,
   34,2000,  10,0.1919E+02,0.1057E+05,0.4067E+04,0.6092E+04,0.7437E+04,0.2206E+04,0.1122E+03,0.9191E+02,0.1574E+05,0.2041E+03,0.4018E+04,
   64,2000,  10,0.1057E+02,0.5719E+04,0.5462E+04,0.2568E+04,0.4588E+04,0.1782E+04,0.1074E+03,0.3194E+03,0.8938E+04,0.4268E+03,0.5320E+04,
   63,2000,  10,0.1043E-01,0.5405E+01,0.2702E+02,0.8071E+01,0.3027E+00,0.1715E+01,0.1567E+01,0.3837E+01,0.1009E+02,0.5405E+01,0.1351E+02,
   59,2000,  10,0.2061E+00,0.1316E+03,0.2068E+03,0.4672E+02,0.3272E+02,0.3505E+02,0.1272E+01,0.1767E+02,0.1145E+03,0.1894E+02,0.6050E+02,
   55,2000,  10,0.4908E-01,0.2648E+02,0.7983E+01,0.1773E+01,0.1646E+02,0.4006E+01,0.3896E+00,0.2255E+01,0.2224E+02,0.2645E+01,0.8970E+01,
   65,2000,  10,0.1152E+00,0.6737E+02,0.1045E+03,0.5465E+02,0.9358E+02,0.5039E+02,0.1154E+02,0.8153E+01,0.1986E+03,0.1969E+02,0.1557E+03,
   32,2000,  10,0.8000E+00,0.4298E+03,0.2447E+02,0.4464E+02,0.1235E+03,0.4013E+02,0.1940E+01,0.5807E+02,0.2083E+03,0.6001E+02,0.9669E+02,
   53,2000,  10,0.2179E-01,0.1223E+02,0.4428E-01,0.1199E+01,0.3747E+01,0.3057E+01,0.1635E-01,0.1933E+01,0.8004E+01,0.1950E+01,0.7435E+01,
   47,2000,  10,0.0000E+00,0.0000E+00,0.0000E+00,0.0000E+00,0.0000E+00,0.0000E+00,0.0000E+00,0.0000E+00,0.0000E+00,0.0000E+00,0.0000E+00,
   81,2000,  10,0.0000E+00,0.0000E+00,0.0000E+00,0.0000E+00,0.0000E+00,0.0000E+00,0.0000E+00,0.0000E+00,0.0000E+00,0.0000E+00,0.0000E+00,
   82,2000,  10,0.4383E-01,0.3028E+02,0.0000E+00,0.0000E+00,0.0000E+00,0.1892E+01,0.0000E+00,0.1892E+02,0.1892E+01,0.1892E+02,0.3028E+02,
   79,2000,  10,0.3454E-02,0.1789E+01,0.8947E+01,0.2672E+01,0.1002E+00,0.5677E+00,0.5190E+00,0.1270E+01,0.3340E+01,0.1789E+01,0.4474E+01,
   77,2000,  10,0.3618E+00,0.1692E+03,0.6046E+03,0.1294E+03,0.4803E+02,0.7790E+02,0.1962E+02,0.4327E+02,0.2553E+03,0.6288E+02,0.1259E+04,
   85,2000,  10,0.3139E+00,0.1828E+03,0.5926E+03,0.2446E+03,0.7609E+02,0.7527E+02,0.1729E+02,0.2586E+02,0.3960E+03,0.4315E+02,0.7451E+03,
   52,2000,  10,0.0000E+00,0.0000E+00,0.0000E+00,0.0000E+00,0.0000E+00,0.0000E+00,0.0000E+00,0.0000E+00,0.0000E+00,0.0000E+00,0.0000E+00,
   56,2000,  10,0.4833E-02,0.1879E+01,0.1793E+02,0.5833E+00,0.4583E+00,0.2308E+01,0.3352E+00,0.8863E-01,0.3349E+01,0.4238E+00,0.5412E+02,
   87,2000,  10,0.0000E+00,0.0000E+00,0.0000E+00,0.0000E+00,0.0000E+00,0.0000E+00,0.0000E+00,0.0000E+00,0.0000E+00,0.0000E+00,0.0000E+00,
   44,2000,  10,0.1578E-02,0.8175E+00,0.4088E+01,0.8584E-01,0.7059E-01,0.2282E+01,0.2647E+00,0.6481E+00,0.2439E+01,0.9129E+00,0.2044E+01,
   41,2000,  10,0.0000E+00,0.0000E+00,0.0000E+00,0.0000E+00,0.0000E+00,0.0000E+00,0.0000E+00,0.0000E+00,0.0000E+00,0.0000E+00,0.0000E+00,
   49,2000,  10,0.8767E-03,0.6457E+00,0.4315E+00,0.1023E+01,0.1158E+00,0.2241E+00,0.3633E-01,0.1908E+00,0.1363E+01,0.2271E+00,0.4542E+00,
   91,2000,  10,0.4320E-01,0.2177E+02,0.2647E+01,0.1849E+02,0.3116E+02,0.4623E+01,0.4354E+00,0.5005E+01,0.5427E+02,0.5441E+01,0.4147E+02,
   51,2000,  10,0.2761E-02,0.1955E+01,0.4769E+00,0.3221E+01,0.3648E+00,0.7058E+00,0.1145E+00,0.6009E+00,0.4292E+01,0.7153E+00,0.4769E+00,
   68,2000,  10,0.0000E+00,0.0000E+00,0.0000E+00,0.0000E+00,0.0000E+00,0.0000E+00,0.0000E+00,0.0000E+00,0.0000E+00,0.0000E+00,0.0000E+00,
   54,2000,  10,0.1425E+00,0.7749E+02,0.4920E+02,0.4920E+01,0.1033E+03,0.1968E+02,0.1378E+02,0.9594E+01,0.1279E+03,0.2337E+02,0.3690E+02,
   33,2000,  10,0.0000E+00,0.0000E+00,0.0000E+00,0.0000E+00,0.0000E+00,0.0000E+00,0.0000E+00,0.0000E+00,0.0000E+00,0.0000E+00,0.0000E+00,
   80,2000,  10,0.0000E+00,0.0000E+00,0.0000E+00,0.0000E+00,0.0000E+00,0.0000E+00,0.0000E+00,0.0000E+00,0.0000E+00,0.0000E+00,0.0000E+00,
   50,2000,  10,0.0000E+00,0.0000E+00,0.0000E+00,0.0000E+00,0.0000E+00,0.0000E+00,0.0000E+00,0.0000E+00,0.0000E+00,0.0000E+00,0.0000E+00,
   58,2000,  10,0.5174E-01,0.2752E+02,0.1939E+02,0.1917E+01,0.2169E+02,0.4086E+01,0.3246E+00,0.7844E+00,0.2769E+02,0.1109E+01,0.2214E+02,
   17,2000,  10,0.1591E+00,0.7933E+02,0.2672E+03,0.2300E+02,0.5479E+02,0.6739E+02,0.6408E+01,0.2341E+02,0.1452E+03,0.2982E+02,0.9684E+03,
   95,2000,  10,0.1075E-01,0.6600E+01,0.7630E+01,0.5931E+01,0.5705E+01,0.5064E+01,0.2385E+00,0.1254E+01,0.1670E+02,0.1493E+01,0.2069E+02,
   90,2000,  10,0.0000E+00,0.0000E+00,0.0000E+00,0.0000E+00,0.0000E+00,0.0000E+00,0.0000E+00,0.0000E+00,0.0000E+00,0.0000E+00,0.0000E+00,
   15,2000,  10,0.0000E+00,0.0000E+00,0.0000E+00,0.0000E+00,0.0000E+00,0.0000E+00,0.0000E+00,0.0000E+00,0.0000E+00,0.0000E+00,0.0000E+00,
   14,2000,  10,0.4695E-01,0.2026E+02,0.2085E+02,0.2755E+01,0.3739E+03,0.2127E+01,0.1633E+02,0.3993E+02,0.3788E+03,0.5626E+02,0.3235E+02,
   31,2000,  10,0.6338E+00,0.2989E+03,0.2014E+03,0.1079E+03,0.2756E+03,0.5084E+02,0.1434E+02,0.6366E+02,0.4343E+03,0.7800E+02,0.3468E+03,
   12,2000,  10,0.1558E-01,0.6428E+01,0.1201E+02,0.7496E+01,0.1947E+02,0.2704E+01,0.1289E+01,0.3157E+01,0.2967E+02,0.4446E+01,0.3989E+02,
   23,2000,  10,0.1417E-01,0.5542E+01,0.5367E+01,0.1087E+01,0.1649E+01,0.3563E+00,0.1210E+00,0.2893E+00,0.3092E+01,0.4102E+00,0.6537E+02,
   25,2000,  10,0.8222E+01,0.6420E+04,0.4708E+04,0.2712E+04,0.5050E+04,0.1242E+04,0.2104E+03,0.4309E+03,0.9003E+04,0.6413E+03,0.1424E+05,
   18,2000,  10,0.2122E-01,0.1002E+02,0.6092E+01,0.4813E+01,0.1608E+02,0.1836E+01,0.1095E+01,0.2629E+01,0.2273E+02,0.3724E+01,0.2056E+02,
    4,2000,  10,0.4307E-01,0.1679E+02,0.3014E+01,0.4231E+00,0.4880E+01,0.4637E+00,0.2878E+00,0.7438E+00,0.5767E+01,0.1032E+01,0.1296E+03,
   74,2000,  10,0.8878E+00,0.3823E+03,0.1622E+04,0.1862E+03,0.6921E+02,0.1596E+03,0.2961E+02,0.6081E+02,0.4150E+03,0.9042E+02,0.2243E+04,
   73,2000,  10,0.1227E-03,0.4769E-01,0.3179E+00,0.4993E+00,0.6062E+01,0.5706E+00,0.2257E+00,0.5267E+00,0.7132E+01,0.7524E+00,0.9481E+00,
   69,2000,  10,0.2250E-01,0.9312E+01,0.1880E+02,0.5392E+01,0.2421E+02,0.2991E+01,0.1585E+01,0.3774E+01,0.3259E+02,0.5358E+01,0.1302E+02,
   20,2000,  10,0.5837E+00,0.2570E+03,0.6589E+03,0.1166E+03,0.9420E+03,0.9646E+02,0.3697E+02,0.7833E+02,0.1155E+04,0.1153E+03,0.6190E+03,
   36,2000,  10,0.0000E+00,0.0000E+00,0.0000E+00,0.0000E+00,0.0000E+00,0.0000E+00,0.0000E+00,0.0000E+00,0.0000E+00,0.0000E+00,0.0000E+00,
   16,2000,  10,0.3948E-03,0.1574E+00,0.1023E+01,0.1607E+01,0.1807E+02,0.1725E+01,0.6775E+00,0.1582E+01,0.2140E+02,0.2259E+01,0.2573E+01,
   26,2000,  10,0.3313E-01,0.1639E+02,0.2145E+02,0.1231E+02,0.3974E+02,0.5730E+01,0.8390E+00,0.2037E+01,0.5778E+02,0.2876E+01,0.5076E+02,
   30,2000,  10,0.4732E-02,0.2013E+01,0.7906E+01,0.2937E+01,0.6956E+01,0.1207E+01,0.4014E+00,0.9825E+00,0.1110E+02,0.1384E+01,0.8305E+01,
   66,2000,  10,0.0000E+00,0.0000E+00,0.0000E+00,0.0000E+00,0.0000E+00,0.0000E+00,0.0000E+00,0.0000E+00,0.0000E+00,0.0000E+00,0.0000E+00,
   24,2000,  10,0.1911E-02,0.8251E+00,0.4951E+01,0.2469E+01,0.9258E-01,0.5246E+00,0.1197E+00,0.2929E+00,0.3086E+01,0.4126E+00,0.4126E+01,
   10,2000,  10,0.3893E+01,0.1663E+04,0.6449E+03,0.4395E+02,0.5242E+03,0.4949E+02,0.1943E+02,0.3969E+02,0.6176E+03,0.5912E+02,0.7566E+04,
   19,2000,  10,0.3353E+01,0.1449E+04,0.1498E+04,0.5015E+03,0.2417E+04,0.4128E+03,0.1119E+03,0.2367E+03,0.3331E+04,0.3486E+03,0.2095E+04,
   11,2000,  10,0.8492E+00,0.3666E+03,0.6003E+03,0.1274E+03,0.1441E+04,0.1374E+03,0.2517E+02,0.5187E+02,0.1705E+04,0.7704E+02,0.9498E+03,
    0,2000,  10,0.5957E-02,0.2315E+01,0.6498E+01,0.2479E+00,0.3010E+01,0.2832E+00,0.1417E+00,0.3305E+00,0.3541E+01,0.4722E+00,0.1301E-02,
   62,2000,  10,0.0000E+00,0.0000E+00,0.0000E+00,0.0000E+00,0.0000E+00,0.0000E+00,0.0000E+00,0.0000E+00,0.0000E+00,0.0000E+00,0.0000E+00,
   92,2000,  11,0.3496E-01,0.2080E+02,0.4528E+02,0.1585E+02,0.8700E+01,0.8538E+01,0.3316E+01,0.8423E+01,0.3309E+02,0.1174E+02,0.2863E+02,
   61,2000,  11,0.7750E+00,0.4092E+03,0.4946E+03,0.3665E+03,0.3735E+03,0.1511E+03,0.3728E+02,0.5742E+02,0.8910E+03,0.9471E+02,0.6266E+03,
   86,2000,  11,0.1424E+00,0.1087E+04,0.3066E+03,0.6134E+02,0.2554E+03,0.4729E+02,0.7752E+01,0.3988E+02,0.3640E+03,0.4763E+02,0.1407E+04,
   34,2000,  11,0.1914E+02,0.9024E+04,0.3701E+04,0.6996E+04,0.6840E+04,0.2618E+04,0.5202E+02,0.9720E+02,0.1645E+05,0.1492E+03,0.3743E+04,
   64,2000,  11,0.1001E+02,0.5702E+04,0.3763E+04,0.3229E+04,0.4209E+04,0.1426E+04,0.1158E+03,0.2087E+03,0.8864E+04,0.3245E+03,0.5473E+04,
   63,2000,  11,0.1043E-01,0.5405E+01,0.2702E+02,0.8071E+01,0.3027E+00,0.1715E+01,0.1567E+01,0.3837E+01,0.1009E+02,0.5405E+01,0.1351E+02,
   59,2000,  11,0.2059E+00,0.1422E+03,0.1874E+03,0.1045E+02,0.1990E+02,0.3662E+02,0.1272E+01,0.3621E+01,0.6697E+02,0.4892E+01,0.6206E+02,
   55,2000,  11,0.4393E-01,0.2502E+02,0.9033E+01,0.1004E+01,0.1610E+02,0.4695E+01,0.8324E+00,0.2319E+01,0.2180E+02,0.3152E+01,0.8636E+01,
   65,2000,  11,0.1129E+00,0.6942E+02,0.1410E+03,0.1126E+03,0.6101E+02,0.4152E+02,0.5101E+01,0.1194E+02,0.2152E+03,0.1704E+02,0.1449E+03,
   32,2000,  11,0.7774E+00,0.4500E+03,0.2491E+02,0.1240E+02,0.1001E+04,0.4589E+02,0.2017E+01,0.5670E+02,0.1059E+04,0.5872E+02,0.9586E+02,
   53,2000,  11,0.1875E-01,0.1054E+02,0.4859E+01,0.9453E+00,0.3227E+01,0.2621E+01,0.8090E+00,0.8554E+00,0.6794E+01,0.1664E+01,0.4807E+01,
   47,2000,  11,0.0000E+00,0.0000E+00,0.0000E+00,0.0000E+00,0.0000E+00,0.0000E+00,0.0000E+00,0.0000E+00,0.0000E+00,0.0000E+00,0.0000E+00,
   81,2000,  11,0.0000E+00,0.0000E+00,0.0000E+00,0.0000E+00,0.0000E+00,0.0000E+00,0.0000E+00,0.0000E+00,0.0000E+00,0.0000E+00,0.0000E+00,
   82,2000,  11,0.4383E-01,0.3028E+02,0.0000E+00,0.0000E+00,0.0000E+00,0.1892E+01,0.0000E+00,0.1892E+02,0.1892E+01,0.1892E+02,0.3028E+02,
   79,2000,  11,0.3454E-02,0.1789E+01,0.8947E+01,0.2672E+01,0.1002E+00,0.5677E+00,0.5190E+00,0.1270E+01,0.3340E+01,0.1789E+01,0.4474E+01,
   77,2000,  11,0.2599E+00,0.1556E+03,0.9368E+02,0.1421E+03,0.5374E+02,0.1566E+02,0.1324E+02,0.3230E+02,0.2115E+03,0.4554E+02,0.2275E+03,
   85,2000,  11,0.2664E+00,0.1669E+03,0.1840E+03,0.2879E+03,0.7027E+02,0.1253E+02,0.1358E+02,0.2893E+02,0.3707E+03,0.4251E+02,0.2919E+03,
   52,2000,  11,0.0000E+00,0.0000E+00,0.0000E+00,0.0000E+00,0.0000E+00,0.0000E+00,0.0000E+00,0.0000E+00,0.0000E+00,0.0000E+00,0.0000E+00,
   56,2000,  11,0.3213E-02,0.1661E+01,0.8240E+01,0.1736E+00,0.1562E+00,0.4585E+01,0.5322E+00,0.1303E+01,0.4915E+01,0.1835E+01,0.4218E+01,
   87,2000,  11,0.0000E+00,0.0000E+00,0.0000E+00,0.0000E+00,0.0000E+00,0.0000E+00,0.0000E+00,0.0000E+00,0.0000E+00,0.0000E+00,0.0000E+00,
   44,2000,  11,0.1578E-02,0.8175E+00,0.4088E+01,0.8584E-01,0.7059E-01,0.2282E+01,0.2647E+00,0.6481E+00,0.2439E+01,0.9129E+00,0.2044E+01,
   41,2000,  11,0.0000E+00,0.0000E+00,0.0000E+00,0.0000E+00,0.0000E+00,0.0000E+00,0.0000E+00,0.0000E+00,0.0000E+00,0.0000E+00,0.0000E+00,
   49,2000,  11,0.1096E-02,0.7910E+00,0.5904E+00,0.1173E+01,0.1289E+00,0.4707E+00,0.3815E-01,0.2003E+00,0.1773E+01,0.2384E+00,0.7834E+00,
   91,2000,  11,0.4061E-01,0.2138E+02,0.2715E+01,0.1240E+02,0.3291E+02,0.4286E+01,0.4463E+00,0.4312E+01,0.4960E+02,0.4759E+01,0.4052E+02,
   51,2000,  11,0.2586E-02,0.1965E+01,0.4466E+00,0.3017E+01,0.3416E+00,0.6610E+00,0.1072E+00,0.5627E+00,0.4019E+01,0.6699E+00,0.2233E+00,
   68,2000,  11,0.0000E+00,0.0000E+00,0.0000E+00,0.0000E+00,0.0000E+00,0.0000E+00,0.0000E+00,0.0000E+00,0.0000E+00,0.0000E+00,0.0000E+00,
   54,2000,  11,0.1350E+00,0.8160E+02,0.6994E+02,0.1049E+02,0.1037E+03,0.9907E+01,0.6178E+01,0.1352E+02,0.1241E+03,0.1970E+02,0.4663E+02,
   33,2000,  11,0.0000E+00,0.0000E+00,0.0000E+00,0.0000E+00,0.0000E+00,0.0000E+00,0.0000E+00,0.0000E+00,0.0000E+00,0.0000E+00,0.0000E+00,
   80,2000,  11,0.0000E+00,0.0000E+00,0.0000E+00,0.0000E+00,0.0000E+00,0.0000E+00,0.0000E+00,0.0000E+00,0.0000E+00,0.0000E+00,0.0000E+00,
   50,2000,  11,0.0000E+00,0.0000E+00,0.0000E+00,0.0000E+00,0.0000E+00,0.0000E+00,0.0000E+00,0.0000E+00,0.0000E+00,0.0000E+00,0.0000E+00,
   58,2000,  11,0.4826E-01,0.2602E+02,0.1770E+02,0.3972E+01,0.2805E+02,0.5644E+01,0.3579E+00,0.7885E+00,0.3767E+02,0.1146E+01,0.2033E+02,
   17,2000,  11,0.4546E-01,0.3158E+02,0.3323E+02,0.4458E+01,0.3745E+02,0.9174E+01,0.5542E+01,0.8427E+01,0.5108E+02,0.1397E+02,0.4507E+02,
   95,2000,  11,0.8342E-02,0.6299E+01,0.8933E+01,0.5039E+01,0.4141E+01,0.3773E+01,0.1441E+00,0.7557E+00,0.1295E+02,0.8998E+00,0.2159E+02,
   90,2000,  11,0.0000E+00,0.0000E+00,0.0000E+00,0.0000E+00,0.0000E+00,0.0000E+00,0.0000E+00,0.0000E+00,0.0000E+00,0.0000E+00,0.0000E+00,
   15,2000,  11,0.0000E+00,0.0000E+00,0.0000E+00,0.0000E+00,0.0000E+00,0.0000E+00,0.0000E+00,0.0000E+00,0.0000E+00,0.0000E+00,0.0000E+00,
   14,2000,  11,0.5147E-01,0.2221E+02,0.1537E+02,0.2510E+01,0.2365E+03,0.1851E+01,0.1792E+02,0.4382E+02,0.2409E+03,0.6174E+02,0.3535E+02,
   31,2000,  11,0.6242E+00,0.2948E+03,0.2091E+03,0.1134E+03,0.2295E+03,0.9836E+02,0.1123E+02,0.5724E+02,0.4413E+03,0.6847E+02,0.3759E+03,
   12,2000,  11,0.1558E-01,0.6428E+01,0.1210E+02,0.7496E+01,0.1947E+02,0.2704E+01,0.1289E+01,0.3157E+01,0.2967E+02,0.4446E+01,0.3929E+02,
   23,2000,  11,0.1417E-01,0.5542E+01,0.5367E+01,0.1087E+01,0.1649E+01,0.3563E+00,0.1210E+00,0.2893E+00,0.3092E+01,0.4102E+00,0.6537E+02,
   25,2000,  11,0.8124E+01,0.6092E+04,0.4085E+04,0.2722E+04,0.4930E+04,0.1411E+04,0.1963E+03,0.4023E+03,0.9064E+04,0.5986E+03,0.1008E+05,
   18,2000,  11,0.1963E-01,0.9340E+01,0.4427E+01,0.3874E+01,0.1621E+02,0.1835E+01,0.1014E+01,0.2431E+01,0.2191E+02,0.3444E+01,0.2304E+02,
    4,2000,  11,0.4350E-01,0.1698E+02,0.3241E+01,0.5317E+00,0.6199E+01,0.5878E+00,0.3128E+00,0.7945E+00,0.7318E+01,0.1107E+01,0.1297E+03,
   74,2000,  11,0.8585E+00,0.3696E+03,0.1573E+04,0.1926E+03,0.6806E+02,0.1655E+03,0.3039E+02,0.6230E+02,0.4261E+03,0.9269E+02,0.2167E+04,
   73,2000,  11,0.1227E-03,0.4769E-01,0.3179E+00,0.4993E+00,0.6062E+01,0.5706E+00,0.2257E+00,0.5267E+00,0.7132E+01,0.7524E+00,0.9481E+00,
   69,2000,  11,0.2250E-01,0.9312E+01,0.1880E+02,0.5392E+01,0.2421E+02,0.2991E+01,0.1585E+01,0.3774E+01,0.3259E+02,0.5358E+01,0.1302E+02,
   20,2000,  11,0.5267E+00,0.2324E+03,0.7164E+03,0.1161E+03,0.9365E+03,0.9594E+02,0.2091E+02,0.4572E+02,0.1149E+04,0.6663E+02,0.6037E+03,
   36,2000,  11,0.0000E+00,0.0000E+00,0.0000E+00,0.0000E+00,0.0000E+00,0.0000E+00,0.0000E+00,0.0000E+00,0.0000E+00,0.0000E+00,0.0000E+00,
   16,2000,  11,0.3948E-03,0.1574E+00,0.1023E+01,0.1607E+01,0.1807E+02,0.1725E+01,0.6775E+00,0.1582E+01,0.2140E+02,0.2259E+01,0.2573E+01,
   26,2000,  11,0.3313E-01,0.1639E+02,0.2145E+02,0.1231E+02,0.3974E+02,0.5730E+01,0.8390E+00,0.2037E+01,0.5778E+02,0.2876E+01,0.5076E+02,
   30,2000,  11,0.5171E-02,0.2202E+01,0.8398E+01,0.2987E+01,0.7558E+01,0.1264E+01,0.4288E+00,0.1050E+01,0.1181E+02,0.1478E+01,0.9705E+01,
   66,2000,  11,0.0000E+00,0.0000E+00,0.0000E+00,0.0000E+00,0.0000E+00,0.0000E+00,0.0000E+00,0.0000E+00,0.0000E+00,0.0000E+00,0.0000E+00,
   24,2000,  11,0.1911E-02,0.8251E+00,0.4951E+01,0.2469E+01,0.9258E-01,0.5246E+00,0.1197E+00,0.2929E+00,0.3086E+01,0.4126E+00,0.4126E+01,
   10,2000,  11,0.2911E+01,0.1239E+04,0.5154E+03,0.5784E+02,0.6930E+03,0.6537E+02,0.2714E+02,0.5533E+02,0.8162E+03,0.8246E+02,0.7218E+04,
   19,2000,  11,0.3157E+01,0.1365E+04,0.1469E+04,0.4873E+03,0.2327E+04,0.3964E+03,0.1053E+03,0.2234E+03,0.3211E+04,0.3287E+03,0.1758E+04,
   11,2000,  11,0.8150E+00,0.3519E+03,0.6441E+03,0.1319E+03,0.1495E+04,0.1425E+03,0.2419E+02,0.4990E+02,0.1770E+04,0.7409E+02,0.7090E+03,
    0,2000,  11,0.5957E-02,0.2315E+01,0.6498E+01,0.2479E+00,0.3010E+01,0.2832E+00,0.1417E+00,0.3305E+00,0.3541E+01,0.4722E+00,0.1301E-02,
   62,2000,  11,0.0000E+00,0.0000E+00,0.0000E+00,0.0000E+00,0.0000E+00,0.0000E+00,0.0000E+00,0.0000E+00,0.0000E+00,0.0000E+00,0.0000E+00,
   92,2000,  12,0.3792E-01,0.2308E+02,0.5053E+02,0.1858E+02,0.1682E+02,0.8652E+01,0.3108E+01,0.9408E+01,0.4405E+02,0.1252E+02,0.3172E+02,
   61,2000,  12,0.8312E+00,0.4880E+03,0.4590E+03,0.4100E+03,0.4407E+03,0.1372E+03,0.1966E+02,0.3178E+02,0.9879E+03,0.5144E+02,0.7945E+03,
   86,2000,  12,0.1553E+00,0.6778E+03,0.2145E+03,0.5325E+02,0.1828E+03,0.3969E+02,0.1852E+02,0.2731E+02,0.2757E+03,0.4583E+02,0.1355E+04,
   34,2000,  12,0.1970E+02,0.1106E+05,0.5841E+04,0.7641E+04,0.7802E+04,0.2712E+04,0.1439E+03,0.1626E+03,0.1815E+05,0.3065E+03,0.7681E+04,
   64,2000,  12,0.1083E+02,0.6407E+04,0.5231E+04,0.4841E+04,0.4705E+04,0.1679E+04,0.1874E+03,0.2308E+03,0.1123E+05,0.4182E+03,0.7397E+04,
   63,2000,  12,0.1043E-01,0.5405E+01,0.2702E+02,0.8071E+01,0.3027E+00,0.1715E+01,0.1567E+01,0.3837E+01,0.1009E+02,0.5405E+01,0.1351E+02,
   59,2000,  12,0.2072E+00,0.1502E+03,0.3181E+03,0.3892E+02,0.7471E+02,0.2201E+02,0.3066E+01,0.4357E+01,0.1356E+03,0.7423E+01,0.6368E+02,
   55,2000,  12,0.6226E-01,0.3210E+02,0.1105E+02,0.1538E+01,0.1364E+02,0.6436E+01,0.5728E+00,0.2666E+01,0.2162E+02,0.3239E+01,0.6830E+01,
   65,2000,  12,0.1120E+00,0.7687E+02,0.1255E+03,0.1062E+03,0.7455E+02,0.2599E+02,0.6337E+01,0.9860E+01,0.2067E+03,0.1620E+02,0.1410E+03,
   32,2000,  12,0.8064E+00,0.5756E+03,0.3295E+02,0.1440E+03,0.9891E+03,0.5402E+02,0.2497E+01,0.4574E+02,0.1187E+04,0.4823E+02,0.1007E+03,
   53,2000,  12,0.2260E-01,0.1078E+02,0.3903E+01,0.2188E+01,0.7759E+01,0.1988E+01,0.3956E+00,0.6274E+00,0.1194E+02,0.1023E+01,0.9700E+01,
   47,2000,  12,0.0000E+00,0.0000E+00,0.0000E+00,0.0000E+00,0.0000E+00,0.0000E+00,0.0000E+00,0.0000E+00,0.0000E+00,0.0000E+00,0.0000E+00,
   81,2000,  12,0.0000E+00,0.0000E+00,0.0000E+00,0.0000E+00,0.0000E+00,0.0000E+00,0.0000E+00,0.0000E+00,0.0000E+00,0.0000E+00,0.0000E+00,
   82,2000,  12,0.4383E-01,0.3028E+02,0.0000E+00,0.0000E+00,0.0000E+00,0.1892E+01,0.0000E+00,0.1892E+02,0.1892E+01,0.1892E+02,0.3028E+02,
   79,2000,  12,0.3454E-02,0.1789E+01,0.8947E+01,0.2672E+01,0.1002E+00,0.5677E+00,0.5190E+00,0.1270E+01,0.3340E+01,0.1789E+01,0.4474E+01,
   77,2000,  12,0.2189E+00,0.1551E+03,0.2885E+03,0.6034E+02,0.4564E+02,0.5435E+02,0.1710E+02,0.2915E+02,0.1603E+03,0.4625E+02,0.2068E+03,
   85,2000,  12,0.2136E+00,0.1327E+03,0.4403E+03,0.1715E+03,0.7837E+02,0.1038E+03,0.3784E+01,0.3096E+02,0.3536E+03,0.3474E+02,0.2807E+03,
   52,2000,  12,0.0000E+00,0.0000E+00,0.0000E+00,0.0000E+00,0.0000E+00,0.0000E+00,0.0000E+00,0.0000E+00,0.0000E+00,0.0000E+00,0.0000E+00,
   56,2000,  12,0.4791E-02,0.2478E+01,0.1233E+02,0.2594E+00,0.2268E+00,0.6868E+01,0.7970E+00,0.1951E+01,0.7354E+01,0.2748E+01,0.6262E+01,
   87,2000,  12,0.0000E+00,0.0000E+00,0.0000E+00,0.0000E+00,0.0000E+00,0.0000E+00,0.0000E+00,0.0000E+00,0.0000E+00,0.0000E+00,0.0000E+00,
   44,2000,  12,0.1622E-02,0.8364E+00,0.4119E+01,0.8703E-01,0.8507E-01,0.2284E+01,0.2653E+00,0.6495E+00,0.2456E+01,0.9148E+00,0.2157E+01,
   41,2000,  12,0.0000E+00,0.0000E+00,0.0000E+00,0.0000E+00,0.0000E+00,0.0000E+00,0.0000E+00,0.0000E+00,0.0000E+00,0.0000E+00,0.0000E+00,
   49,2000,  12,0.9205E-03,0.6669E+00,0.2687E+00,0.9687E+00,0.1057E+00,0.4258E+00,0.3088E-01,0.1621E+00,0.1500E+01,0.1930E+00,0.6888E+00,
   91,2000,  12,0.4109E-01,0.2137E+02,0.2639E+01,0.1626E+02,0.3100E+02,0.4359E+01,0.4263E+00,0.4455E+01,0.5162E+02,0.4881E+01,0.4181E+02,
   51,2000,  12,0.2455E-02,0.2310E+01,0.6358E+00,0.2863E+01,0.3243E+00,0.6274E+00,0.1017E+00,0.5341E+00,0.3815E+01,0.6358E+00,0.4239E+00,
   68,2000,  12,0.0000E+00,0.0000E+00,0.0000E+00,0.0000E+00,0.0000E+00,0.0000E+00,0.0000E+00,0.0000E+00,0.0000E+00,0.0000E+00,0.0000E+00,
   54,2000,  12,0.1337E+00,0.8542E+02,0.9235E+02,0.6233E+02,0.5541E+02,0.2424E+02,0.4618E+01,0.9235E+01,0.1420E+03,0.1385E+02,0.5772E+02,
   33,2000,  12,0.0000E+00,0.0000E+00,0.0000E+00,0.0000E+00,0.0000E+00,0.0000E+00,0.0000E+00,0.0000E+00,0.0000E+00,0.0000E+00,0.0000E+00,
   80,2000,  12,0.0000E+00,0.0000E+00,0.0000E+00,0.0000E+00,0.0000E+00,0.0000E+00,0.0000E+00,0.0000E+00,0.0000E+00,0.0000E+00,0.0000E+00,
   50,2000,  12,0.0000E+00,0.0000E+00,0.0000E+00,0.0000E+00,0.0000E+00,0.0000E+00,0.0000E+00,0.0000E+00,0.0000E+00,0.0000E+00,0.0000E+00,
   58,2000,  12,0.1305E+00,0.7976E+02,0.1201E+03,0.1436E+03,0.2415E+02,0.3902E+02,0.3849E+01,0.1887E+02,0.2067E+03,0.2272E+02,0.1202E+03,
   17,2000,  12,0.4478E-01,0.2788E+02,0.4172E+02,0.2064E+02,0.4339E+02,0.9272E+01,0.7244E+01,0.5708E+01,0.7330E+02,0.1295E+02,0.4505E+02,
   95,2000,  12,0.6808E-02,0.5849E+01,0.1112E+02,0.3446E+01,0.3811E+01,0.3311E+01,0.1674E+00,0.8706E+00,0.1057E+02,0.1038E+01,0.1934E+02,
   90,2000,  12,0.0000E+00,0.0000E+00,0.0000E+00,0.0000E+00,0.0000E+00,0.0000E+00,0.0000E+00,0.0000E+00,0.0000E+00,0.0000E+00,0.0000E+00,
   15,2000,  12,0.0000E+00,0.0000E+00,0.0000E+00,0.0000E+00,0.0000E+00,0.0000E+00,0.0000E+00,0.0000E+00,0.0000E+00,0.0000E+00,0.0000E+00,
   14,2000,  12,0.5585E-01,0.2410E+02,0.1713E+02,0.2594E+01,0.2809E+03,0.1945E+01,0.1950E+02,0.4769E+02,0.2854E+03,0.6719E+02,0.3752E+02,
   31,2000,  12,0.6411E+00,0.3021E+03,0.2404E+03,0.1249E+03,0.2932E+03,0.5655E+02,0.1504E+02,0.6497E+02,0.4747E+03,0.8001E+02,0.3644E+03,
   12,2000,  12,0.1470E-01,0.6049E+01,0.1194E+02,0.7257E+01,0.1834E+02,0.2659E+01,0.1234E+01,0.3022E+01,0.2825E+02,0.4256E+01,0.3978E+02,
   23,2000,  12,0.1417E-01,0.5542E+01,0.5367E+01,0.1087E+01,0.1649E+01,0.3563E+00,0.1210E+00,0.2893E+00,0.3092E+01,0.4102E+00,0.6537E+02,
   25,2000,  12,0.8202E+01,0.5829E+04,0.1656E+04,0.2612E+04,0.5319E+04,0.1083E+04,0.2181E+03,0.4465E+03,0.9014E+04,0.6646E+03,0.9766E+04,
   18,2000,  12,0.1721E-01,0.8294E+01,0.4169E+01,0.3792E+01,0.1466E+02,0.1817E+01,0.8491E+00,0.2027E+01,0.2027E+02,0.2877E+01,0.2089E+02,
    4,2000,  12,0.4350E-01,0.1698E+02,0.3695E+01,0.5105E+00,0.5941E+01,0.5636E+00,0.3128E+00,0.7945E+00,0.7016E+01,0.1107E+01,0.1302E+03,
   74,2000,  12,0.8833E+00,0.3803E+03,0.1629E+04,0.1553E+03,0.5936E+02,0.1329E+03,0.2586E+02,0.5310E+02,0.3475E+03,0.7896E+02,0.2233E+04,
   73,2000,  12,0.1227E-03,0.4769E-01,0.3179E+00,0.4993E+00,0.6062E+01,0.5706E+00,0.2257E+00,0.5267E+00,0.7132E+01,0.7524E+00,0.9481E+00,
   69,2000,  12,0.2250E-01,0.9312E+01,0.1880E+02,0.5392E+01,0.2421E+02,0.2991E+01,0.1585E+01,0.3774E+01,0.3259E+02,0.5358E+01,0.1302E+02,
   20,2000,  12,0.5688E+00,0.2506E+03,0.8134E+03,0.1262E+03,0.1059E+04,0.1075E+03,0.2211E+02,0.4816E+02,0.1293E+04,0.7026E+02,0.6898E+03,
   36,2000,  12,0.0000E+00,0.0000E+00,0.0000E+00,0.0000E+00,0.0000E+00,0.0000E+00,0.0000E+00,0.0000E+00,0.0000E+00,0.0000E+00,0.0000E+00,
   16,2000,  12,0.3948E-03,0.1574E+00,0.1023E+01,0.1607E+01,0.1807E+02,0.1725E+01,0.6775E+00,0.1582E+01,0.2140E+02,0.2259E+01,0.2573E+01,
   26,2000,  12,0.3313E-01,0.1639E+02,0.2145E+02,0.1231E+02,0.3974E+02,0.5730E+01,0.8390E+00,0.2037E+01,0.5778E+02,0.2876E+01,0.5076E+02,
   30,2000,  12,0.4294E-02,0.1823E+01,0.7338E+01,0.2888E+01,0.6355E+01,0.1151E+01,0.3739E+00,0.9153E+00,0.1039E+02,0.1289E+01,0.7207E+01,
   66,2000,  12,0.0000E+00,0.0000E+00,0.0000E+00,0.0000E+00,0.0000E+00,0.0000E+00,0.0000E+00,0.0000E+00,0.0000E+00,0.0000E+00,0.0000E+00,
   24,2000,  12,0.1911E-02,0.8251E+00,0.4951E+01,0.2469E+01,0.9258E-01,0.5246E+00,0.1197E+00,0.2929E+00,0.3086E+01,0.4126E+00,0.4126E+01,
   10,2000,  12,0.3045E+01,0.1297E+04,0.7499E+03,0.7415E+02,0.8909E+03,0.8400E+02,0.4275E+02,0.8702E+02,0.1049E+04,0.1298E+03,0.4138E+04,
   19,2000,  12,0.3090E+01,0.1336E+04,0.1151E+04,0.5682E+03,0.2803E+04,0.4897E+03,0.1241E+03,0.2615E+03,0.3861E+04,0.3856E+03,0.1650E+04,
   11,2000,  12,0.7650E+00,0.3303E+03,0.9211E+03,0.1285E+03,0.1453E+04,0.1386E+03,0.4362E+02,0.8933E+02,0.1721E+04,0.1329E+03,0.7922E+03,
    0,2000,  12,0.5957E-02,0.2315E+01,0.6498E+01,0.2479E+00,0.3010E+01,0.2832E+00,0.1417E+00,0.3305E+00,0.3541E+01,0.4722E+00,0.1301E-02,
   62,2000,  12,0.0000E+00,0.0000E+00,0.0000E+00,0.0000E+00,0.0000E+00,0.0000E+00,0.0000E+00,0.0000E+00,0.0000E+00,0.0000E+00,0.0000E+00,
