   92,1996,   1,0.3099E-01,0.2739E+02,0.1102E+03,0.3205E+02,0.6762E+01,0.8727E+01,0.1812E+01,0.7677E+01,0.4754E+02,0.9489E+01,0.1769E+03,
   61,1996,   1,0.9888E+00,0.8375E+03,0.3822E+03,0.1198E+04,0.3681E+03,0.3791E+03,0.1107E+02,0.8891E+02,0.1945E+04,0.9998E+02,0.1022E+04,
   86,1996,   1,0.2302E+00,0.7706E+03,0.3888E+03,0.2189E+03,0.2191E+03,0.1069E+03,0.9491E+01,0.5349E+02,0.5450E+03,0.6298E+02,0.1732E+04,
   34,1996,   1,0.2509E+02,0.1794E+05,0.8315E+04,0.9535E+04,0.1493E+05,0.3481E+04,0.1984E+03,0.2931E+03,0.2794E+05,0.4915E+03,0.2489E+05,
   64,1996,   1,0.1399E+02,0.1018E+05,0.1739E+05,0.7365E+04,0.5852E+04,0.2372E+04,0.3931E+03,0.2638E+03,0.1559E+05,0.6569E+03,0.2185E+05,
   63,1996,   1,0.0000E+00,0.0000E+00,0.0000E+00,0.0000E+00,0.0000E+00,0.0000E+00,0.0000E+00,0.0000E+00,0.0000E+00,0.0000E+00,0.0000E+00,
   59,1996,   1,0.2047E+00,0.1626E+03,0.1459E+03,0.5108E+02,0.5037E+02,0.6361E+01,0.7424E+01,0.1184E+02,0.1078E+03,0.1927E+02,0.1078E+03,
   55,1996,   1,0.6276E-01,0.5101E+02,0.2094E+02,0.9178E+01,0.3801E+02,0.1709E+02,0.7713E+00,0.3596E+01,0.6428E+02,0.4368E+01,0.1111E+02,
   65,1996,   1,0.1436E+00,0.1415E+03,0.1165E+03,0.7941E+02,0.9406E+02,0.3594E+02,0.7591E+01,0.1040E+02,0.2094E+03,0.1799E+02,0.1374E+03,
   32,1996,   1,0.9395E+00,0.7887E+03,0.1814E+03,0.5146E+02,0.1021E+04,0.7681E+02,0.1053E+02,0.4579E+02,0.1149E+04,0.5632E+02,0.3433E+03,
   53,1996,   1,0.2381E-01,0.1505E+02,0.8374E+01,0.3306E+01,0.1134E+02,0.5569E+01,0.1226E+01,0.7681E+00,0.2021E+02,0.1994E+01,0.1076E+02,
   47,1996,   1,0.0000E+00,0.0000E+00,0.0000E+00,0.0000E+00,0.0000E+00,0.0000E+00,0.0000E+00,0.0000E+00,0.0000E+00,0.0000E+00,0.0000E+00,
   81,1996,   1,0.0000E+00,0.0000E+00,0.0000E+00,0.0000E+00,0.0000E+00,0.0000E+00,0.0000E+00,0.0000E+00,0.0000E+00,0.0000E+00,0.0000E+00,
   82,1996,   1,0.4383E-01,0.3028E+02,0.0000E+00,0.0000E+00,0.0000E+00,0.1892E+01,0.0000E+00,0.1892E+02,0.1892E+01,0.1892E+02,0.3028E+02,
   79,1996,   1,0.3454E-02,0.1789E+01,0.8947E+01,0.2672E+01,0.1002E+00,0.5677E+00,0.5190E+00,0.1270E+01,0.3340E+01,0.1789E+01,0.4474E+01,
   77,1996,   1,0.3919E+00,0.3113E+03,0.5033E+03,0.9104E+02,0.7693E+02,0.8421E+02,0.1076E+02,0.3737E+02,0.2522E+03,0.4813E+02,0.1329E+04,
   85,1996,   1,0.2493E+00,0.1754E+03,0.7082E+03,0.2380E+03,0.4725E+02,0.7158E+02,0.9595E+01,0.2190E+02,0.3568E+03,0.3150E+02,0.8145E+03,
   52,1996,   1,0.0000E+00,0.0000E+00,0.0000E+00,0.0000E+00,0.0000E+00,0.0000E+00,0.0000E+00,0.0000E+00,0.0000E+00,0.0000E+00,0.0000E+00,
   56,1996,   1,0.5224E-02,0.2030E+01,0.1940E+02,0.6315E+00,0.4962E+00,0.2481E+01,0.3609E+00,0.9022E-01,0.3609E+01,0.4511E+00,0.5864E+02,
   87,1996,   1,0.0000E+00,0.0000E+00,0.0000E+00,0.0000E+00,0.0000E+00,0.0000E+00,0.0000E+00,0.0000E+00,0.0000E+00,0.0000E+00,0.0000E+00,
   44,1996,   1,0.0000E+00,0.0000E+00,0.0000E+00,0.0000E+00,0.0000E+00,0.0000E+00,0.0000E+00,0.0000E+00,0.0000E+00,0.0000E+00,0.0000E+00,
   41,1996,   1,0.0000E+00,0.0000E+00,0.0000E+00,0.0000E+00,0.0000E+00,0.0000E+00,0.0000E+00,0.0000E+00,0.0000E+00,0.0000E+00,0.0000E+00,
   49,1996,   1,0.1534E-02,0.1263E+01,0.3517E+01,0.1790E+01,0.2027E+00,0.3920E+00,0.6359E-01,0.3338E+00,0.2384E+01,0.3974E+00,0.3876E+01,
   91,1996,   1,0.4592E-01,0.2720E+02,0.2081E+02,0.2262E+02,0.3211E+02,0.5699E+01,0.7898E+01,0.3282E+01,0.6043E+02,0.1118E+02,0.4736E+02,
   51,1996,   1,0.3726E-02,0.3442E+01,0.5147E+01,0.4346E+01,0.4922E+00,0.9522E+00,0.1544E+00,0.8107E+00,0.5791E+01,0.9651E+00,0.7721E+01,
   68,1996,   1,0.0000E+00,0.0000E+00,0.0000E+00,0.0000E+00,0.0000E+00,0.0000E+00,0.0000E+00,0.0000E+00,0.0000E+00,0.0000E+00,0.0000E+00,
   54,1996,   1,0.1569E+00,0.1125E+03,0.3929E+03,0.1734E+03,0.4146E+02,0.3251E+02,0.6369E+01,0.3008E+02,0.2474E+03,0.3645E+02,0.2845E+03,
   33,1996,   1,0.0000E+00,0.0000E+00,0.0000E+00,0.0000E+00,0.0000E+00,0.0000E+00,0.0000E+00,0.0000E+00,0.0000E+00,0.0000E+00,0.0000E+00,
   80,1996,   1,0.0000E+00,0.0000E+00,0.0000E+00,0.0000E+00,0.0000E+00,0.0000E+00,0.0000E+00,0.0000E+00,0.0000E+00,0.0000E+00,0.0000E+00,
   50,1996,   1,0.0000E+00,0.0000E+00,0.0000E+00,0.0000E+00,0.0000E+00,0.0000E+00,0.0000E+00,0.0000E+00,0.0000E+00,0.0000E+00,0.0000E+00,
   58,1996,   1,0.5449E-01,0.3502E+02,0.3170E+02,0.7667E+01,0.3615E+02,0.1832E+02,0.4994E+00,0.7457E+00,0.6215E+02,0.1245E+01,0.2249E+02,
   17,1996,   1,0.1623E+00,0.1067E+03,0.3577E+03,0.7400E+02,0.5164E+02,0.7344E+02,0.1864E+02,0.2296E+02,0.1991E+03,0.4161E+02,0.1030E+04,
   95,1996,   1,0.8298E-02,0.5852E+01,0.1515E+02,0.9665E+01,0.1102E+01,0.2118E+01,0.2228E+00,0.1176E+01,0.1288E+02,0.1399E+01,0.1919E+02,
   90,1996,   1,0.0000E+00,0.0000E+00,0.0000E+00,0.0000E+00,0.0000E+00,0.0000E+00,0.0000E+00,0.0000E+00,0.0000E+00,0.0000E+00,0.0000E+00,
   15,1996,   1,0.0000E+00,0.0000E+00,0.0000E+00,0.0000E+00,0.0000E+00,0.0000E+00,0.0000E+00,0.0000E+00,0.0000E+00,0.0000E+00,0.0000E+00,
   14,1996,   1,0.4280E-01,0.1847E+02,0.2779E+02,0.1547E+02,0.1187E+03,0.1237E+02,0.1779E+02,0.4353E+02,0.1466E+03,0.6132E+02,0.4108E+02,
   31,1996,   1,0.7340E+00,0.3228E+03,0.1162E+04,0.5658E+03,0.4087E+02,0.1221E+03,0.2258E+02,0.4804E+02,0.7288E+03,0.7062E+02,0.1545E+04,
   12,1996,   1,0.1866E-01,0.7759E+01,0.2953E+02,0.1685E+02,0.1308E+02,0.4728E+01,0.1486E+01,0.3638E+01,0.3466E+02,0.5124E+01,0.6055E+02,
   23,1996,   1,0.1414E-01,0.5530E+01,0.5297E+01,0.1052E+01,0.1648E+01,0.3489E+00,0.1193E+00,0.2851E+00,0.3048E+01,0.4044E+00,0.6531E+02,
   25,1996,   1,0.1021E+02,0.6428E+04,0.1622E+05,0.1144E+05,0.1745E+04,0.2565E+04,0.2770E+03,0.5638E+03,0.1575E+05,0.8408E+03,0.2444E+05,
   18,1996,   1,0.2561E-01,0.1192E+02,0.1817E+02,0.7682E+01,0.1234E+02,0.2559E+01,0.1051E+01,0.2343E+01,0.2258E+02,0.3393E+01,0.4864E+02,
    4,1996,   1,0.4416E-01,0.1726E+02,0.6493E+01,0.1932E+01,0.4070E+01,0.7178E+00,0.3638E+00,0.9610E+00,0.6721E+01,0.1325E+01,0.1334E+03,
   74,1996,   1,0.9199E+00,0.3961E+03,0.1700E+04,0.4862E+02,0.7708E+01,0.1051E+04,0.3656E+02,0.7506E+02,0.1107E+04,0.1116E+03,0.2338E+04,
   73,1996,   1,0.1227E-03,0.4769E-01,0.3179E+00,0.4993E+00,0.6062E+01,0.5706E+00,0.2257E+00,0.5267E+00,0.7132E+01,0.7524E+00,0.9481E+00,
   69,1996,   1,0.1812E-01,0.7040E+01,0.7445E+01,0.2000E+01,0.2408E+02,0.2270E+01,0.9262E+00,0.2161E+01,0.2835E+02,0.3087E+01,0.7345E+01,
   20,1996,   1,0.9665E+00,0.4214E+03,0.1521E+04,0.1930E+04,0.8316E+02,0.4106E+03,0.3826E+02,0.8435E+02,0.2424E+04,0.1226E+03,0.1974E+04,
   36,1996,   1,0.0000E+00,0.0000E+00,0.0000E+00,0.0000E+00,0.0000E+00,0.0000E+00,0.0000E+00,0.0000E+00,0.0000E+00,0.0000E+00,0.0000E+00,
   16,1996,   1,0.3914E-03,0.1559E+00,0.1014E+01,0.1602E+01,0.1806E+02,0.1724E+01,0.6773E+00,0.1581E+01,0.2139E+02,0.2258E+01,0.2566E+01,
   26,1996,   1,0.3293E-01,0.1631E+02,0.2094E+02,0.1205E+02,0.3973E+02,0.5676E+01,0.8268E+00,0.2006E+01,0.5746E+02,0.2833E+01,0.5034E+02,
   30,1996,   1,0.3717E-02,0.1574E+01,0.8532E+01,0.4210E+01,0.4005E+01,0.1247E+01,0.3378E+00,0.8269E+00,0.9462E+01,0.1165E+01,0.8385E+01,
   66,1996,   1,0.0000E+00,0.0000E+00,0.0000E+00,0.0000E+00,0.0000E+00,0.0000E+00,0.0000E+00,0.0000E+00,0.0000E+00,0.0000E+00,0.0000E+00,
   24,1996,   1,0.1835E-02,0.7921E+00,0.4753E+01,0.2370E+01,0.8887E-01,0.5035E+00,0.1149E+00,0.2812E+00,0.2962E+01,0.3961E+00,0.3960E+01,
   10,1996,   1,0.3040E+01,0.1295E+04,0.1224E+04,0.6112E+03,0.1908E+03,0.1428E+03,0.2063E+02,0.4212E+02,0.9448E+03,0.6275E+02,0.7808E+04,
   19,1996,   1,0.3542E+01,0.1528E+04,0.5262E+04,0.4530E+04,0.4483E+03,0.9906E+03,0.1020E+03,0.2161E+03,0.5969E+04,0.3181E+03,0.6841E+04,
   11,1996,   1,0.8001E+00,0.3445E+03,0.1351E+04,0.1236E+04,0.4978E+02,0.2630E+03,0.4455E+02,0.9051E+02,0.1549E+04,0.1351E+03,0.1699E+04,
    0,1996,   1,0.5957E-02,0.2315E+01,0.6498E+01,0.2479E+00,0.3010E+01,0.2832E+00,0.1417E+00,0.3305E+00,0.3541E+01,0.4722E+00,0.1301E-02,
   62,1996,   1,0.0000E+00,0.0000E+00,0.0000E+00,0.0000E+00,0.0000E+00,0.0000E+00,0.0000E+00,0.0000E+00,0.0000E+00,0.0000E+00,0.0000E+00,
   92,1996,   2,0.3774E-01,0.3229E+02,0.8535E+02,0.4012E+02,0.7556E+01,0.1086E+02,0.2103E+01,0.9214E+01,0.5854E+02,0.1132E+02,0.6691E+02,
   61,1996,   2,0.9130E+00,0.7695E+03,0.9899E+03,0.1149E+04,0.2386E+03,0.2092E+03,0.2003E+02,0.6473E+02,0.1597E+04,0.8476E+02,0.1042E+04,
   86,1996,   2,0.1772E+00,0.7188E+03,0.3076E+03,0.2382E+03,0.1761E+03,0.6218E+02,0.1349E+02,0.4103E+02,0.4765E+03,0.5452E+02,0.1062E+04,
   34,1996,   2,0.2316E+02,0.1579E+05,0.4483E+04,0.1258E+05,0.8544E+04,0.4011E+04,0.3231E+03,0.1970E+03,0.2514E+05,0.5201E+03,0.2792E+05,
   64,1996,   2,0.1329E+02,0.9703E+04,0.1162E+05,0.5936E+04,0.6749E+04,0.1818E+04,0.2620E+03,0.2245E+03,0.1450E+05,0.4865E+03,0.1769E+05,
   63,1996,   2,0.0000E+00,0.0000E+00,0.0000E+00,0.0000E+00,0.0000E+00,0.0000E+00,0.0000E+00,0.0000E+00,0.0000E+00,0.0000E+00,0.0000E+00,
   59,1996,   2,0.2036E+00,0.1653E+03,0.8614E+02,0.4448E+02,0.1565E+02,0.1459E+02,0.7034E+00,0.1424E+02,0.7471E+02,0.1494E+02,0.5977E+02,
   55,1996,   2,0.5475E-01,0.4539E+02,0.1628E+02,0.2507E+01,0.4540E+02,0.6436E+01,0.1026E+01,0.1870E+01,0.5434E+02,0.2896E+01,0.1671E+02,
   65,1996,   2,0.1483E+00,0.1369E+03,0.1212E+03,0.8597E+02,0.8375E+02,0.5378E+02,0.4916E+01,0.1323E+02,0.2235E+03,0.1815E+02,0.1567E+03,
   32,1996,   2,0.8815E+00,0.7542E+03,0.1694E+03,0.1985E+02,0.1097E+04,0.5774E+02,0.1002E+02,0.3599E+02,0.1175E+04,0.4601E+02,0.1766E+03,
   53,1996,   2,0.2156E-01,0.1419E+02,0.5474E+01,0.1608E+01,0.9033E+01,0.3265E+01,0.1108E+01,0.7350E+00,0.1391E+02,0.1843E+01,0.1088E+02,
   47,1996,   2,0.0000E+00,0.0000E+00,0.0000E+00,0.0000E+00,0.0000E+00,0.0000E+00,0.0000E+00,0.0000E+00,0.0000E+00,0.0000E+00,0.0000E+00,
   81,1996,   2,0.0000E+00,0.0000E+00,0.0000E+00,0.0000E+00,0.0000E+00,0.0000E+00,0.0000E+00,0.0000E+00,0.0000E+00,0.0000E+00,0.0000E+00,
   82,1996,   2,0.4383E-01,0.3028E+02,0.0000E+00,0.0000E+00,0.0000E+00,0.1892E+01,0.0000E+00,0.1892E+02,0.1892E+01,0.1892E+02,0.3028E+02,
   79,1996,   2,0.3454E-02,0.1789E+01,0.8947E+01,0.2672E+01,0.1002E+00,0.5677E+00,0.5190E+00,0.1270E+01,0.3340E+01,0.1789E+01,0.4474E+01,
   77,1996,   2,0.3479E+00,0.3149E+03,0.1987E+03,0.1779E+03,0.7123E+02,0.5109E+02,0.1919E+02,0.5670E+02,0.3002E+03,0.7589E+02,0.1851E+03,
   85,1996,   2,0.2292E+00,0.1758E+03,0.7446E+03,0.2568E+03,0.4609E+02,0.5757E+02,0.1045E+02,0.3155E+02,0.3605E+03,0.4200E+02,0.5747E+03,
   52,1996,   2,0.0000E+00,0.0000E+00,0.0000E+00,0.0000E+00,0.0000E+00,0.0000E+00,0.0000E+00,0.0000E+00,0.0000E+00,0.0000E+00,0.0000E+00,
   56,1996,   2,0.0000E+00,0.0000E+00,0.0000E+00,0.0000E+00,0.0000E+00,0.0000E+00,0.0000E+00,0.0000E+00,0.0000E+00,0.0000E+00,0.0000E+00,
   87,1996,   2,0.0000E+00,0.0000E+00,0.0000E+00,0.0000E+00,0.0000E+00,0.0000E+00,0.0000E+00,0.0000E+00,0.0000E+00,0.0000E+00,0.0000E+00,
   44,1996,   2,0.0000E+00,0.0000E+00,0.0000E+00,0.0000E+00,0.0000E+00,0.0000E+00,0.0000E+00,0.0000E+00,0.0000E+00,0.0000E+00,0.0000E+00,
   41,1996,   2,0.0000E+00,0.0000E+00,0.0000E+00,0.0000E+00,0.0000E+00,0.0000E+00,0.0000E+00,0.0000E+00,0.0000E+00,0.0000E+00,0.0000E+00,
   49,1996,   2,0.1446E-02,0.1152E+01,0.3570E+01,0.1687E+01,0.1911E+00,0.3696E+00,0.5996E-01,0.3147E+00,0.2248E+01,0.3747E+00,0.3138E+01,
   91,1996,   2,0.4618E-01,0.2819E+02,0.2434E+02,0.2290E+02,0.3214E+02,0.5728E+01,0.8061E+01,0.3303E+01,0.6077E+02,0.1136E+02,0.4606E+02,
   51,1996,   2,0.4339E-02,0.4721E+01,0.5246E+01,0.5062E+01,0.5733E+00,0.1109E+01,0.1799E+00,0.9442E+00,0.6744E+01,0.1124E+01,0.1087E+02,
   68,1996,   2,0.0000E+00,0.0000E+00,0.0000E+00,0.0000E+00,0.0000E+00,0.0000E+00,0.0000E+00,0.0000E+00,0.0000E+00,0.0000E+00,0.0000E+00,
   54,1996,   2,0.1648E+00,0.1181E+03,0.3700E+03,0.1793E+03,0.3714E+02,0.3699E+02,0.5124E+01,0.3629E+02,0.2534E+03,0.4141E+02,0.3131E+03,
   33,1996,   2,0.0000E+00,0.0000E+00,0.0000E+00,0.0000E+00,0.0000E+00,0.0000E+00,0.0000E+00,0.0000E+00,0.0000E+00,0.0000E+00,0.0000E+00,
   80,1996,   2,0.0000E+00,0.0000E+00,0.0000E+00,0.0000E+00,0.0000E+00,0.0000E+00,0.0000E+00,0.0000E+00,0.0000E+00,0.0000E+00,0.0000E+00,
   50,1996,   2,0.0000E+00,0.0000E+00,0.0000E+00,0.0000E+00,0.0000E+00,0.0000E+00,0.0000E+00,0.0000E+00,0.0000E+00,0.0000E+00,0.0000E+00,
   58,1996,   2,0.6672E-01,0.4282E+02,0.3062E+02,0.1274E+02,0.3930E+02,0.3222E+02,0.5200E+00,0.8708E+00,0.8426E+02,0.1391E+01,0.2609E+02,
   17,1996,   2,0.8903E-01,0.7181E+02,0.9793E+02,0.3164E+02,0.3326E+02,0.3378E+02,0.2715E+01,0.2001E+02,0.9868E+02,0.2272E+02,0.2235E+03,
   95,1996,   2,0.1216E-01,0.9269E+01,0.2059E+02,0.1416E+02,0.1611E+01,0.3104E+01,0.3684E+00,0.1923E+01,0.1888E+02,0.2292E+01,0.3381E+02,
   90,1996,   2,0.0000E+00,0.0000E+00,0.0000E+00,0.0000E+00,0.0000E+00,0.0000E+00,0.0000E+00,0.0000E+00,0.0000E+00,0.0000E+00,0.0000E+00,
   15,1996,   2,0.0000E+00,0.0000E+00,0.0000E+00,0.0000E+00,0.0000E+00,0.0000E+00,0.0000E+00,0.0000E+00,0.0000E+00,0.0000E+00,0.0000E+00,
   14,1996,   2,0.4486E-01,0.1936E+02,0.4137E+02,0.1841E+02,0.1503E+03,0.1541E+02,0.1992E+02,0.4873E+02,0.1841E+03,0.6866E+02,0.4085E+02,
   31,1996,   2,0.6892E+00,0.3034E+03,0.1085E+04,0.4305E+03,0.3580E+02,0.9340E+02,0.2140E+02,0.4577E+02,0.5597E+03,0.6716E+02,0.1448E+04,
   12,1996,   2,0.1822E-01,0.7570E+01,0.2892E+02,0.1636E+02,0.1306E+02,0.4624E+01,0.1493E+01,0.3657E+01,0.3405E+02,0.5150E+01,0.5975E+02,
   23,1996,   2,0.1414E-01,0.5530E+01,0.5297E+01,0.1052E+01,0.1648E+01,0.3489E+00,0.1193E+00,0.2851E+00,0.3048E+01,0.4044E+00,0.6531E+02,
   25,1996,   2,0.1132E+02,0.6944E+04,0.1947E+05,0.1301E+05,0.1937E+04,0.2986E+04,0.3012E+03,0.6166E+03,0.1793E+05,0.9179E+03,0.2672E+05,
   18,1996,   2,0.2604E-01,0.1211E+02,0.2686E+02,0.9507E+01,0.1241E+02,0.2946E+01,0.1336E+01,0.3220E+01,0.2486E+02,0.4556E+01,0.4959E+02,
    4,1996,   2,0.4429E-01,0.1732E+02,0.6721E+01,0.1466E+01,0.4053E+01,0.6186E+00,0.3720E+00,0.9811E+00,0.6137E+01,0.1353E+01,0.1337E+03,
   74,1996,   2,0.8989E+00,0.3871E+03,0.1665E+04,0.5883E+02,0.9528E+01,0.9809E+03,0.3602E+02,0.7419E+02,0.1049E+04,0.1102E+03,0.2280E+04,
   73,1996,   2,0.1227E-03,0.4769E-01,0.3179E+00,0.4993E+00,0.6062E+01,0.5706E+00,0.2257E+00,0.5267E+00,0.7132E+01,0.7524E+00,0.9481E+00,
   69,1996,   2,0.1812E-01,0.7040E+01,0.7445E+01,0.2000E+01,0.2408E+02,0.2270E+01,0.9262E+00,0.2161E+01,0.2835E+02,0.3087E+01,0.7345E+01,
   20,1996,   2,0.1056E+01,0.4602E+03,0.1679E+04,0.1860E+04,0.8053E+02,0.3956E+03,0.9806E+02,0.2297E+03,0.2336E+04,0.3277E+03,0.2189E+04,
   36,1996,   2,0.0000E+00,0.0000E+00,0.0000E+00,0.0000E+00,0.0000E+00,0.0000E+00,0.0000E+00,0.0000E+00,0.0000E+00,0.0000E+00,0.0000E+00,
   16,1996,   2,0.3914E-03,0.1559E+00,0.1014E+01,0.1602E+01,0.1806E+02,0.1724E+01,0.6773E+00,0.1581E+01,0.2139E+02,0.2258E+01,0.2566E+01,
   26,1996,   2,0.3293E-01,0.1631E+02,0.2094E+02,0.1205E+02,0.3973E+02,0.5676E+01,0.8268E+00,0.2006E+01,0.5746E+02,0.2833E+01,0.5034E+02,
   30,1996,   2,0.3849E-02,0.1631E+01,0.8759E+01,0.4380E+01,0.4012E+01,0.1283E+01,0.3461E+00,0.8471E+00,0.9674E+01,0.1193E+01,0.8669E+01,
   66,1996,   2,0.0000E+00,0.0000E+00,0.0000E+00,0.0000E+00,0.0000E+00,0.0000E+00,0.0000E+00,0.0000E+00,0.0000E+00,0.0000E+00,0.0000E+00,
   24,1996,   2,0.1835E-02,0.7921E+00,0.4753E+01,0.2370E+01,0.8887E-01,0.5035E+00,0.1149E+00,0.2812E+00,0.2962E+01,0.3961E+00,0.3960E+01,
   10,1996,   2,0.3097E+01,0.1320E+04,0.1147E+04,0.7770E+03,0.1229E+03,0.1723E+03,0.3909E+02,0.7960E+02,0.1072E+04,0.1187E+03,0.7935E+04,
   19,1996,   2,0.3810E+01,0.1644E+04,0.5752E+04,0.4145E+04,0.4700E+03,0.9091E+03,0.1655E+03,0.3458E+03,0.5524E+04,0.5113E+03,0.7451E+04,
   11,1996,   2,0.8807E+00,0.3793E+03,0.1490E+04,0.1424E+04,0.5681E+02,0.3028E+03,0.4915E+02,0.9984E+02,0.1783E+04,0.1490E+03,0.1873E+04,
    0,1996,   2,0.5957E-02,0.2315E+01,0.6498E+01,0.2479E+00,0.3010E+01,0.2832E+00,0.1417E+00,0.3305E+00,0.3541E+01,0.4722E+00,0.1301E-02,
   62,1996,   2,0.0000E+00,0.0000E+00,0.0000E+00,0.0000E+00,0.0000E+00,0.0000E+00,0.0000E+00,0.0000E+00,0.0000E+00,0.0000E+00,0.0000E+00,
   92,1996,   3,0.3879E-01,0.3703E+02,0.8784E+02,0.4132E+02,0.7710E+01,0.1106E+02,0.2145E+01,0.9432E+01,0.6009E+02,0.1158E+02,0.8301E+02,
   61,1996,   3,0.9005E+00,0.7768E+03,0.6628E+03,0.1133E+04,0.2818E+03,0.2379E+03,0.9139E+01,0.7076E+02,0.1652E+04,0.7990E+02,0.9602E+03,
   86,1996,   3,0.1367E+00,0.1001E+04,0.2252E+03,0.2005E+03,0.2256E+03,0.5823E+02,0.7230E+01,0.4036E+02,0.4844E+03,0.4759E+02,0.1441E+04,
   34,1996,   3,0.2303E+02,0.1301E+05,0.5215E+04,0.1028E+05,0.1068E+05,0.3124E+04,0.1439E+03,0.2155E+03,0.2409E+05,0.3594E+03,0.1999E+05,
   64,1996,   3,0.1308E+02,0.9380E+04,0.1107E+05,0.5439E+04,0.7613E+04,0.2395E+04,0.2739E+03,0.2472E+03,0.1545E+05,0.5210E+03,0.1905E+05,
   63,1996,   3,0.0000E+00,0.0000E+00,0.0000E+00,0.0000E+00,0.0000E+00,0.0000E+00,0.0000E+00,0.0000E+00,0.0000E+00,0.0000E+00,0.0000E+00,
   59,1996,   3,0.2028E+00,0.1576E+03,0.7178E+02,0.4710E+02,0.3064E+02,0.1506E+02,0.3677E+01,0.8929E+01,0.9279E+02,0.1261E+02,0.7529E+02,
   55,1996,   3,0.5275E-01,0.4562E+02,0.1353E+02,0.2196E+01,0.2013E+02,0.2463E+01,0.7637E+00,0.2526E+01,0.2479E+02,0.3290E+01,0.1277E+02,
   65,1996,   3,0.1478E+00,0.1326E+03,0.1268E+03,0.7230E+02,0.1046E+03,0.4255E+02,0.2540E+01,0.1750E+02,0.2195E+03,0.2004E+02,0.2406E+03,
   32,1996,   3,0.8507E+00,0.6931E+03,0.4043E+03,0.2560E+02,0.7864E+03,0.5570E+02,0.9632E+01,0.2764E+02,0.8677E+03,0.3727E+02,0.1233E+03,
   53,1996,   3,0.1962E-01,0.1237E+02,0.4989E+01,0.3730E+01,0.5139E+01,0.2322E+01,0.1170E+01,0.1155E+01,0.1119E+02,0.2325E+01,0.1150E+02,
   47,1996,   3,0.0000E+00,0.0000E+00,0.0000E+00,0.0000E+00,0.0000E+00,0.0000E+00,0.0000E+00,0.0000E+00,0.0000E+00,0.0000E+00,0.0000E+00,
   81,1996,   3,0.0000E+00,0.0000E+00,0.0000E+00,0.0000E+00,0.0000E+00,0.0000E+00,0.0000E+00,0.0000E+00,0.0000E+00,0.0000E+00,0.0000E+00,
   82,1996,   3,0.4383E-01,0.3028E+02,0.0000E+00,0.0000E+00,0.0000E+00,0.1892E+01,0.0000E+00,0.1892E+02,0.1892E+01,0.1892E+02,0.3028E+02,
   79,1996,   3,0.3454E-02,0.1789E+01,0.8947E+01,0.2672E+01,0.1002E+00,0.5677E+00,0.5190E+00,0.1270E+01,0.3340E+01,0.1789E+01,0.4474E+01,
   77,1996,   3,0.3173E+00,0.2949E+03,0.1708E+03,0.1608E+03,0.2116E+02,0.5578E+02,0.9177E+01,0.3120E+02,0.2377E+03,0.4038E+02,0.2357E+03,
   85,1996,   3,0.2164E+00,0.1509E+03,0.5800E+03,0.2420E+03,0.4441E+02,0.5431E+02,0.9722E+01,0.2941E+02,0.3407E+03,0.3914E+02,0.4430E+03,
   52,1996,   3,0.0000E+00,0.0000E+00,0.0000E+00,0.0000E+00,0.0000E+00,0.0000E+00,0.0000E+00,0.0000E+00,0.0000E+00,0.0000E+00,0.0000E+00,
   56,1996,   3,0.0000E+00,0.0000E+00,0.0000E+00,0.0000E+00,0.0000E+00,0.0000E+00,0.0000E+00,0.0000E+00,0.0000E+00,0.0000E+00,0.0000E+00,
   87,1996,   3,0.0000E+00,0.0000E+00,0.0000E+00,0.0000E+00,0.0000E+00,0.0000E+00,0.0000E+00,0.0000E+00,0.0000E+00,0.0000E+00,0.0000E+00,
   44,1996,   3,0.0000E+00,0.0000E+00,0.0000E+00,0.0000E+00,0.0000E+00,0.0000E+00,0.0000E+00,0.0000E+00,0.0000E+00,0.0000E+00,0.0000E+00,
   41,1996,   3,0.0000E+00,0.0000E+00,0.0000E+00,0.0000E+00,0.0000E+00,0.0000E+00,0.0000E+00,0.0000E+00,0.0000E+00,0.0000E+00,0.0000E+00,
   49,1996,   3,0.1008E-02,0.7274E+00,0.2250E+01,0.1176E+01,0.1332E+00,0.2576E+00,0.4179E-01,0.2194E+00,0.1567E+01,0.2612E+00,0.2687E+01,
   91,1996,   3,0.4385E-01,0.2612E+02,0.3992E+02,0.2030E+02,0.3187E+02,0.5356E+01,0.7087E+01,0.3006E+01,0.5753E+02,0.1009E+02,0.5714E+02,
   51,1996,   3,0.4120E-02,0.4483E+01,0.5692E+01,0.4806E+01,0.5443E+00,0.1053E+01,0.1708E+00,0.8965E+00,0.6404E+01,0.1067E+01,0.1387E+02,
   68,1996,   3,0.0000E+00,0.0000E+00,0.0000E+00,0.0000E+00,0.0000E+00,0.0000E+00,0.0000E+00,0.0000E+00,0.0000E+00,0.0000E+00,0.0000E+00,
   54,1996,   3,0.1446E+00,0.1074E+03,0.3247E+03,0.1761E+03,0.4896E+02,0.4746E+02,0.2386E+02,0.3447E+02,0.2725E+03,0.5833E+02,0.2498E+03,
   33,1996,   3,0.0000E+00,0.0000E+00,0.0000E+00,0.0000E+00,0.0000E+00,0.0000E+00,0.0000E+00,0.0000E+00,0.0000E+00,0.0000E+00,0.0000E+00,
   80,1996,   3,0.0000E+00,0.0000E+00,0.0000E+00,0.0000E+00,0.0000E+00,0.0000E+00,0.0000E+00,0.0000E+00,0.0000E+00,0.0000E+00,0.0000E+00,
   50,1996,   3,0.0000E+00,0.0000E+00,0.0000E+00,0.0000E+00,0.0000E+00,0.0000E+00,0.0000E+00,0.0000E+00,0.0000E+00,0.0000E+00,0.0000E+00,
   58,1996,   3,0.6120E-01,0.3764E+02,0.2820E+02,0.4423E+01,0.2962E+02,0.7627E+01,0.4075E+00,0.8220E+00,0.4167E+02,0.1229E+01,0.3035E+02,
   17,1996,   3,0.8390E-01,0.7086E+02,0.1040E+03,0.9835E+01,0.5872E+02,0.4055E+02,0.4506E+01,0.1879E+02,0.1091E+03,0.2329E+02,0.4179E+03,
   95,1996,   3,0.1159E-01,0.1005E+02,0.2375E+02,0.1350E+02,0.1536E+01,0.2958E+01,0.3474E+00,0.1832E+01,0.1799E+02,0.2180E+01,0.4025E+02,
   90,1996,   3,0.0000E+00,0.0000E+00,0.0000E+00,0.0000E+00,0.0000E+00,0.0000E+00,0.0000E+00,0.0000E+00,0.0000E+00,0.0000E+00,0.0000E+00,
   15,1996,   3,0.0000E+00,0.0000E+00,0.0000E+00,0.0000E+00,0.0000E+00,0.0000E+00,0.0000E+00,0.0000E+00,0.0000E+00,0.0000E+00,0.0000E+00,
   14,1996,   3,0.3894E-01,0.1681E+02,0.3521E+02,0.1494E+02,0.1082E+03,0.1144E+02,0.1557E+02,0.3809E+02,0.1345E+03,0.5367E+02,0.3391E+02,
   31,1996,   3,0.6267E+00,0.2764E+03,0.9769E+03,0.4517E+03,0.3660E+02,0.9790E+02,0.2021E+02,0.4325E+02,0.5862E+03,0.6346E+02,0.1313E+04,
   12,1996,   3,0.1634E-01,0.6756E+01,0.2567E+02,0.1393E+02,0.1297E+02,0.4107E+01,0.1375E+01,0.3368E+01,0.3101E+02,0.4743E+01,0.5568E+02,
   23,1996,   3,0.1414E-01,0.5530E+01,0.5297E+01,0.1052E+01,0.1648E+01,0.3489E+00,0.1193E+00,0.2851E+00,0.3048E+01,0.4044E+00,0.6531E+02,
   25,1996,   3,0.9989E+01,0.6865E+04,0.1754E+05,0.1162E+05,0.2515E+04,0.2668E+04,0.2816E+03,0.5770E+03,0.1680E+05,0.8586E+03,0.2479E+05,
   18,1996,   3,0.2447E-01,0.1143E+02,0.2600E+02,0.1063E+02,0.1245E+02,0.3186E+01,0.9809E+00,0.2202E+01,0.2627E+02,0.3183E+01,0.4618E+02,
    4,1996,   3,0.4385E-01,0.1713E+02,0.5964E+01,0.1251E+01,0.4045E+01,0.5731E+00,0.3446E+00,0.9139E+00,0.5870E+01,0.1258E+01,0.1328E+03,
   74,1996,   3,0.8897E+00,0.3831E+03,0.1648E+04,0.5197E+02,0.9251E+01,0.6668E+03,0.3557E+02,0.7320E+02,0.7280E+03,0.1088E+03,0.2258E+04,
   73,1996,   3,0.1227E-03,0.4769E-01,0.3179E+00,0.4993E+00,0.6062E+01,0.5706E+00,0.2257E+00,0.5267E+00,0.7132E+01,0.7524E+00,0.9481E+00,
   69,1996,   3,0.1812E-01,0.7040E+01,0.7445E+01,0.2000E+01,0.2408E+02,0.2270E+01,0.9262E+00,0.2161E+01,0.2835E+02,0.3087E+01,0.7345E+01,
   20,1996,   3,0.9693E+00,0.4226E+03,0.1521E+04,0.1866E+04,0.8077E+02,0.3970E+03,0.1151E+03,0.2630E+03,0.2344E+04,0.3781E+03,0.1946E+04,
   36,1996,   3,0.0000E+00,0.0000E+00,0.0000E+00,0.0000E+00,0.0000E+00,0.0000E+00,0.0000E+00,0.0000E+00,0.0000E+00,0.0000E+00,0.0000E+00,
   16,1996,   3,0.3914E-03,0.1559E+00,0.1014E+01,0.1602E+01,0.1806E+02,0.1724E+01,0.6773E+00,0.1581E+01,0.2139E+02,0.2258E+01,0.2566E+01,
   26,1996,   3,0.3293E-01,0.1631E+02,0.2094E+02,0.1205E+02,0.3973E+02,0.5676E+01,0.8268E+00,0.2006E+01,0.5746E+02,0.2833E+01,0.5034E+02,
   30,1996,   3,0.3980E-02,0.1688E+01,0.8986E+01,0.4549E+01,0.4018E+01,0.1319E+01,0.3543E+00,0.8672E+00,0.9887E+01,0.1222E+01,0.8952E+01,
   66,1996,   3,0.0000E+00,0.0000E+00,0.0000E+00,0.0000E+00,0.0000E+00,0.0000E+00,0.0000E+00,0.0000E+00,0.0000E+00,0.0000E+00,0.0000E+00,
   24,1996,   3,0.1835E-02,0.7921E+00,0.4753E+01,0.2370E+01,0.8887E-01,0.5035E+00,0.1149E+00,0.2812E+00,0.2962E+01,0.3961E+00,0.3960E+01,
   10,1996,   3,0.3041E+01,0.1295E+04,0.1062E+04,0.8989E+03,0.1370E+03,0.1989E+03,0.3503E+02,0.7134E+02,0.1235E+04,0.1064E+03,0.7815E+04,
   19,1996,   3,0.3449E+01,0.1489E+04,0.5120E+04,0.4332E+04,0.4540E+03,0.9477E+03,0.1160E+03,0.2452E+03,0.5734E+04,0.3612E+03,0.6663E+04,
   11,1996,   3,0.9706E+00,0.4181E+03,0.1645E+04,0.1704E+04,0.6731E+02,0.3623E+03,0.5427E+02,0.1102E+03,0.2133E+04,0.1645E+03,0.2067E+04,
    0,1996,   3,0.5957E-02,0.2315E+01,0.6498E+01,0.2479E+00,0.3010E+01,0.2832E+00,0.1417E+00,0.3305E+00,0.3541E+01,0.4722E+00,0.1301E-02,
   62,1996,   3,0.0000E+00,0.0000E+00,0.0000E+00,0.0000E+00,0.0000E+00,0.0000E+00,0.0000E+00,0.0000E+00,0.0000E+00,0.0000E+00,0.0000E+00,
   92,1996,   4,0.4374E-01,0.4018E+02,0.1137E+03,0.4739E+02,0.8215E+01,0.1295E+02,0.2368E+01,0.1061E+02,0.6855E+02,0.1298E+02,0.6175E+02,
   61,1996,   4,0.9715E+00,0.7814E+03,0.2921E+03,0.1147E+04,0.1644E+03,0.2424E+03,0.9697E+01,0.7139E+02,0.1554E+04,0.8109E+02,0.1033E+04,
   86,1996,   4,0.1940E+00,0.1302E+04,0.5597E+03,0.1991E+03,0.2911E+03,0.8358E+02,0.1436E+02,0.4084E+02,0.5738E+03,0.5520E+02,0.2387E+04,
   34,1996,   4,0.2521E+02,0.1418E+05,0.1317E+05,0.1018E+05,0.1180E+05,0.3302E+04,0.2619E+03,0.1994E+03,0.2528E+05,0.4613E+03,0.4226E+05,
   64,1996,   4,0.1276E+02,0.9073E+04,0.1051E+05,0.4742E+04,0.6703E+04,0.2385E+04,0.2519E+03,0.2276E+03,0.1383E+05,0.4795E+03,0.1936E+05,
   63,1996,   4,0.0000E+00,0.0000E+00,0.0000E+00,0.0000E+00,0.0000E+00,0.0000E+00,0.0000E+00,0.0000E+00,0.0000E+00,0.0000E+00,0.0000E+00,
   59,1996,   4,0.2091E+00,0.1589E+03,0.8487E+02,0.2817E+02,0.2582E+02,0.1300E+02,0.5598E+01,0.4875E+01,0.6699E+02,0.1047E+02,0.6139E+02,
   55,1996,   4,0.5158E-01,0.4283E+02,0.1322E+02,0.2206E+01,0.2337E+02,0.5236E+01,0.5968E+00,0.2596E+01,0.3081E+02,0.3193E+01,0.1295E+02,
   65,1996,   4,0.1444E+00,0.1146E+03,0.1609E+03,0.7821E+02,0.7388E+02,0.4896E+02,0.1169E+02,0.8074E+01,0.2010E+03,0.1977E+02,0.1586E+03,
   32,1996,   4,0.8815E+00,0.7171E+03,0.2389E+02,0.1970E+02,0.7785E+02,0.4313E+02,0.2704E+01,0.4325E+02,0.1407E+03,0.4595E+02,0.1058E+03,
   53,1996,   4,0.1912E-01,0.1075E+02,0.4886E+01,0.2820E+01,0.3271E+01,0.1468E+01,0.1141E+01,0.6466E+00,0.7559E+01,0.1788E+01,0.8141E+01,
   47,1996,   4,0.0000E+00,0.0000E+00,0.0000E+00,0.0000E+00,0.0000E+00,0.0000E+00,0.0000E+00,0.0000E+00,0.0000E+00,0.0000E+00,0.0000E+00,
   81,1996,   4,0.0000E+00,0.0000E+00,0.0000E+00,0.0000E+00,0.0000E+00,0.0000E+00,0.0000E+00,0.0000E+00,0.0000E+00,0.0000E+00,0.0000E+00,
   82,1996,   4,0.4383E-01,0.3028E+02,0.0000E+00,0.0000E+00,0.0000E+00,0.1892E+01,0.0000E+00,0.1892E+02,0.1892E+01,0.1892E+02,0.3028E+02,
   79,1996,   4,0.3454E-02,0.1789E+01,0.8947E+01,0.2672E+01,0.1002E+00,0.5677E+00,0.5190E+00,0.1270E+01,0.3340E+01,0.1789E+01,0.4474E+01,
   77,1996,   4,0.4687E+00,0.3563E+03,0.5647E+03,0.1475E+03,0.6475E+02,0.1034E+03,0.2141E+02,0.3604E+02,0.3156E+03,0.5746E+02,0.1444E+04,
   85,1996,   4,0.2744E+00,0.1697E+03,0.6743E+03,0.2706E+03,0.5068E+02,0.7732E+02,0.1217E+02,0.2983E+02,0.3986E+03,0.4200E+02,0.7301E+03,
   52,1996,   4,0.0000E+00,0.0000E+00,0.0000E+00,0.0000E+00,0.0000E+00,0.0000E+00,0.0000E+00,0.0000E+00,0.0000E+00,0.0000E+00,0.0000E+00,
   56,1996,   4,0.4819E-02,0.1873E+01,0.1789E+02,0.5826E+00,0.4578E+00,0.2289E+01,0.3329E+00,0.8323E-01,0.3329E+01,0.4162E+00,0.5410E+02,
   87,1996,   4,0.0000E+00,0.0000E+00,0.0000E+00,0.0000E+00,0.0000E+00,0.0000E+00,0.0000E+00,0.0000E+00,0.0000E+00,0.0000E+00,0.0000E+00,
   44,1996,   4,0.0000E+00,0.0000E+00,0.0000E+00,0.0000E+00,0.0000E+00,0.0000E+00,0.0000E+00,0.0000E+00,0.0000E+00,0.0000E+00,0.0000E+00,
   41,1996,   4,0.0000E+00,0.0000E+00,0.0000E+00,0.0000E+00,0.0000E+00,0.0000E+00,0.0000E+00,0.0000E+00,0.0000E+00,0.0000E+00,0.0000E+00,
   49,1996,   4,0.1096E-02,0.8750E+00,0.2029E+01,0.1278E+01,0.1448E+00,0.2800E+00,0.4542E-01,0.2384E+00,0.1703E+01,0.2839E+00,0.2029E+01,
   91,1996,   4,0.4298E-01,0.2462E+02,0.2737E+02,0.1931E+02,0.3177E+02,0.5213E+01,0.6730E+01,0.2892E+01,0.5630E+02,0.9621E+01,0.5047E+02,
   51,1996,   4,0.4120E-02,0.4056E+01,0.4981E+01,0.4806E+01,0.5443E+00,0.1053E+01,0.1708E+00,0.8965E+00,0.6404E+01,0.1067E+01,0.1138E+02,
   68,1996,   4,0.0000E+00,0.0000E+00,0.0000E+00,0.0000E+00,0.0000E+00,0.0000E+00,0.0000E+00,0.0000E+00,0.0000E+00,0.0000E+00,0.0000E+00,
   54,1996,   4,0.1534E+00,0.1073E+03,0.3577E+03,0.1908E+03,0.6902E+02,0.4503E+02,0.3312E+01,0.3444E+02,0.3048E+03,0.3775E+02,0.3312E+03,
   33,1996,   4,0.0000E+00,0.0000E+00,0.0000E+00,0.0000E+00,0.0000E+00,0.0000E+00,0.0000E+00,0.0000E+00,0.0000E+00,0.0000E+00,0.0000E+00,
   80,1996,   4,0.0000E+00,0.0000E+00,0.0000E+00,0.0000E+00,0.0000E+00,0.0000E+00,0.0000E+00,0.0000E+00,0.0000E+00,0.0000E+00,0.0000E+00,
   50,1996,   4,0.0000E+00,0.0000E+00,0.0000E+00,0.0000E+00,0.0000E+00,0.0000E+00,0.0000E+00,0.0000E+00,0.0000E+00,0.0000E+00,0.0000E+00,
   58,1996,   4,0.5283E-01,0.3216E+02,0.2594E+02,0.9083E+01,0.1293E+02,0.8398E+01,0.3340E+00,0.9448E+00,0.3041E+02,0.1279E+01,0.2670E+02,
   17,1996,   4,0.1823E+00,0.1111E+03,0.3996E+03,0.2880E+02,0.3101E+02,0.1029E+03,0.1384E+02,0.3016E+02,0.1627E+03,0.4400E+02,0.1157E+04,
   95,1996,   4,0.9087E-02,0.6555E+01,0.1519E+02,0.1058E+02,0.1206E+01,0.2319E+01,0.2685E+00,0.1414E+01,0.1411E+02,0.1683E+01,0.1393E+02,
   90,1996,   4,0.0000E+00,0.0000E+00,0.0000E+00,0.0000E+00,0.0000E+00,0.0000E+00,0.0000E+00,0.0000E+00,0.0000E+00,0.0000E+00,0.0000E+00,
   15,1996,   4,0.0000E+00,0.0000E+00,0.0000E+00,0.0000E+00,0.0000E+00,0.0000E+00,0.0000E+00,0.0000E+00,0.0000E+00,0.0000E+00,0.0000E+00,
   14,1996,   4,0.3758E-01,0.1622E+02,0.3316E+02,0.2040E+02,0.1737E+03,0.1762E+02,0.2029E+02,0.4963E+02,0.2117E+03,0.6991E+02,0.3147E+02,
   31,1996,   4,0.6465E+00,0.2850E+03,0.8754E+03,0.3425E+03,0.3250E+02,0.7470E+02,0.2043E+02,0.4370E+02,0.4497E+03,0.6414E+02,0.1356E+04,
   12,1996,   4,0.1673E-01,0.6926E+01,0.2622E+02,0.1437E+02,0.1299E+02,0.4200E+01,0.1369E+01,0.3353E+01,0.3156E+02,0.4722E+01,0.5640E+02,
   23,1996,   4,0.1414E-01,0.5530E+01,0.5297E+01,0.1052E+01,0.1648E+01,0.3489E+00,0.1193E+00,0.2851E+00,0.3048E+01,0.4044E+00,0.6531E+02,
   25,1996,   4,0.1186E+02,0.8158E+04,0.2407E+05,0.1191E+05,0.1688E+04,0.3478E+04,0.4024E+03,0.6108E+03,0.1708E+05,0.1013E+04,0.4531E+05,
   18,1996,   4,0.2293E-01,0.1076E+02,0.2335E+02,0.1475E+02,0.1261E+02,0.4060E+01,0.1263E+01,0.3041E+01,0.3141E+02,0.4304E+01,0.4287E+02,
    4,1996,   4,0.4385E-01,0.1713E+02,0.3464E+01,0.5829E+00,0.4020E+01,0.4311E+00,0.3445E+00,0.9139E+00,0.5034E+01,0.1258E+01,0.1328E+03,
   74,1996,   4,0.8949E+00,0.3853E+03,0.1658E+04,0.5205E+02,0.7576E+01,0.7333E+03,0.3572E+02,0.7350E+02,0.7930E+03,0.1092E+03,0.2271E+04,
   73,1996,   4,0.1227E-03,0.4769E-01,0.3179E+00,0.4993E+00,0.6062E+01,0.5706E+00,0.2257E+00,0.5267E+00,0.7132E+01,0.7524E+00,0.9481E+00,
   69,1996,   4,0.1812E-01,0.7040E+01,0.7445E+01,0.2000E+01,0.2408E+02,0.2270E+01,0.9262E+00,0.2161E+01,0.2835E+02,0.3087E+01,0.7345E+01,
   20,1996,   4,0.9656E+00,0.4210E+03,0.1545E+04,0.1801E+04,0.7833E+02,0.3832E+03,0.1038E+03,0.2353E+03,0.2263E+04,0.3391E+03,0.2188E+04,
   36,1996,   4,0.0000E+00,0.0000E+00,0.0000E+00,0.0000E+00,0.0000E+00,0.0000E+00,0.0000E+00,0.0000E+00,0.0000E+00,0.0000E+00,0.0000E+00,
   16,1996,   4,0.3914E-03,0.1559E+00,0.1014E+01,0.1602E+01,0.1806E+02,0.1724E+01,0.6773E+00,0.1581E+01,0.2139E+02,0.2258E+01,0.2566E+01,
   26,1996,   4,0.3293E-01,0.1631E+02,0.2094E+02,0.1205E+02,0.3973E+02,0.5676E+01,0.8268E+00,0.2006E+01,0.5746E+02,0.2833E+01,0.5034E+02,
   30,1996,   4,0.3980E-02,0.1688E+01,0.8986E+01,0.4549E+01,0.4018E+01,0.1319E+01,0.3543E+00,0.8672E+00,0.9887E+01,0.1222E+01,0.8952E+01,
   66,1996,   4,0.0000E+00,0.0000E+00,0.0000E+00,0.0000E+00,0.0000E+00,0.0000E+00,0.0000E+00,0.0000E+00,0.0000E+00,0.0000E+00,0.0000E+00,
   24,1996,   4,0.1835E-02,0.7921E+00,0.4753E+01,0.2370E+01,0.8887E-01,0.5035E+00,0.1149E+00,0.2812E+00,0.2962E+01,0.3961E+00,0.3960E+01,
   10,1996,   4,0.3058E+01,0.1303E+04,0.1024E+04,0.8014E+03,0.1119E+03,0.1766E+03,0.4143E+02,0.8435E+02,0.1090E+04,0.1258E+03,0.7858E+04,
   19,1996,   4,0.3501E+01,0.1511E+04,0.5203E+04,0.3743E+04,0.4213E+03,0.8223E+03,0.1021E+03,0.2169E+03,0.4986E+04,0.3190E+03,0.6768E+04,
   11,1996,   4,0.1038E+01,0.4470E+03,0.1761E+04,0.1754E+04,0.6920E+02,0.3730E+03,0.5809E+02,0.1180E+03,0.2196E+04,0.1761E+03,0.2212E+04,
    0,1996,   4,0.5957E-02,0.2315E+01,0.6498E+01,0.2479E+00,0.3010E+01,0.2832E+00,0.1417E+00,0.3305E+00,0.3541E+01,0.4722E+00,0.1301E-02,
   62,1996,   4,0.0000E+00,0.0000E+00,0.0000E+00,0.0000E+00,0.0000E+00,0.0000E+00,0.0000E+00,0.0000E+00,0.0000E+00,0.0000E+00,0.0000E+00,
   92,1996,   5,0.4190E-01,0.3448E+02,0.1245E+03,0.4525E+02,0.7967E+01,0.1250E+02,0.2293E+01,0.1022E+02,0.6572E+02,0.1251E+02,0.1084E+03,
   61,1996,   5,0.9242E+00,0.6987E+03,0.8267E+03,0.1079E+04,0.2703E+03,0.2371E+03,0.1031E+02,0.7961E+02,0.1586E+04,0.8991E+02,0.9675E+03,
   86,1996,   5,0.1815E+00,0.1198E+04,0.4904E+03,0.1238E+03,0.2897E+03,0.6209E+02,0.1575E+02,0.3564E+02,0.4755E+03,0.5139E+02,0.2223E+04,
   34,1996,   5,0.2369E+02,0.1316E+05,0.5021E+04,0.7321E+04,0.1433E+05,0.2628E+04,0.1019E+03,0.1830E+03,0.2428E+05,0.2849E+03,0.1844E+05,
   64,1996,   5,0.1260E+02,0.8690E+04,0.1161E+05,0.4214E+04,0.7922E+04,0.2145E+04,0.3177E+03,0.2593E+03,0.1428E+05,0.5770E+03,0.2290E+05,
   63,1996,   5,0.0000E+00,0.0000E+00,0.0000E+00,0.0000E+00,0.0000E+00,0.0000E+00,0.0000E+00,0.0000E+00,0.0000E+00,0.0000E+00,0.0000E+00,
   59,1996,   5,0.2047E+00,0.1485E+03,0.1025E+03,0.2652E+01,0.2334E+02,0.2316E+02,0.4420E+01,0.8309E+01,0.4915E+02,0.1273E+02,0.5834E+02,
   55,1996,   5,0.5583E-01,0.4485E+02,0.1619E+02,0.1182E+01,0.2759E+02,0.5053E+01,0.5390E+00,0.3850E+01,0.3383E+02,0.4389E+01,0.1615E+02,
   65,1996,   5,0.1422E+00,0.1013E+03,0.2653E+03,0.8203E+02,0.7670E+02,0.4561E+02,0.4488E+01,0.1475E+02,0.2043E+03,0.1924E+02,0.2091E+03,
   32,1996,   5,0.8965E+00,0.6767E+03,0.2348E+02,0.1987E+02,0.8134E+02,0.3631E+02,0.2886E+01,0.4419E+02,0.1375E+03,0.4708E+02,0.1090E+03,
   53,1996,   5,0.1969E-01,0.1241E+02,0.3428E+01,0.1736E+01,0.3369E+01,0.2650E+01,0.1175E+01,0.1151E+01,0.7755E+01,0.2326E+01,0.6713E+01,
   47,1996,   5,0.0000E+00,0.0000E+00,0.0000E+00,0.0000E+00,0.0000E+00,0.0000E+00,0.0000E+00,0.0000E+00,0.0000E+00,0.0000E+00,0.0000E+00,
   81,1996,   5,0.0000E+00,0.0000E+00,0.0000E+00,0.0000E+00,0.0000E+00,0.0000E+00,0.0000E+00,0.0000E+00,0.0000E+00,0.0000E+00,0.0000E+00,
   82,1996,   5,0.4383E-01,0.3028E+02,0.0000E+00,0.0000E+00,0.0000E+00,0.1892E+01,0.0000E+00,0.1892E+02,0.1892E+01,0.1892E+02,0.3028E+02,
   79,1996,   5,0.3454E-02,0.1789E+01,0.8947E+01,0.2672E+01,0.1002E+00,0.5677E+00,0.5190E+00,0.1270E+01,0.3340E+01,0.1789E+01,0.4474E+01,
   77,1996,   5,0.4940E+00,0.3388E+03,0.6468E+03,0.1638E+03,0.4318E+02,0.1375E+03,0.1484E+02,0.5574E+02,0.3445E+03,0.7058E+02,0.1621E+04,
   85,1996,   5,0.2773E+00,0.1679E+03,0.6202E+03,0.2656E+03,0.5077E+02,0.7982E+02,0.1303E+02,0.3097E+02,0.3961E+03,0.4400E+02,0.8086E+03,
   52,1996,   5,0.0000E+00,0.0000E+00,0.0000E+00,0.0000E+00,0.0000E+00,0.0000E+00,0.0000E+00,0.0000E+00,0.0000E+00,0.0000E+00,0.0000E+00,
   56,1996,   5,0.5861E-02,0.2277E+01,0.2176E+02,0.7085E+00,0.5567E+00,0.2783E+01,0.4049E+00,0.1012E+00,0.4048E+01,0.5061E+00,0.6579E+02,
   87,1996,   5,0.0000E+00,0.0000E+00,0.0000E+00,0.0000E+00,0.0000E+00,0.0000E+00,0.0000E+00,0.0000E+00,0.0000E+00,0.0000E+00,0.0000E+00,
   44,1996,   5,0.0000E+00,0.0000E+00,0.0000E+00,0.0000E+00,0.0000E+00,0.0000E+00,0.0000E+00,0.0000E+00,0.0000E+00,0.0000E+00,0.0000E+00,
   41,1996,   5,0.0000E+00,0.0000E+00,0.0000E+00,0.0000E+00,0.0000E+00,0.0000E+00,0.0000E+00,0.0000E+00,0.0000E+00,0.0000E+00,0.0000E+00,
   49,1996,   5,0.1183E-02,0.8970E+00,0.2406E+01,0.1381E+01,0.1563E+00,0.3024E+00,0.4905E-01,0.2575E+00,0.1839E+01,0.3066E+00,0.2055E+01,
   91,1996,   5,0.4442E-01,0.2429E+02,0.2506E+02,0.2093E+02,0.3194E+02,0.5434E+01,0.7380E+01,0.3066E+01,0.5830E+02,0.1045E+02,0.4335E+02,
   51,1996,   5,0.4076E-02,0.3449E+01,0.7744E+01,0.4755E+01,0.5385E+00,0.1042E+01,0.1690E+00,0.8870E+00,0.6336E+01,0.1056E+01,0.1126E+02,
   68,1996,   5,0.0000E+00,0.0000E+00,0.0000E+00,0.0000E+00,0.0000E+00,0.0000E+00,0.0000E+00,0.0000E+00,0.0000E+00,0.0000E+00,0.0000E+00,
   54,1996,   5,0.1394E+00,0.9869E+02,0.2648E+03,0.1146E+03,0.1082E+03,0.4212E+02,0.5657E+01,0.3141E+02,0.2649E+03,0.3707E+02,0.2046E+03,
   33,1996,   5,0.0000E+00,0.0000E+00,0.0000E+00,0.0000E+00,0.0000E+00,0.0000E+00,0.0000E+00,0.0000E+00,0.0000E+00,0.0000E+00,0.0000E+00,
   80,1996,   5,0.0000E+00,0.0000E+00,0.0000E+00,0.0000E+00,0.0000E+00,0.0000E+00,0.0000E+00,0.0000E+00,0.0000E+00,0.0000E+00,0.0000E+00,
   50,1996,   5,0.0000E+00,0.0000E+00,0.0000E+00,0.0000E+00,0.0000E+00,0.0000E+00,0.0000E+00,0.0000E+00,0.0000E+00,0.0000E+00,0.0000E+00,
   58,1996,   5,0.6808E-01,0.4033E+02,0.2923E+02,0.4838E+01,0.3161E+02,0.1635E+02,0.9820E+00,0.1009E+01,0.5279E+02,0.1991E+01,0.2770E+02,
   17,1996,   5,0.1526E+00,0.7860E+02,0.3807E+03,0.3229E+02,0.4680E+02,0.5733E+02,0.8910E+01,0.1919E+02,0.1364E+03,0.2810E+02,0.1100E+04,
   95,1996,   5,0.1145E-01,0.7163E+01,0.2537E+02,0.1335E+02,0.1519E+01,0.2924E+01,0.3700E+00,0.1936E+01,0.1779E+02,0.2306E+01,0.2005E+02,
   90,1996,   5,0.0000E+00,0.0000E+00,0.0000E+00,0.0000E+00,0.0000E+00,0.0000E+00,0.0000E+00,0.0000E+00,0.0000E+00,0.0000E+00,0.0000E+00,
   15,1996,   5,0.0000E+00,0.0000E+00,0.0000E+00,0.0000E+00,0.0000E+00,0.0000E+00,0.0000E+00,0.0000E+00,0.0000E+00,0.0000E+00,0.0000E+00,
   14,1996,   5,0.3776E-01,0.1630E+02,0.3559E+02,0.2123E+02,0.1845E+03,0.1863E+02,0.1782E+02,0.4358E+02,0.2243E+03,0.6140E+02,0.3400E+02,
   31,1996,   5,0.5845E+00,0.2582E+03,0.7251E+03,0.2542E+03,0.2919E+02,0.5594E+02,0.1984E+02,0.4234E+02,0.3393E+03,0.6218E+02,0.1222E+04,
   12,1996,   5,0.1585E-01,0.6548E+01,0.2478E+02,0.1328E+02,0.1295E+02,0.3968E+01,0.1332E+01,0.3262E+01,0.3019E+02,0.4594E+01,0.5459E+02,
   23,1996,   5,0.1414E-01,0.5530E+01,0.5297E+01,0.1052E+01,0.1648E+01,0.3489E+00,0.1193E+00,0.2851E+00,0.3048E+01,0.4044E+00,0.6531E+02,
   25,1996,   5,0.9128E+01,0.7164E+04,0.1637E+05,0.1003E+05,0.2411E+04,0.2325E+04,0.2565E+03,0.5253E+03,0.1477E+05,0.7818E+03,0.2434E+05,
   18,1996,   5,0.2311E-01,0.1084E+02,0.1490E+02,0.1231E+02,0.1252E+02,0.3542E+01,0.6749E+00,0.1579E+01,0.2836E+02,0.2254E+01,0.4325E+02,
    4,1996,   5,0.4390E-01,0.1715E+02,0.6039E+01,0.1433E+01,0.4052E+01,0.6118E+00,0.3473E+00,0.9206E+00,0.6097E+01,0.1268E+01,0.1329E+03,
   74,1996,   5,0.8790E+00,0.3785E+03,0.1628E+04,0.4561E+02,0.7347E+01,0.8058E+03,0.3496E+02,0.7181E+02,0.8588E+03,0.1068E+03,0.2232E+04,
   73,1996,   5,0.1227E-03,0.4769E-01,0.3179E+00,0.4993E+00,0.6062E+01,0.5706E+00,0.2257E+00,0.5267E+00,0.7132E+01,0.7524E+00,0.9481E+00,
   69,1996,   5,0.1812E-01,0.7040E+01,0.7445E+01,0.2000E+01,0.2408E+02,0.2270E+01,0.9262E+00,0.2161E+01,0.2835E+02,0.3087E+01,0.7345E+01,
   20,1996,   5,0.8675E+00,0.3786E+03,0.1349E+04,0.2046E+04,0.8752E+02,0.4353E+03,0.1095E+03,0.2518E+03,0.2569E+04,0.3613E+03,0.1729E+04,
   36,1996,   5,0.0000E+00,0.0000E+00,0.0000E+00,0.0000E+00,0.0000E+00,0.0000E+00,0.0000E+00,0.0000E+00,0.0000E+00,0.0000E+00,0.0000E+00,
   16,1996,   5,0.3914E-03,0.1559E+00,0.1014E+01,0.1602E+01,0.1806E+02,0.1724E+01,0.6773E+00,0.1581E+01,0.2139E+02,0.2258E+01,0.2566E+01,
   26,1996,   5,0.3293E-01,0.1631E+02,0.2094E+02,0.1205E+02,0.3973E+02,0.5676E+01,0.8268E+00,0.2006E+01,0.5746E+02,0.2833E+01,0.5034E+02,
   30,1996,   5,0.3980E-02,0.1688E+01,0.8986E+01,0.4549E+01,0.4018E+01,0.1319E+01,0.3543E+00,0.8672E+00,0.9887E+01,0.1222E+01,0.8952E+01,
   66,1996,   5,0.0000E+00,0.0000E+00,0.0000E+00,0.0000E+00,0.0000E+00,0.0000E+00,0.0000E+00,0.0000E+00,0.0000E+00,0.0000E+00,0.0000E+00,
   24,1996,   5,0.1835E-02,0.7921E+00,0.4753E+01,0.2370E+01,0.8887E-01,0.5035E+00,0.1149E+00,0.2812E+00,0.2962E+01,0.3961E+00,0.3960E+01,
   10,1996,   5,0.3704E+01,0.1582E+04,0.1165E+04,0.7674E+03,0.2129E+03,0.1772E+03,0.4192E+02,0.8534E+02,0.1158E+04,0.1273E+03,0.9552E+04,
   19,1996,   5,0.3185E+01,0.1374E+04,0.4680E+04,0.3342E+04,0.4200E+03,0.7360E+03,0.1201E+03,0.2540E+03,0.4498E+04,0.3741E+03,0.6112E+04,
   11,1996,   5,0.7939E+00,0.3418E+03,0.1340E+04,0.1333E+04,0.5341E+02,0.2836E+03,0.2221E+02,0.4515E+02,0.1670E+04,0.6735E+02,0.1686E+04,
    0,1996,   5,0.5957E-02,0.2315E+01,0.6498E+01,0.2479E+00,0.3010E+01,0.2832E+00,0.1417E+00,0.3305E+00,0.3541E+01,0.4722E+00,0.1301E-02,
   62,1996,   5,0.0000E+00,0.0000E+00,0.0000E+00,0.0000E+00,0.0000E+00,0.0000E+00,0.0000E+00,0.0000E+00,0.0000E+00,0.0000E+00,0.0000E+00,
   92,1996,   6,0.4120E-01,0.3289E+02,0.1115E+03,0.4420E+02,0.7993E+01,0.1183E+02,0.2249E+01,0.9981E+01,0.6402E+02,0.1223E+02,0.1712E+03,
   61,1996,   6,0.8767E+00,0.5938E+03,0.1887E+03,0.9804E+03,0.4772E+03,0.6006E+02,0.7712E+01,0.9484E+02,0.1518E+04,0.1026E+03,0.9559E+03,
   86,1996,   6,0.1380E+00,0.1802E+04,0.4215E+03,0.9458E+02,0.4188E+03,0.5223E+02,0.9879E+01,0.5097E+02,0.5657E+03,0.6085E+02,0.2538E+04,
   34,1996,   6,0.2160E+02,0.1322E+05,0.4810E+04,0.7506E+04,0.1530E+05,0.2420E+04,0.5836E+02,0.2139E+03,0.2523E+05,0.2723E+03,0.1509E+05,
   64,1996,   6,0.1341E+02,0.8721E+04,0.1073E+05,0.3886E+04,0.7121E+04,0.1835E+04,0.2932E+03,0.2348E+03,0.1284E+05,0.5280E+03,0.1760E+05,
   63,1996,   6,0.0000E+00,0.0000E+00,0.0000E+00,0.0000E+00,0.0000E+00,0.0000E+00,0.0000E+00,0.0000E+00,0.0000E+00,0.0000E+00,0.0000E+00,
   59,1996,   6,0.2137E+00,0.1458E+03,0.1107E+03,0.5536E+01,0.1200E+02,0.1679E+02,0.2953E+01,0.7935E+01,0.3432E+02,0.1089E+02,0.7751E+02,
   55,1996,   6,0.4896E-01,0.3598E+02,0.1172E+02,0.2179E+01,0.2048E+02,0.3580E+01,0.3994E+00,0.4218E+01,0.2624E+02,0.4618E+01,0.8219E+01,
   65,1996,   6,0.1342E+00,0.8847E+02,0.1203E+03,0.7753E+02,0.6987E+02,0.4153E+02,0.5448E+01,0.1010E+02,0.1889E+03,0.1555E+02,0.1689E+03,
   32,1996,   6,0.8377E+00,0.6445E+03,0.2502E+02,0.1997E+02,0.8990E+02,0.3556E+02,0.2784E+01,0.6210E+02,0.1454E+03,0.6488E+02,0.1024E+03,
   53,1996,   6,0.2121E-01,0.1158E+02,0.5455E+01,0.1199E+01,0.2571E+01,0.2641E+01,0.7366E+00,0.8369E+00,0.6411E+01,0.1573E+01,0.5445E+01,
   47,1996,   6,0.0000E+00,0.0000E+00,0.0000E+00,0.0000E+00,0.0000E+00,0.0000E+00,0.0000E+00,0.0000E+00,0.0000E+00,0.0000E+00,0.0000E+00,
   81,1996,   6,0.0000E+00,0.0000E+00,0.0000E+00,0.0000E+00,0.0000E+00,0.0000E+00,0.0000E+00,0.0000E+00,0.0000E+00,0.0000E+00,0.0000E+00,
   82,1996,   6,0.4383E-01,0.3028E+02,0.0000E+00,0.0000E+00,0.0000E+00,0.1892E+01,0.0000E+00,0.1892E+02,0.1892E+01,0.1892E+02,0.3028E+02,
   79,1996,   6,0.3454E-02,0.1789E+01,0.8947E+01,0.2672E+01,0.1002E+00,0.5677E+00,0.5190E+00,0.1270E+01,0.3340E+01,0.1789E+01,0.4474E+01,
   77,1996,   6,0.3389E+00,0.2911E+03,0.1642E+03,0.6924E+02,0.7828E+02,0.5057E+02,0.1699E+02,0.5409E+02,0.1981E+03,0.7109E+02,0.2840E+03,
   85,1996,   6,0.2336E+00,0.1464E+03,0.3601E+03,0.2620E+03,0.4667E+02,0.5869E+02,0.9788E+01,0.2976E+02,0.3673E+03,0.3955E+02,0.2939E+03,
   52,1996,   6,0.0000E+00,0.0000E+00,0.0000E+00,0.0000E+00,0.0000E+00,0.0000E+00,0.0000E+00,0.0000E+00,0.0000E+00,0.0000E+00,0.0000E+00,
   56,1996,   6,0.0000E+00,0.0000E+00,0.0000E+00,0.0000E+00,0.0000E+00,0.0000E+00,0.0000E+00,0.0000E+00,0.0000E+00,0.0000E+00,0.0000E+00,
   87,1996,   6,0.0000E+00,0.0000E+00,0.0000E+00,0.0000E+00,0.0000E+00,0.0000E+00,0.0000E+00,0.0000E+00,0.0000E+00,0.0000E+00,0.0000E+00,
   44,1996,   6,0.0000E+00,0.0000E+00,0.0000E+00,0.0000E+00,0.0000E+00,0.0000E+00,0.0000E+00,0.0000E+00,0.0000E+00,0.0000E+00,0.0000E+00,
   41,1996,   6,0.0000E+00,0.0000E+00,0.0000E+00,0.0000E+00,0.0000E+00,0.0000E+00,0.0000E+00,0.0000E+00,0.0000E+00,0.0000E+00,0.0000E+00,
   49,1996,   6,0.1227E-02,0.7986E+00,0.1741E+01,0.1432E+01,0.1621E+00,0.3137E+00,0.5087E-01,0.2671E+00,0.1907E+01,0.3179E+00,0.2506E+01,
   91,1996,   6,0.4245E-01,0.2412E+02,0.2232E+02,0.1871E+02,0.3171E+02,0.5122E+01,0.6539E+01,0.2817E+01,0.5555E+02,0.9356E+01,0.4124E+02,
   51,1996,   6,0.3726E-02,0.3346E+01,0.8364E+01,0.4346E+01,0.4922E+00,0.9521E+00,0.1544E+00,0.8107E+00,0.5791E+01,0.9651E+00,0.1029E+02,
   68,1996,   6,0.0000E+00,0.0000E+00,0.0000E+00,0.0000E+00,0.0000E+00,0.0000E+00,0.0000E+00,0.0000E+00,0.0000E+00,0.0000E+00,0.0000E+00,
   54,1996,   6,0.1363E+00,0.9416E+02,0.2472E+03,0.9181E+02,0.9405E+02,0.4237E+02,0.4709E+01,0.3213E+02,0.2282E+03,0.3684E+02,0.1766E+03,
   33,1996,   6,0.0000E+00,0.0000E+00,0.0000E+00,0.0000E+00,0.0000E+00,0.0000E+00,0.0000E+00,0.0000E+00,0.0000E+00,0.0000E+00,0.0000E+00,
   80,1996,   6,0.0000E+00,0.0000E+00,0.0000E+00,0.0000E+00,0.0000E+00,0.0000E+00,0.0000E+00,0.0000E+00,0.0000E+00,0.0000E+00,0.0000E+00,
   50,1996,   6,0.0000E+00,0.0000E+00,0.0000E+00,0.0000E+00,0.0000E+00,0.0000E+00,0.0000E+00,0.0000E+00,0.0000E+00,0.0000E+00,0.0000E+00,
   58,1996,   6,0.6589E-01,0.3835E+02,0.3026E+02,0.2148E+01,0.3146E+02,0.2268E+02,0.6791E+00,0.1230E+01,0.5629E+02,0.1909E+01,0.2808E+02,
   17,1996,   6,0.5962E-01,0.3738E+02,0.4909E+02,0.4849E+01,0.3086E+02,0.1024E+02,0.7433E+01,0.9151E+01,0.4595E+02,0.1658E+02,0.1590E+03,
   95,1996,   6,0.1128E-01,0.6549E+01,0.3049E+02,0.1314E+02,0.1496E+01,0.2879E+01,0.3440E+00,0.1801E+01,0.1752E+02,0.2145E+01,0.3276E+02,
   90,1996,   6,0.0000E+00,0.0000E+00,0.0000E+00,0.0000E+00,0.0000E+00,0.0000E+00,0.0000E+00,0.0000E+00,0.0000E+00,0.0000E+00,0.0000E+00,
   15,1996,   6,0.0000E+00,0.0000E+00,0.0000E+00,0.0000E+00,0.0000E+00,0.0000E+00,0.0000E+00,0.0000E+00,0.0000E+00,0.0000E+00,0.0000E+00,
   14,1996,   6,0.3969E-01,0.1713E+02,0.3635E+02,0.2355E+02,0.2126E+03,0.2128E+02,0.2131E+02,0.5214E+02,0.2575E+03,0.7345E+02,0.3870E+02,
   31,1996,   6,0.5335E+00,0.2362E+03,0.6796E+03,0.1968E+03,0.2704E+02,0.4374E+02,0.1866E+02,0.3996E+02,0.2676E+03,0.5862E+02,0.1112E+04,
   12,1996,   6,0.1533E-01,0.6321E+01,0.2374E+02,0.1253E+02,0.1292E+02,0.3809E+01,0.1268E+01,0.3106E+01,0.2926E+02,0.4374E+01,0.5332E+02,
   23,1996,   6,0.1414E-01,0.5530E+01,0.5297E+01,0.1052E+01,0.1648E+01,0.3489E+00,0.1193E+00,0.2851E+00,0.3048E+01,0.4044E+00,0.6531E+02,
   25,1996,   6,0.9071E+01,0.6852E+04,0.1575E+05,0.9194E+04,0.2232E+04,0.2166E+04,0.2895E+03,0.5912E+03,0.1359E+05,0.8807E+03,0.2380E+05,
   18,1996,   6,0.2280E-01,0.7944E+02,0.3394E+03,0.1141E+03,0.6855E+02,0.3867E+02,0.3089E+01,0.8562E+01,0.2213E+03,0.1165E+02,0.2809E+03,
    4,1996,   6,0.4368E-01,0.1706E+02,0.5661E+01,0.2537E+01,0.4093E+01,0.8462E+00,0.3336E+00,0.8871E+00,0.7476E+01,0.1221E+01,0.1324E+03,
   74,1996,   6,0.8848E+00,0.3810E+03,0.1638E+04,0.4040E+02,0.7359E+01,0.6637E+03,0.3512E+02,0.7204E+02,0.7115E+03,0.1072E+03,0.2245E+04,
   73,1996,   6,0.1227E-03,0.4769E-01,0.3179E+00,0.4993E+00,0.6062E+01,0.5706E+00,0.2257E+00,0.5267E+00,0.7132E+01,0.7524E+00,0.9481E+00,
   69,1996,   6,0.1812E-01,0.7040E+01,0.7445E+01,0.2000E+01,0.2408E+02,0.2270E+01,0.9262E+00,0.2161E+01,0.2835E+02,0.3087E+01,0.7345E+01,
   20,1996,   6,0.7890E+00,0.3448E+03,0.1229E+04,0.1958E+04,0.8422E+02,0.4166E+03,0.9529E+02,0.2189E+03,0.2459E+04,0.3142E+03,0.1607E+04,
   36,1996,   6,0.0000E+00,0.0000E+00,0.0000E+00,0.0000E+00,0.0000E+00,0.0000E+00,0.0000E+00,0.0000E+00,0.0000E+00,0.0000E+00,0.0000E+00,
   16,1996,   6,0.3914E-03,0.1559E+00,0.1014E+01,0.1602E+01,0.1806E+02,0.1724E+01,0.6773E+00,0.1581E+01,0.2139E+02,0.2258E+01,0.2566E+01,
   26,1996,   6,0.3293E-01,0.1631E+02,0.2094E+02,0.1205E+02,0.3973E+02,0.5676E+01,0.8268E+00,0.2006E+01,0.5746E+02,0.2833E+01,0.5034E+02,
   30,1996,   6,0.4594E-02,0.1953E+01,0.1005E+02,0.5342E+01,0.4048E+01,0.1488E+01,0.3927E+00,0.9613E+00,0.1088E+02,0.1354E+01,0.1028E+02,
   66,1996,   6,0.0000E+00,0.0000E+00,0.0000E+00,0.0000E+00,0.0000E+00,0.0000E+00,0.0000E+00,0.0000E+00,0.0000E+00,0.0000E+00,0.0000E+00,
   24,1996,   6,0.1835E-02,0.7921E+00,0.4753E+01,0.2370E+01,0.8887E-01,0.5035E+00,0.1149E+00,0.2812E+00,0.2962E+01,0.3961E+00,0.3960E+01,
   10,1996,   6,0.4003E+01,0.1711E+04,0.1025E+04,0.5514E+03,0.1746E+03,0.1290E+03,0.3506E+02,0.7142E+02,0.8550E+03,0.1065E+03,0.1034E+05,
   19,1996,   6,0.3129E+01,0.1353E+04,0.4517E+04,0.3203E+04,0.4246E+03,0.7091E+03,0.1171E+03,0.2472E+03,0.4336E+04,0.3643E+03,0.5947E+04,
   11,1996,   6,0.9644E+00,0.4154E+03,0.1635E+04,0.1693E+04,0.6690E+02,0.3600E+03,0.5392E+02,0.1095E+03,0.2120E+04,0.1634E+03,0.2054E+04,
    0,1996,   6,0.5957E-02,0.2315E+01,0.6498E+01,0.2479E+00,0.3010E+01,0.2832E+00,0.1417E+00,0.3305E+00,0.3541E+01,0.4722E+00,0.1301E-02,
   62,1996,   6,0.0000E+00,0.0000E+00,0.0000E+00,0.0000E+00,0.0000E+00,0.0000E+00,0.0000E+00,0.0000E+00,0.0000E+00,0.0000E+00,0.0000E+00,
   92,1996,   7,0.3415E-01,0.2339E+02,0.6747E+02,0.3584E+02,0.7128E+01,0.9747E+01,0.1949E+01,0.8399E+01,0.5271E+02,0.1035E+02,0.8707E+02,
   61,1996,   7,0.8967E+00,0.6374E+03,0.2566E+03,0.9319E+03,0.4511E+03,0.1964E+03,0.9470E+01,0.9636E+02,0.1579E+04,0.1058E+03,0.8340E+03,
   86,1996,   7,0.3575E+00,0.1793E+04,0.1190E+04,0.1012E+03,0.4289E+03,0.1492E+03,0.2467E+02,0.5528E+02,0.6793E+03,0.7996E+02,0.4772E+04,
   34,1996,   7,0.2171E+02,0.1251E+05,0.4369E+04,0.7455E+04,0.1587E+05,0.2303E+04,0.6880E+02,0.2262E+03,0.2563E+05,0.2950E+03,0.1891E+05,
   64,1996,   7,0.1336E+02,0.8545E+04,0.8573E+04,0.2837E+04,0.7424E+04,0.2249E+04,0.2125E+03,0.2536E+03,0.1251E+05,0.4661E+03,0.1532E+05,
   63,1996,   7,0.0000E+00,0.0000E+00,0.0000E+00,0.0000E+00,0.0000E+00,0.0000E+00,0.0000E+00,0.0000E+00,0.0000E+00,0.0000E+00,0.0000E+00,
   59,1996,   7,0.2109E+00,0.1366E+03,0.9288E+02,0.1584E+02,0.1548E+02,0.1402E+02,0.4917E+01,0.3096E+01,0.4535E+02,0.8014E+01,0.8013E+02,
   55,1996,   7,0.4636E-01,0.3173E+02,0.4341E+01,0.4972E+00,0.2132E+02,0.1988E+01,0.4566E+00,0.6000E+01,0.2381E+02,0.6457E+01,0.8096E+01,
   65,1996,   7,0.1354E+00,0.8680E+02,0.8284E+02,0.9536E+02,0.6917E+02,0.3139E+02,0.4681E+01,0.1231E+02,0.1959E+03,0.1699E+02,0.1327E+03,
   32,1996,   7,0.7702E+00,0.5361E+03,0.8751E+02,0.1895E+02,0.8666E+02,0.3310E+02,0.6498E+01,0.5104E+02,0.1387E+03,0.5753E+02,0.1069E+03,
   53,1996,   7,0.1930E-01,0.1071E+02,0.2839E+01,0.1139E+01,0.1538E+01,0.2749E+01,0.9927E+00,0.9556E+00,0.5426E+01,0.1948E+01,0.6485E+01,
   47,1996,   7,0.0000E+00,0.0000E+00,0.0000E+00,0.0000E+00,0.0000E+00,0.0000E+00,0.0000E+00,0.0000E+00,0.0000E+00,0.0000E+00,0.0000E+00,
   81,1996,   7,0.0000E+00,0.0000E+00,0.0000E+00,0.0000E+00,0.0000E+00,0.0000E+00,0.0000E+00,0.0000E+00,0.0000E+00,0.0000E+00,0.0000E+00,
   82,1996,   7,0.4383E-01,0.3028E+02,0.0000E+00,0.0000E+00,0.0000E+00,0.1892E+01,0.0000E+00,0.1892E+02,0.1892E+01,0.1892E+02,0.3028E+02,
   79,1996,   7,0.3454E-02,0.1789E+01,0.8947E+01,0.2672E+01,0.1002E+00,0.5677E+00,0.5190E+00,0.1270E+01,0.3340E+01,0.1789E+01,0.4474E+01,
   77,1996,   7,0.8420E+00,0.4612E+03,0.1886E+04,0.1290E+03,0.7618E+02,0.2851E+03,0.7831E+02,0.4383E+02,0.4903E+03,0.1221E+03,0.5402E+04,
   85,1996,   7,0.4444E+00,0.2375E+03,0.1093E+04,0.3202E+03,0.6786E+02,0.1520E+03,0.2287E+02,0.3499E+02,0.5400E+03,0.5786E+02,0.2347E+04,
   52,1996,   7,0.0000E+00,0.0000E+00,0.0000E+00,0.0000E+00,0.0000E+00,0.0000E+00,0.0000E+00,0.0000E+00,0.0000E+00,0.0000E+00,0.0000E+00,
   56,1996,   7,0.2320E-01,0.9013E+01,0.8612E+02,0.2804E+01,0.2203E+01,0.1101E+02,0.1602E+01,0.4006E+00,0.1602E+02,0.2003E+01,0.2604E+03,
   87,1996,   7,0.0000E+00,0.0000E+00,0.0000E+00,0.0000E+00,0.0000E+00,0.0000E+00,0.0000E+00,0.0000E+00,0.0000E+00,0.0000E+00,0.0000E+00,
   44,1996,   7,0.0000E+00,0.0000E+00,0.0000E+00,0.0000E+00,0.0000E+00,0.0000E+00,0.0000E+00,0.0000E+00,0.0000E+00,0.0000E+00,0.0000E+00,
   41,1996,   7,0.0000E+00,0.0000E+00,0.0000E+00,0.0000E+00,0.0000E+00,0.0000E+00,0.0000E+00,0.0000E+00,0.0000E+00,0.0000E+00,0.0000E+00,
   49,1996,   7,0.1666E-02,0.1055E+01,0.2801E+01,0.1943E+01,0.2200E+00,0.4257E+00,0.6904E-01,0.3624E+00,0.2589E+01,0.4315E+00,0.1976E+01,
   91,1996,   7,0.4539E-01,0.2546E+02,0.2644E+02,0.2201E+02,0.3205E+02,0.5582E+01,0.7808E+01,0.3184E+01,0.5964E+02,0.1099E+02,0.4676E+02,
   51,1996,   7,0.3682E-02,0.3306E+01,0.5405E+01,0.4295E+01,0.4864E+00,0.9410E+00,0.1526E+00,0.8012E+00,0.5722E+01,0.9538E+00,0.7630E+01,
   68,1996,   7,0.0000E+00,0.0000E+00,0.0000E+00,0.0000E+00,0.0000E+00,0.0000E+00,0.0000E+00,0.0000E+00,0.0000E+00,0.0000E+00,0.0000E+00,
   54,1996,   7,0.1490E+00,0.1094E+03,0.1673E+03,0.9291E+02,0.5649E+02,0.2689E+02,0.4633E+01,0.3719E+02,0.1763E+03,0.4182E+02,0.1287E+03,
   33,1996,   7,0.0000E+00,0.0000E+00,0.0000E+00,0.0000E+00,0.0000E+00,0.0000E+00,0.0000E+00,0.0000E+00,0.0000E+00,0.0000E+00,0.0000E+00,
   80,1996,   7,0.0000E+00,0.0000E+00,0.0000E+00,0.0000E+00,0.0000E+00,0.0000E+00,0.0000E+00,0.0000E+00,0.0000E+00,0.0000E+00,0.0000E+00,
   50,1996,   7,0.0000E+00,0.0000E+00,0.0000E+00,0.0000E+00,0.0000E+00,0.0000E+00,0.0000E+00,0.0000E+00,0.0000E+00,0.0000E+00,0.0000E+00,
   58,1996,   7,0.7216E-01,0.4131E+02,0.2604E+02,0.2450E+01,0.3602E+02,0.4527E+01,0.4709E+00,0.8884E+00,0.4299E+02,0.1359E+01,0.2755E+02,
   17,1996,   7,0.4132E+00,0.1814E+03,0.1282E+04,0.7739E+02,0.6492E+02,0.1791E+03,0.2841E+02,0.3135E+02,0.3214E+03,0.5976E+02,0.3796E+04,
   95,1996,   7,0.1067E-01,0.6232E+01,0.2433E+02,0.1243E+02,0.1414E+01,0.2723E+01,0.3297E+00,0.1728E+01,0.1656E+02,0.2058E+01,0.3044E+02,
   90,1996,   7,0.0000E+00,0.0000E+00,0.0000E+00,0.0000E+00,0.0000E+00,0.0000E+00,0.0000E+00,0.0000E+00,0.0000E+00,0.0000E+00,0.0000E+00,
   15,1996,   7,0.0000E+00,0.0000E+00,0.0000E+00,0.0000E+00,0.0000E+00,0.0000E+00,0.0000E+00,0.0000E+00,0.0000E+00,0.0000E+00,0.0000E+00,
   14,1996,   7,0.4135E-01,0.1785E+02,0.3068E+02,0.2059E+02,0.1768E+03,0.1790E+02,0.1627E+02,0.3978E+02,0.2153E+03,0.5605E+02,0.2903E+02,
   31,1996,   7,0.5724E+00,0.2530E+03,0.6824E+03,0.2544E+03,0.2920E+02,0.5598E+02,0.1956E+02,0.4192E+02,0.3396E+03,0.6148E+02,0.1196E+04,
   12,1996,   7,0.1717E-01,0.7116E+01,0.2703E+02,0.1496E+02,0.1301E+02,0.4327E+01,0.1410E+01,0.3452E+01,0.3230E+02,0.4862E+01,0.5741E+02,
   23,1996,   7,0.1414E-01,0.5530E+01,0.5297E+01,0.1052E+01,0.1648E+01,0.3489E+00,0.1193E+00,0.2851E+00,0.3048E+01,0.4044E+00,0.6531E+02,
   25,1996,   7,0.9564E+01,0.7206E+04,0.1669E+05,0.9609E+04,0.2235E+04,0.2233E+04,0.3193E+03,0.6518E+03,0.1408E+05,0.9711E+03,0.2529E+05,
   18,1996,   7,0.2390E-01,0.7991E+02,0.3404E+03,0.1132E+03,0.6852E+02,0.3847E+02,0.3115E+01,0.8383E+01,0.2201E+03,0.1150E+02,0.2833E+03,
    4,1996,   7,0.4377E-01,0.1709E+02,0.5812E+01,0.1687E+01,0.4061E+01,0.6658E+00,0.3391E+00,0.9005E+00,0.6415E+01,0.1240E+01,0.1326E+03,
   74,1996,   7,0.8935E+00,0.3847E+03,0.1651E+04,0.4610E+02,0.1271E+02,0.8089E+03,0.3555E+02,0.7299E+02,0.8677E+03,0.1085E+03,0.2263E+04,
   73,1996,   7,0.1227E-03,0.4769E-01,0.3179E+00,0.4993E+00,0.6062E+01,0.5706E+00,0.2257E+00,0.5267E+00,0.7132E+01,0.7524E+00,0.9481E+00,
   69,1996,   7,0.1812E-01,0.7040E+01,0.7445E+01,0.2000E+01,0.2408E+02,0.2270E+01,0.9262E+00,0.2161E+01,0.2835E+02,0.3087E+01,0.7345E+01,
   20,1996,   7,0.8311E+00,0.3630E+03,0.1292E+04,0.1957E+04,0.8418E+02,0.4164E+03,0.8804E+02,0.1994E+03,0.2458E+04,0.2875E+03,0.1617E+04,
   36,1996,   7,0.0000E+00,0.0000E+00,0.0000E+00,0.0000E+00,0.0000E+00,0.0000E+00,0.0000E+00,0.0000E+00,0.0000E+00,0.0000E+00,0.0000E+00,
   16,1996,   7,0.3914E-03,0.1559E+00,0.1014E+01,0.1602E+01,0.1806E+02,0.1724E+01,0.6773E+00,0.1581E+01,0.2139E+02,0.2258E+01,0.2566E+01,
   26,1996,   7,0.3293E-01,0.1631E+02,0.2094E+02,0.1205E+02,0.3973E+02,0.5676E+01,0.8268E+00,0.2006E+01,0.5746E+02,0.2833E+01,0.5034E+02,
   30,1996,   7,0.2305E-01,0.9920E+01,0.4191E+02,0.2918E+02,0.4942E+01,0.6553E+01,0.1548E+01,0.3790E+01,0.4067E+02,0.5338E+01,0.5011E+02,
   66,1996,   7,0.0000E+00,0.0000E+00,0.0000E+00,0.0000E+00,0.0000E+00,0.0000E+00,0.0000E+00,0.0000E+00,0.0000E+00,0.0000E+00,0.0000E+00,
   24,1996,   7,0.1835E-02,0.7921E+00,0.4753E+01,0.2370E+01,0.8887E-01,0.5035E+00,0.1149E+00,0.2812E+00,0.2962E+01,0.3961E+00,0.3960E+01,
   10,1996,   7,0.4069E+01,0.1739E+04,0.8291E+03,0.4740E+03,0.6995E+02,0.1047E+03,0.2202E+02,0.4494E+02,0.6487E+03,0.6696E+02,0.1051E+05,
   19,1996,   7,0.3527E+01,0.1524E+04,0.5223E+04,0.3022E+04,0.4397E+03,0.6706E+03,0.1412E+03,0.3114E+03,0.4133E+04,0.4526E+03,0.6829E+04,
   11,1996,   7,0.1041E+01,0.4485E+03,0.1767E+04,0.1690E+04,0.6678E+02,0.3593E+03,0.5829E+02,0.1184E+03,0.2116E+04,0.1767E+03,0.2219E+04,
    0,1996,   7,0.5957E-02,0.2315E+01,0.6498E+01,0.2479E+00,0.3010E+01,0.2832E+00,0.1417E+00,0.3305E+00,0.3541E+01,0.4722E+00,0.1301E-02,
   62,1996,   7,0.0000E+00,0.0000E+00,0.0000E+00,0.0000E+00,0.0000E+00,0.0000E+00,0.0000E+00,0.0000E+00,0.0000E+00,0.0000E+00,0.0000E+00,
   92,1996,   8,0.2766E-01,0.1793E+02,0.4806E+02,0.2839E+02,0.6208E+01,0.8348E+01,0.1687E+01,0.7031E+01,0.4295E+02,0.8718E+01,0.8132E+02,
   61,1996,   8,0.8611E+00,0.5851E+03,0.5618E+03,0.5811E+03,0.5303E+03,0.1315E+03,0.9260E+01,0.6907E+02,0.1243E+04,0.7833E+02,0.7318E+03,
   86,1996,   8,0.2236E+00,0.1942E+04,0.6406E+03,0.1056E+03,0.4533E+03,0.9272E+02,0.1298E+02,0.6809E+02,0.6516E+03,0.8107E+02,0.3547E+04,
   34,1996,   8,0.2101E+02,0.1181E+05,0.3764E+04,0.6947E+04,0.1566E+05,0.2088E+04,0.9535E+02,0.1827E+03,0.2470E+05,0.2780E+03,0.1611E+05,
   64,1996,   8,0.1289E+02,0.8182E+04,0.8081E+04,0.2931E+04,0.7330E+04,0.2146E+04,0.2025E+03,0.2374E+03,0.1241E+05,0.4399E+03,0.1673E+05,
   63,1996,   8,0.0000E+00,0.0000E+00,0.0000E+00,0.0000E+00,0.0000E+00,0.0000E+00,0.0000E+00,0.0000E+00,0.0000E+00,0.0000E+00,0.0000E+00,
   59,1996,   8,0.2017E+00,0.1323E+03,0.7662E+02,0.4005E+01,0.1010E+02,0.2002E+02,0.2264E+01,0.3483E+01,0.3413E+02,0.5747E+01,0.8707E+02,
   55,1996,   8,0.4373E-01,0.2989E+02,0.5420E+01,0.3688E+00,0.2397E+02,0.2731E+01,0.5555E+00,0.5677E+01,0.2707E+02,0.6233E+01,0.9365E+01,
   65,1996,   8,0.1453E+00,0.9370E+02,0.1247E+03,0.6868E+02,0.9325E+02,0.4461E+02,0.5050E+01,0.1532E+02,0.2065E+03,0.2037E+02,0.1719E+03,
   32,1996,   8,0.7545E+00,0.5193E+03,0.2392E+02,0.1834E+02,0.1064E+03,0.3170E+02,0.2684E+01,0.5640E+02,0.1564E+03,0.5909E+02,0.9493E+02,
   53,1996,   8,0.1882E-01,0.1211E+02,0.3314E+01,0.1181E+01,0.1035E+01,0.2219E+01,0.1123E+01,0.1098E+01,0.4435E+01,0.2221E+01,0.6338E+01,
   47,1996,   8,0.0000E+00,0.0000E+00,0.0000E+00,0.0000E+00,0.0000E+00,0.0000E+00,0.0000E+00,0.0000E+00,0.0000E+00,0.0000E+00,0.0000E+00,
   81,1996,   8,0.0000E+00,0.0000E+00,0.0000E+00,0.0000E+00,0.0000E+00,0.0000E+00,0.0000E+00,0.0000E+00,0.0000E+00,0.0000E+00,0.0000E+00,
   82,1996,   8,0.4383E-01,0.3028E+02,0.0000E+00,0.0000E+00,0.0000E+00,0.1892E+01,0.0000E+00,0.1892E+02,0.1892E+01,0.1892E+02,0.3028E+02,
   79,1996,   8,0.3454E-02,0.1789E+01,0.8947E+01,0.2672E+01,0.1002E+00,0.5677E+00,0.5190E+00,0.1270E+01,0.3340E+01,0.1789E+01,0.4474E+01,
   77,1996,   8,0.5004E+00,0.3350E+03,0.6998E+03,0.1031E+03,0.6046E+02,0.1137E+03,0.3007E+02,0.6325E+02,0.2773E+03,0.9331E+02,0.1861E+04,
   85,1996,   8,0.3023E+00,0.1873E+03,0.6543E+03,0.2854E+03,0.5374E+02,0.8814E+02,0.1228E+02,0.2725E+02,0.4273E+03,0.3953E+02,0.8655E+03,
   52,1996,   8,0.0000E+00,0.0000E+00,0.0000E+00,0.0000E+00,0.0000E+00,0.0000E+00,0.0000E+00,0.0000E+00,0.0000E+00,0.0000E+00,0.0000E+00,
   56,1996,   8,0.7001E-02,0.2720E+01,0.2599E+02,0.8463E+00,0.6649E+00,0.3324E+01,0.4836E+00,0.1209E+00,0.4835E+01,0.6045E+00,0.7858E+02,
   87,1996,   8,0.0000E+00,0.0000E+00,0.0000E+00,0.0000E+00,0.0000E+00,0.0000E+00,0.0000E+00,0.0000E+00,0.0000E+00,0.0000E+00,0.0000E+00,
   44,1996,   8,0.0000E+00,0.0000E+00,0.0000E+00,0.0000E+00,0.0000E+00,0.0000E+00,0.0000E+00,0.0000E+00,0.0000E+00,0.0000E+00,0.0000E+00,
   41,1996,   8,0.0000E+00,0.0000E+00,0.0000E+00,0.0000E+00,0.0000E+00,0.0000E+00,0.0000E+00,0.0000E+00,0.0000E+00,0.0000E+00,0.0000E+00,
   49,1996,   8,0.1666E-02,0.1031E+01,0.2032E+01,0.1943E+01,0.2200E+00,0.4257E+00,0.6904E-01,0.3624E+00,0.2589E+01,0.4315E+00,0.3365E+01,
   91,1996,   8,0.4188E-01,0.2409E+02,0.1442E+02,0.2286E+02,0.3029E+02,0.4633E+01,0.1242E+01,0.5540E+01,0.5778E+02,0.6782E+01,0.4344E+02,
   51,1996,   8,0.4296E-02,0.3635E+01,0.5564E+01,0.5011E+01,0.5675E+00,0.1098E+01,0.1780E+00,0.9347E+00,0.6676E+01,0.1113E+01,0.4080E+01,
   68,1996,   8,0.0000E+00,0.0000E+00,0.0000E+00,0.0000E+00,0.0000E+00,0.0000E+00,0.0000E+00,0.0000E+00,0.0000E+00,0.0000E+00,0.0000E+00,
   54,1996,   8,0.1315E+00,0.9424E+02,0.2157E+03,0.1419E+03,0.3860E+02,0.4996E+02,0.4542E+01,0.3156E+02,0.2305E+03,0.3611E+02,0.1363E+03,
   33,1996,   8,0.0000E+00,0.0000E+00,0.0000E+00,0.0000E+00,0.0000E+00,0.0000E+00,0.0000E+00,0.0000E+00,0.0000E+00,0.0000E+00,0.0000E+00,
   80,1996,   8,0.0000E+00,0.0000E+00,0.0000E+00,0.0000E+00,0.0000E+00,0.0000E+00,0.0000E+00,0.0000E+00,0.0000E+00,0.0000E+00,0.0000E+00,
   50,1996,   8,0.0000E+00,0.0000E+00,0.0000E+00,0.0000E+00,0.0000E+00,0.0000E+00,0.0000E+00,0.0000E+00,0.0000E+00,0.0000E+00,0.0000E+00,
   58,1996,   8,0.7624E-01,0.4520E+02,0.2262E+02,0.3008E+01,0.3912E+02,0.5697E+01,0.4051E+00,0.9139E+00,0.4783E+02,0.1319E+01,0.2067E+02,
   17,1996,   8,0.1904E+00,0.1045E+03,0.4386E+03,0.4291E+02,0.5581E+02,0.7394E+02,0.1266E+02,0.1929E+02,0.1727E+03,0.3195E+02,0.1282E+04,
   95,1996,   8,0.9964E-02,0.6449E+01,0.1620E+02,0.1161E+02,0.1322E+01,0.2544E+01,0.3071E+00,0.1617E+01,0.1547E+02,0.1924E+01,0.2748E+02,
   90,1996,   8,0.0000E+00,0.0000E+00,0.0000E+00,0.0000E+00,0.0000E+00,0.0000E+00,0.0000E+00,0.0000E+00,0.0000E+00,0.0000E+00,0.0000E+00,
   15,1996,   8,0.0000E+00,0.0000E+00,0.0000E+00,0.0000E+00,0.0000E+00,0.0000E+00,0.0000E+00,0.0000E+00,0.0000E+00,0.0000E+00,0.0000E+00,
   14,1996,   8,0.4368E-01,0.1885E+02,0.3093E+02,0.1577E+02,0.1175E+03,0.1233E+02,0.2346E+02,0.5740E+02,0.1456E+03,0.8086E+02,0.5598E+02,
   31,1996,   8,0.5632E+00,0.2490E+03,0.7115E+03,0.2259E+03,0.2813E+02,0.4993E+02,0.1866E+02,0.4005E+02,0.3040E+03,0.5871E+02,0.1176E+04,
   12,1996,   8,0.1857E-01,0.7721E+01,0.2959E+02,0.1685E+02,0.1308E+02,0.4727E+01,0.1529E+01,0.3743E+01,0.3465E+02,0.5271E+01,0.6057E+02,
   23,1996,   8,0.1414E-01,0.5530E+01,0.5297E+01,0.1052E+01,0.1648E+01,0.3489E+00,0.1193E+00,0.2851E+00,0.3048E+01,0.4044E+00,0.6531E+02,
   25,1996,   8,0.1349E+02,0.9218E+04,0.3303E+05,0.9297E+04,0.2657E+04,0.3936E+04,0.5614E+03,0.6607E+03,0.1589E+05,0.1222E+04,0.6944E+05,
   18,1996,   8,0.2284E-01,0.7946E+02,0.3335E+03,0.1117E+03,0.6847E+02,0.3817E+02,0.3116E+01,0.8628E+01,0.2184E+03,0.1174E+02,0.2810E+03,
    4,1996,   8,0.4429E-01,0.1732E+02,0.6721E+01,0.1808E+01,0.4066E+01,0.6914E+00,0.3720E+00,0.9811E+00,0.6565E+01,0.1353E+01,0.1337E+03,
   74,1996,   8,0.9248E+00,0.3982E+03,0.1708E+04,0.6121E+02,0.1037E+02,0.6689E+03,0.3708E+02,0.7644E+02,0.7405E+03,0.1135E+03,0.2337E+04,
   73,1996,   8,0.1227E-03,0.4769E-01,0.3179E+00,0.4993E+00,0.6062E+01,0.5706E+00,0.2257E+00,0.5267E+00,0.7132E+01,0.7524E+00,0.9481E+00,
   69,1996,   8,0.1812E-01,0.7040E+01,0.7445E+01,0.2000E+01,0.2408E+02,0.2270E+01,0.9262E+00,0.2161E+01,0.2835E+02,0.3087E+01,0.7345E+01,
   20,1996,   8,0.8546E+00,0.3731E+03,0.1390E+04,0.1639E+04,0.7224E+02,0.3487E+03,0.2798E+02,0.5964E+02,0.2060E+04,0.8761E+02,0.1736E+04,
   36,1996,   8,0.0000E+00,0.0000E+00,0.0000E+00,0.0000E+00,0.0000E+00,0.0000E+00,0.0000E+00,0.0000E+00,0.0000E+00,0.0000E+00,0.0000E+00,
   16,1996,   8,0.3914E-03,0.1559E+00,0.1014E+01,0.1602E+01,0.1806E+02,0.1724E+01,0.6773E+00,0.1581E+01,0.2139E+02,0.2258E+01,0.2566E+01,
   26,1996,   8,0.3293E-01,0.1631E+02,0.2094E+02,0.1205E+02,0.3973E+02,0.5676E+01,0.8268E+00,0.2006E+01,0.5746E+02,0.2833E+01,0.5034E+02,
   30,1996,   8,0.4463E-02,0.1896E+01,0.9819E+01,0.5172E+01,0.4041E+01,0.1452E+01,0.3845E+00,0.9411E+00,0.1067E+02,0.1326E+01,0.9993E+01,
   66,1996,   8,0.0000E+00,0.0000E+00,0.0000E+00,0.0000E+00,0.0000E+00,0.0000E+00,0.0000E+00,0.0000E+00,0.0000E+00,0.0000E+00,0.0000E+00,
   24,1996,   8,0.1835E-02,0.7921E+00,0.4753E+01,0.2370E+01,0.8887E-01,0.5035E+00,0.1149E+00,0.2812E+00,0.2962E+01,0.3961E+00,0.3960E+01,
   10,1996,   8,0.4198E+01,0.1795E+04,0.9265E+03,0.3812E+03,0.8978E+02,0.8680E+02,0.2499E+02,0.5096E+02,0.5578E+03,0.7594E+02,0.1083E+05,
   19,1996,   8,0.3574E+01,0.1544E+04,0.5309E+04,0.2223E+04,0.4095E+03,0.5006E+03,0.1214E+03,0.2565E+03,0.3133E+04,0.3778E+03,0.6931E+04,
   11,1996,   8,0.9978E+00,0.4298E+03,0.1692E+04,0.1483E+04,0.5903E+02,0.3154E+03,0.5582E+02,0.1134E+03,0.1857E+04,0.1692E+03,0.2126E+04,
    0,1996,   8,0.5957E-02,0.2315E+01,0.6498E+01,0.2479E+00,0.3010E+01,0.2832E+00,0.1417E+00,0.3305E+00,0.3541E+01,0.4722E+00,0.1301E-02,
   62,1996,   8,0.0000E+00,0.0000E+00,0.0000E+00,0.0000E+00,0.0000E+00,0.0000E+00,0.0000E+00,0.0000E+00,0.0000E+00,0.0000E+00,0.0000E+00,
   92,1996,   9,0.3007E-01,0.1942E+02,0.8197E+02,0.3100E+02,0.6627E+01,0.8548E+01,0.1775E+01,0.7486E+01,0.4618E+02,0.9261E+01,0.1223E+03,
   61,1996,   9,0.8399E+00,0.5912E+03,0.5217E+03,0.6519E+03,0.4218E+03,0.2200E+03,0.1883E+02,0.5617E+02,0.1294E+04,0.7501E+02,0.8238E+03,
   86,1996,   9,0.1394E+00,0.2022E+04,0.4860E+03,0.8806E+02,0.4926E+03,0.5082E+02,0.1001E+02,0.4578E+02,0.6314E+03,0.5579E+02,0.2839E+04,
   34,1996,   9,0.2359E+02,0.1232E+05,0.5636E+04,0.6839E+04,0.1644E+05,0.2314E+04,0.1547E+03,0.1948E+03,0.2559E+05,0.3495E+03,0.1935E+05,
   64,1996,   9,0.1322E+02,0.8295E+04,0.5486E+04,0.3970E+04,0.7247E+04,0.1657E+04,0.2211E+03,0.2905E+03,0.1287E+05,0.5115E+03,0.1626E+05,
   63,1996,   9,0.0000E+00,0.0000E+00,0.0000E+00,0.0000E+00,0.0000E+00,0.0000E+00,0.0000E+00,0.0000E+00,0.0000E+00,0.0000E+00,0.0000E+00,
   59,1996,   9,0.1992E+00,0.1324E+03,0.7911E+02,0.9803E+01,0.1290E+02,0.1788E+02,0.3784E+01,0.6363E+01,0.4059E+02,0.1015E+02,0.6879E+02,
   55,1996,   9,0.4707E-01,0.3145E+02,0.6097E+01,0.1854E+01,0.1853E+02,0.3213E+01,0.9582E+00,0.5968E+01,0.2360E+02,0.6926E+01,0.8910E+01,
   65,1996,   9,0.1263E+00,0.8114E+02,0.1146E+03,0.6463E+02,0.8116E+02,0.4623E+02,0.5765E+01,0.1267E+02,0.1920E+03,0.1843E+02,0.1617E+03,
   32,1996,   9,0.7768E+00,0.5602E+03,0.8779E+02,0.1922E+02,0.1065E+03,0.3286E+02,0.9011E+01,0.5139E+02,0.1586E+03,0.6040E+02,0.9696E+02,
   53,1996,   9,0.2267E-01,0.1464E+02,0.5838E+01,0.1363E+01,0.3874E+01,0.3811E+01,0.7900E+00,0.1529E+01,0.9049E+01,0.2319E+01,0.7612E+01,
   47,1996,   9,0.0000E+00,0.0000E+00,0.0000E+00,0.0000E+00,0.0000E+00,0.0000E+00,0.0000E+00,0.0000E+00,0.0000E+00,0.0000E+00,0.0000E+00,
   81,1996,   9,0.0000E+00,0.0000E+00,0.0000E+00,0.0000E+00,0.0000E+00,0.0000E+00,0.0000E+00,0.0000E+00,0.0000E+00,0.0000E+00,0.0000E+00,
   82,1996,   9,0.4383E-01,0.3028E+02,0.0000E+00,0.0000E+00,0.0000E+00,0.1892E+01,0.0000E+00,0.1892E+02,0.1892E+01,0.1892E+02,0.3028E+02,
   79,1996,   9,0.3454E-02,0.1789E+01,0.8947E+01,0.2672E+01,0.1002E+00,0.5677E+00,0.5190E+00,0.1270E+01,0.3340E+01,0.1789E+01,0.4474E+01,
   77,1996,   9,0.3481E+00,0.2526E+03,0.1576E+03,0.2044E+03,0.1843E+02,0.4793E+02,0.3080E+02,0.1298E+03,0.2708E+03,0.1606E+03,0.3553E+03,
   85,1996,   9,0.2415E+00,0.1685E+03,0.4237E+03,0.2712E+03,0.4771E+02,0.6071E+02,0.7949E+01,0.2408E+02,0.3796E+03,0.3203E+02,0.2803E+03,
   52,1996,   9,0.0000E+00,0.0000E+00,0.0000E+00,0.0000E+00,0.0000E+00,0.0000E+00,0.0000E+00,0.0000E+00,0.0000E+00,0.0000E+00,0.0000E+00,
   56,1996,   9,0.0000E+00,0.0000E+00,0.0000E+00,0.0000E+00,0.0000E+00,0.0000E+00,0.0000E+00,0.0000E+00,0.0000E+00,0.0000E+00,0.0000E+00,
   87,1996,   9,0.0000E+00,0.0000E+00,0.0000E+00,0.0000E+00,0.0000E+00,0.0000E+00,0.0000E+00,0.0000E+00,0.0000E+00,0.0000E+00,0.0000E+00,
   44,1996,   9,0.0000E+00,0.0000E+00,0.0000E+00,0.0000E+00,0.0000E+00,0.0000E+00,0.0000E+00,0.0000E+00,0.0000E+00,0.0000E+00,0.0000E+00,
   41,1996,   9,0.0000E+00,0.0000E+00,0.0000E+00,0.0000E+00,0.0000E+00,0.0000E+00,0.0000E+00,0.0000E+00,0.0000E+00,0.0000E+00,0.0000E+00,
   49,1996,   9,0.2498E-02,0.1679E+01,0.2017E+01,0.2915E+01,0.3301E+00,0.6385E+00,0.1036E+00,0.5436E+00,0.3883E+01,0.6472E+00,0.2623E+01,
   91,1996,   9,0.4250E-01,0.2451E+02,0.1368E+02,0.1876E+02,0.3172E+02,0.5129E+01,0.6558E+01,0.2823E+01,0.5561E+02,0.9381E+01,0.4253E+02,
   51,1996,   9,0.4734E-02,0.4169E+01,0.4088E+01,0.5522E+01,0.6254E+00,0.1210E+01,0.1962E+00,0.1030E+01,0.7358E+01,0.1226E+01,0.4496E+01,
   68,1996,   9,0.0000E+00,0.0000E+00,0.0000E+00,0.0000E+00,0.0000E+00,0.0000E+00,0.0000E+00,0.0000E+00,0.0000E+00,0.0000E+00,0.0000E+00,
   54,1996,   9,0.1398E+00,0.9779E+02,0.3139E+03,0.1316E+03,0.3199E+02,0.4467E+02,0.3623E+01,0.2330E+02,0.2083E+03,0.2692E+02,0.1570E+03,
   33,1996,   9,0.0000E+00,0.0000E+00,0.0000E+00,0.0000E+00,0.0000E+00,0.0000E+00,0.0000E+00,0.0000E+00,0.0000E+00,0.0000E+00,0.0000E+00,
   80,1996,   9,0.0000E+00,0.0000E+00,0.0000E+00,0.0000E+00,0.0000E+00,0.0000E+00,0.0000E+00,0.0000E+00,0.0000E+00,0.0000E+00,0.0000E+00,
   50,1996,   9,0.0000E+00,0.0000E+00,0.0000E+00,0.0000E+00,0.0000E+00,0.0000E+00,0.0000E+00,0.0000E+00,0.0000E+00,0.0000E+00,0.0000E+00,
   58,1996,   9,0.7439E-01,0.4507E+02,0.2429E+02,0.2843E+01,0.4764E+02,0.1864E+01,0.6666E+00,0.8246E+00,0.5235E+02,0.1491E+01,0.2012E+02,
   17,1996,   9,0.1138E+00,0.6918E+02,0.1191E+03,0.2311E+02,0.4295E+02,0.2235E+02,0.6255E+01,0.2255E+02,0.8840E+02,0.2881E+02,0.2845E+03,
   95,1996,   9,0.8824E-02,0.6349E+01,0.1701E+02,0.1028E+02,0.1171E+01,0.2252E+01,0.2380E+00,0.1253E+01,0.1370E+02,0.1491E+01,0.2591E+02,
   90,1996,   9,0.0000E+00,0.0000E+00,0.0000E+00,0.0000E+00,0.0000E+00,0.0000E+00,0.0000E+00,0.0000E+00,0.0000E+00,0.0000E+00,0.0000E+00,
   15,1996,   9,0.0000E+00,0.0000E+00,0.0000E+00,0.0000E+00,0.0000E+00,0.0000E+00,0.0000E+00,0.0000E+00,0.0000E+00,0.0000E+00,0.0000E+00,
   14,1996,   9,0.4355E-01,0.1879E+02,0.3104E+02,0.1562E+02,0.1157E+03,0.1217E+02,0.1636E+02,0.4003E+02,0.1435E+03,0.5639E+02,0.4000E+02,
   31,1996,   9,0.5614E+00,0.2483E+03,0.7317E+03,0.2578E+03,0.2932E+02,0.5670E+02,0.1871E+02,0.4010E+02,0.3438E+03,0.5881E+02,0.1173E+04,
   12,1996,   9,0.1642E-01,0.6794E+01,0.2559E+02,0.1392E+02,0.1297E+02,0.4105E+01,0.1328E+01,0.3252E+01,0.3100E+02,0.4580E+01,0.5565E+02,
   23,1996,   9,0.1414E-01,0.5530E+01,0.5297E+01,0.1052E+01,0.1648E+01,0.3489E+00,0.1193E+00,0.2851E+00,0.3048E+01,0.4044E+00,0.6531E+02,
   25,1996,   9,0.9558E+01,0.7291E+04,0.1628E+05,0.9348E+04,0.2334E+04,0.2176E+04,0.2549E+03,0.5209E+03,0.1386E+05,0.7758E+03,0.2533E+05,
   18,1996,   9,0.2271E-01,0.7940E+02,0.3372E+03,0.1125E+03,0.6849E+02,0.3833E+02,0.2970E+01,0.8087E+01,0.2193E+03,0.1106E+02,0.2808E+03,
    4,1996,   9,0.4403E-01,0.1721E+02,0.6266E+01,0.2901E+01,0.4107E+01,0.9236E+00,0.3555E+00,0.9408E+00,0.7931E+01,0.1296E+01,0.1331E+03,
   74,1996,   9,0.8931E+00,0.3846E+03,0.1647E+04,0.5330E+02,0.1020E+02,0.8740E+03,0.3574E+02,0.7353E+02,0.9375E+03,0.1093E+03,0.2258E+04,
   73,1996,   9,0.1227E-03,0.4769E-01,0.3179E+00,0.4993E+00,0.6062E+01,0.5706E+00,0.2257E+00,0.5267E+00,0.7132E+01,0.7524E+00,0.9481E+00,
   69,1996,   9,0.1812E-01,0.7040E+01,0.7445E+01,0.2000E+01,0.2408E+02,0.2270E+01,0.9262E+00,0.2161E+01,0.2835E+02,0.3087E+01,0.7345E+01,
   20,1996,   9,0.7932E+00,0.3466E+03,0.1275E+04,0.1574E+04,0.6982E+02,0.3350E+03,0.2732E+02,0.5882E+02,0.1979E+04,0.8614E+02,0.1618E+04,
   36,1996,   9,0.0000E+00,0.0000E+00,0.0000E+00,0.0000E+00,0.0000E+00,0.0000E+00,0.0000E+00,0.0000E+00,0.0000E+00,0.0000E+00,0.0000E+00,
   16,1996,   9,0.3914E-03,0.1559E+00,0.1014E+01,0.1602E+01,0.1806E+02,0.1724E+01,0.6773E+00,0.1581E+01,0.2139E+02,0.2258E+01,0.2566E+01,
   26,1996,   9,0.3293E-01,0.1631E+02,0.2094E+02,0.1205E+02,0.3973E+02,0.5676E+01,0.8268E+00,0.2006E+01,0.5746E+02,0.2833E+01,0.5034E+02,
   30,1996,   9,0.4287E-02,0.1820E+01,0.9516E+01,0.4946E+01,0.4033E+01,0.1404E+01,0.3735E+00,0.9143E+00,0.1038E+02,0.1288E+01,0.9615E+01,
   66,1996,   9,0.0000E+00,0.0000E+00,0.0000E+00,0.0000E+00,0.0000E+00,0.0000E+00,0.0000E+00,0.0000E+00,0.0000E+00,0.0000E+00,0.0000E+00,
   24,1996,   9,0.1835E-02,0.7921E+00,0.4753E+01,0.2370E+01,0.8887E-01,0.5035E+00,0.1149E+00,0.2812E+00,0.2962E+01,0.3961E+00,0.3960E+01,
   10,1996,   9,0.4382E+01,0.1874E+04,0.1045E+04,0.4755E+03,0.1512E+03,0.1113E+03,0.2351E+02,0.4796E+02,0.7380E+03,0.7147E+02,0.1131E+05,
   19,1996,   9,0.3173E+01,0.1372E+04,0.4621E+04,0.2278E+04,0.4114E+03,0.5118E+03,0.1210E+03,0.2559E+03,0.3201E+04,0.3768E+03,0.6073E+04,
   11,1996,   9,0.9285E+00,0.3999E+03,0.1573E+04,0.1566E+04,0.6213E+02,0.3329E+03,0.2604E+02,0.5293E+02,0.1961E+04,0.7897E+02,0.1976E+04,
    0,1996,   9,0.5957E-02,0.2315E+01,0.6498E+01,0.2479E+00,0.3010E+01,0.2832E+00,0.1417E+00,0.3305E+00,0.3541E+01,0.4722E+00,0.1301E-02,
   62,1996,   9,0.0000E+00,0.0000E+00,0.0000E+00,0.0000E+00,0.0000E+00,0.0000E+00,0.0000E+00,0.0000E+00,0.0000E+00,0.0000E+00,0.0000E+00,
   92,1996,  10,0.3248E-01,0.2882E+02,0.9796E+02,0.3395E+02,0.6878E+01,0.9441E+01,0.1883E+01,0.8057E+01,0.5027E+02,0.9940E+01,0.1541E+03,
   61,1996,  10,0.8732E+00,0.6638E+03,0.2278E+03,0.6646E+03,0.6486E+03,0.3030E+03,0.7901E+01,0.6362E+02,0.1616E+04,0.7152E+02,0.8357E+03,
   86,1996,  10,0.1785E+00,0.1094E+04,0.4822E+03,0.7861E+02,0.3265E+03,0.8556E+02,0.1359E+02,0.6245E+02,0.4907E+03,0.7604E+02,0.1826E+04,
   34,1996,  10,0.2256E+02,0.1395E+05,0.4232E+04,0.7198E+04,0.1774E+05,0.2339E+04,0.6914E+02,0.1408E+03,0.2728E+05,0.2099E+03,0.1482E+05,
   64,1996,  10,0.1227E+02,0.7934E+04,0.8932E+04,0.3679E+04,0.5949E+04,0.2687E+04,0.1936E+03,0.2554E+03,0.1231E+05,0.4490E+03,0.1381E+05,
   63,1996,  10,0.0000E+00,0.0000E+00,0.0000E+00,0.0000E+00,0.0000E+00,0.0000E+00,0.0000E+00,0.0000E+00,0.0000E+00,0.0000E+00,0.0000E+00,
   59,1996,  10,0.2011E+00,0.1389E+03,0.1372E+03,0.3908E+02,0.1372E+02,0.2275E+02,0.1563E+01,0.6774E+01,0.7555E+02,0.8337E+01,0.8858E+02,
   55,1996,  10,0.4667E-01,0.3310E+02,0.1004E+02,0.1064E+01,0.2245E+02,0.4427E+01,0.4374E+00,0.4420E+01,0.2795E+02,0.4858E+01,0.9787E+01,
   65,1996,  10,0.1358E+00,0.9673E+02,0.7009E+02,0.7042E+02,0.7914E+02,0.4415E+02,0.2179E+01,0.1658E+02,0.1937E+03,0.1876E+02,0.2690E+03,
   32,1996,  10,0.7981E+00,0.5955E+03,0.1550E+03,0.2584E+02,0.9430E+02,0.3352E+02,0.9152E+01,0.4608E+02,0.1537E+03,0.5523E+02,0.1253E+03,
   53,1996,  10,0.2136E-01,0.1467E+02,0.3682E+01,0.1503E+01,0.2946E+01,0.2872E+01,0.7435E+00,0.7130E+00,0.7321E+01,0.1457E+01,0.1071E+02,
   47,1996,  10,0.0000E+00,0.0000E+00,0.0000E+00,0.0000E+00,0.0000E+00,0.0000E+00,0.0000E+00,0.0000E+00,0.0000E+00,0.0000E+00,0.0000E+00,
   81,1996,  10,0.0000E+00,0.0000E+00,0.0000E+00,0.0000E+00,0.0000E+00,0.0000E+00,0.0000E+00,0.0000E+00,0.0000E+00,0.0000E+00,0.0000E+00,
   82,1996,  10,0.4383E-01,0.3028E+02,0.0000E+00,0.0000E+00,0.0000E+00,0.1892E+01,0.0000E+00,0.1892E+02,0.1892E+01,0.1892E+02,0.3028E+02,
   79,1996,  10,0.3454E-02,0.1789E+01,0.8947E+01,0.2672E+01,0.1002E+00,0.5677E+00,0.5190E+00,0.1270E+01,0.3340E+01,0.1789E+01,0.4474E+01,
   77,1996,  10,0.3480E+00,0.2670E+03,0.1514E+03,0.6544E+02,0.1030E+03,0.4804E+02,0.2418E+03,0.5013E+02,0.2165E+03,0.2919E+03,0.2804E+03,
   85,1996,  10,0.2359E+00,0.1711E+03,0.4993E+03,0.2647E+03,0.4698E+02,0.5930E+02,0.7442E+01,0.2320E+02,0.3710E+03,0.3064E+02,0.2688E+03,
   52,1996,  10,0.0000E+00,0.0000E+00,0.0000E+00,0.0000E+00,0.0000E+00,0.0000E+00,0.0000E+00,0.0000E+00,0.0000E+00,0.0000E+00,0.0000E+00,
   56,1996,  10,0.0000E+00,0.0000E+00,0.0000E+00,0.0000E+00,0.0000E+00,0.0000E+00,0.0000E+00,0.0000E+00,0.0000E+00,0.0000E+00,0.0000E+00,
   87,1996,  10,0.0000E+00,0.0000E+00,0.0000E+00,0.0000E+00,0.0000E+00,0.0000E+00,0.0000E+00,0.0000E+00,0.0000E+00,0.0000E+00,0.0000E+00,
   44,1996,  10,0.0000E+00,0.0000E+00,0.0000E+00,0.0000E+00,0.0000E+00,0.0000E+00,0.0000E+00,0.0000E+00,0.0000E+00,0.0000E+00,0.0000E+00,
   41,1996,  10,0.0000E+00,0.0000E+00,0.0000E+00,0.0000E+00,0.0000E+00,0.0000E+00,0.0000E+00,0.0000E+00,0.0000E+00,0.0000E+00,0.0000E+00,
   49,1996,  10,0.1929E-02,0.1536E+01,0.4701E+01,0.2250E+01,0.2548E+00,0.4929E+00,0.7994E-01,0.4197E+00,0.2997E+01,0.4996E+00,0.2710E+01,
   91,1996,  10,0.4320E-01,0.2501E+02,0.1675E+02,0.1956E+02,0.3180E+02,0.5248E+01,0.6823E+01,0.2919E+01,0.5660E+02,0.9742E+01,0.4285E+02,
   51,1996,  10,0.4471E-02,0.4015E+01,0.2316E+01,0.5215E+01,0.5906E+00,0.1143E+01,0.1853E+00,0.9728E+00,0.6949E+01,0.1158E+01,0.2702E+01,
   68,1996,  10,0.0000E+00,0.0000E+00,0.0000E+00,0.0000E+00,0.0000E+00,0.0000E+00,0.0000E+00,0.0000E+00,0.0000E+00,0.0000E+00,0.0000E+00,
   54,1996,  10,0.1556E+00,0.1182E+03,0.2553E+03,0.1666E+03,0.4703E+02,0.4971E+02,0.2244E+02,0.3896E+02,0.2633E+03,0.6140E+02,0.1747E+03,
   33,1996,  10,0.0000E+00,0.0000E+00,0.0000E+00,0.0000E+00,0.0000E+00,0.0000E+00,0.0000E+00,0.0000E+00,0.0000E+00,0.0000E+00,0.0000E+00,
   80,1996,  10,0.0000E+00,0.0000E+00,0.0000E+00,0.0000E+00,0.0000E+00,0.0000E+00,0.0000E+00,0.0000E+00,0.0000E+00,0.0000E+00,0.0000E+00,
   50,1996,  10,0.0000E+00,0.0000E+00,0.0000E+00,0.0000E+00,0.0000E+00,0.0000E+00,0.0000E+00,0.0000E+00,0.0000E+00,0.0000E+00,0.0000E+00,
   58,1996,  10,0.7045E-01,0.4312E+02,0.1283E+02,0.2772E+01,0.4537E+02,0.3415E+01,0.1887E+00,0.1327E+01,0.5155E+02,0.1516E+01,0.2168E+02,
   17,1996,  10,0.1149E+00,0.8030E+02,0.1274E+03,0.3024E+02,0.3876E+02,0.4310E+02,0.6782E+01,0.2673E+02,0.1121E+03,0.3351E+02,0.3012E+03,
   95,1996,  10,0.1097E-01,0.9039E+01,0.1293E+02,0.1278E+02,0.1455E+01,0.2801E+01,0.2991E+00,0.1559E+01,0.1704E+02,0.1858E+01,0.2289E+02,
   90,1996,  10,0.0000E+00,0.0000E+00,0.0000E+00,0.0000E+00,0.0000E+00,0.0000E+00,0.0000E+00,0.0000E+00,0.0000E+00,0.0000E+00,0.0000E+00,
   15,1996,  10,0.0000E+00,0.0000E+00,0.0000E+00,0.0000E+00,0.0000E+00,0.0000E+00,0.0000E+00,0.0000E+00,0.0000E+00,0.0000E+00,0.0000E+00,
   14,1996,  10,0.4412E-01,0.1904E+02,0.2829E+02,0.1518E+02,0.1117E+03,0.1177E+02,0.2057E+02,0.5031E+02,0.1387E+03,0.7088E+02,0.4248E+02,
   31,1996,  10,0.6405E+00,0.2824E+03,0.8324E+03,0.3019E+03,0.3098E+02,0.6608E+02,0.1948E+02,0.4184E+02,0.3990E+03,0.6132E+02,0.1343E+04,
   12,1996,  10,0.1787E-01,0.7418E+01,0.2784E+02,0.1566E+02,0.1304E+02,0.4475E+01,0.1362E+01,0.3334E+01,0.3317E+02,0.4696E+01,0.5852E+02,
   23,1996,  10,0.1414E-01,0.5530E+01,0.5297E+01,0.1052E+01,0.1648E+01,0.3489E+00,0.1193E+00,0.2851E+00,0.3048E+01,0.4044E+00,0.6531E+02,
   25,1996,  10,0.9695E+01,0.6808E+04,0.1695E+05,0.9093E+04,0.2893E+04,0.2161E+04,0.2983E+03,0.6090E+03,0.1415E+05,0.9073E+03,0.2429E+05,
   18,1996,  10,0.2350E-01,0.1101E+02,0.2248E+02,0.8524E+01,0.1237E+02,0.2738E+01,0.1117E+01,0.2477E+01,0.2364E+02,0.3594E+01,0.4410E+02,
    4,1996,  10,0.4412E-01,0.1725E+02,0.6418E+01,0.1369E+01,0.4049E+01,0.5981E+00,0.3610E+00,0.9542E+00,0.6016E+01,0.1315E+01,0.1333E+03,
   74,1996,  10,0.8949E+00,0.3853E+03,0.1652E+04,0.5405E+02,0.1041E+02,0.7736E+03,0.3562E+02,0.7332E+02,0.8380E+03,0.1089E+03,0.2264E+04,
   73,1996,  10,0.1227E-03,0.4769E-01,0.3179E+00,0.4993E+00,0.6062E+01,0.5706E+00,0.2257E+00,0.5267E+00,0.7132E+01,0.7524E+00,0.9481E+00,
   69,1996,  10,0.1812E-01,0.7040E+01,0.7445E+01,0.2000E+01,0.2408E+02,0.2270E+01,0.9262E+00,0.2161E+01,0.2835E+02,0.3087E+01,0.7345E+01,
   20,1996,  10,0.8313E+00,0.3630E+03,0.1351E+04,0.1429E+04,0.6436E+02,0.3040E+03,0.4360E+02,0.9818E+02,0.1797E+04,0.1418E+03,0.1716E+04,
   36,1996,  10,0.0000E+00,0.0000E+00,0.0000E+00,0.0000E+00,0.0000E+00,0.0000E+00,0.0000E+00,0.0000E+00,0.0000E+00,0.0000E+00,0.0000E+00,
   16,1996,  10,0.3914E-03,0.1559E+00,0.1014E+01,0.1602E+01,0.1806E+02,0.1724E+01,0.6773E+00,0.1581E+01,0.2139E+02,0.2258E+01,0.2566E+01,
   26,1996,  10,0.3293E-01,0.1631E+02,0.2094E+02,0.1205E+02,0.3973E+02,0.5676E+01,0.8268E+00,0.2006E+01,0.5746E+02,0.2833E+01,0.5034E+02,
   30,1996,  10,0.4200E-02,0.1783E+01,0.9365E+01,0.4833E+01,0.4029E+01,0.1380E+01,0.3680E+00,0.9008E+00,0.1024E+02,0.1269E+01,0.9426E+01,
   66,1996,  10,0.0000E+00,0.0000E+00,0.0000E+00,0.0000E+00,0.0000E+00,0.0000E+00,0.0000E+00,0.0000E+00,0.0000E+00,0.0000E+00,0.0000E+00,
   24,1996,  10,0.1835E-02,0.7921E+00,0.4753E+01,0.2370E+01,0.8887E-01,0.5035E+00,0.1149E+00,0.2812E+00,0.2962E+01,0.3961E+00,0.3960E+01,
   10,1996,  10,0.4112E+01,0.1758E+04,0.1107E+04,0.6189E+03,0.1283E+03,0.1396E+03,0.3999E+02,0.8141E+02,0.8867E+03,0.1214E+03,0.1058E+05,
   19,1996,  10,0.3446E+01,0.1490E+04,0.5090E+04,0.2711E+04,0.4351E+03,0.6046E+03,0.1010E+03,0.2152E+03,0.3751E+04,0.3161E+03,0.6660E+04,
   11,1996,  10,0.8606E+00,0.3706E+03,0.1455E+04,0.1448E+04,0.5773E+02,0.3080E+03,0.2411E+02,0.4900E+02,0.1814E+04,0.7311E+02,0.1829E+04,
    0,1996,  10,0.5957E-02,0.2315E+01,0.6498E+01,0.2479E+00,0.3010E+01,0.2832E+00,0.1417E+00,0.3305E+00,0.3541E+01,0.4722E+00,0.1301E-02,
   62,1996,  10,0.0000E+00,0.0000E+00,0.0000E+00,0.0000E+00,0.0000E+00,0.0000E+00,0.0000E+00,0.0000E+00,0.0000E+00,0.0000E+00,0.0000E+00,
   92,1996,  11,0.3279E-01,0.2394E+02,0.9681E+02,0.3419E+02,0.6979E+01,0.9270E+01,0.1889E+01,0.8082E+01,0.5044E+02,0.9971E+01,0.1820E+03,
   61,1996,  11,0.7937E+00,0.6199E+03,0.7017E+03,0.6891E+03,0.4454E+03,0.1269E+03,0.1895E+02,0.4953E+02,0.1261E+04,0.6848E+02,0.8117E+03,
   86,1996,  11,0.1663E+00,0.9728E+03,0.3378E+03,0.1144E+03,0.3160E+03,0.6076E+02,0.3023E+02,0.3089E+02,0.4911E+03,0.6112E+02,0.1542E+04,
   34,1996,  11,0.2162E+02,0.1416E+05,0.4162E+04,0.6456E+04,0.1324E+05,0.2053E+04,0.4971E+02,0.1242E+03,0.2175E+05,0.1739E+03,0.1386E+05,
   64,1996,  11,0.1302E+02,0.9016E+04,0.6724E+04,0.4422E+04,0.6707E+04,0.2135E+04,0.1728E+03,0.2662E+03,0.1326E+05,0.4390E+03,0.1268E+05,
   63,1996,  11,0.0000E+00,0.0000E+00,0.0000E+00,0.0000E+00,0.0000E+00,0.0000E+00,0.0000E+00,0.0000E+00,0.0000E+00,0.0000E+00,0.0000E+00,
   59,1996,  11,0.1933E+00,0.1402E+03,0.2504E+03,0.8796E+02,0.5074E+02,0.7310E+02,0.2671E+01,0.1719E+02,0.2118E+03,0.1986E+02,0.7177E+02,
   55,1996,  11,0.4089E-01,0.3073E+02,0.8684E+01,0.1890E+01,0.2964E+02,0.2628E+01,0.6281E+00,0.5054E+01,0.3416E+02,0.5682E+01,0.8069E+01,
   65,1996,  11,0.1315E+00,0.1060E+03,0.8401E+02,0.7665E+02,0.8384E+02,0.5243E+02,0.5632E+01,0.1332E+02,0.2129E+03,0.1895E+02,0.2524E+03,
   32,1996,  11,0.8036E+00,0.6462E+03,0.1565E+03,0.1926E+02,0.9009E+03,0.6685E+02,0.8032E+01,0.5972E+02,0.9870E+03,0.6775E+02,0.9988E+02,
   53,1996,  11,0.1649E-01,0.1132E+02,0.4203E+01,0.2640E+01,0.4160E+01,0.2651E+01,0.4408E+00,0.5952E+00,0.9452E+01,0.1036E+01,0.8240E+01,
   47,1996,  11,0.0000E+00,0.0000E+00,0.0000E+00,0.0000E+00,0.0000E+00,0.0000E+00,0.0000E+00,0.0000E+00,0.0000E+00,0.0000E+00,0.0000E+00,
   81,1996,  11,0.0000E+00,0.0000E+00,0.0000E+00,0.0000E+00,0.0000E+00,0.0000E+00,0.0000E+00,0.0000E+00,0.0000E+00,0.0000E+00,0.0000E+00,
   82,1996,  11,0.4383E-01,0.3028E+02,0.0000E+00,0.0000E+00,0.0000E+00,0.1892E+01,0.0000E+00,0.1892E+02,0.1892E+01,0.1892E+02,0.3028E+02,
   79,1996,  11,0.3454E-02,0.1789E+01,0.8947E+01,0.2672E+01,0.1002E+00,0.5677E+00,0.5190E+00,0.1270E+01,0.3340E+01,0.1789E+01,0.4474E+01,
   77,1996,  11,0.2575E+00,0.2132E+03,0.1538E+03,0.7661E+02,0.4061E+02,0.6568E+02,0.3114E+03,0.6801E+02,0.1829E+03,0.3795E+03,0.1589E+03,
   85,1996,  11,0.2366E+00,0.1697E+03,0.4891E+03,0.2655E+03,0.4708E+02,0.5948E+02,0.9558E+01,0.2917E+02,0.3721E+03,0.3873E+02,0.2938E+03,
   52,1996,  11,0.0000E+00,0.0000E+00,0.0000E+00,0.0000E+00,0.0000E+00,0.0000E+00,0.0000E+00,0.0000E+00,0.0000E+00,0.0000E+00,0.0000E+00,
   56,1996,  11,0.0000E+00,0.0000E+00,0.0000E+00,0.0000E+00,0.0000E+00,0.0000E+00,0.0000E+00,0.0000E+00,0.0000E+00,0.0000E+00,0.0000E+00,
   87,1996,  11,0.0000E+00,0.0000E+00,0.0000E+00,0.0000E+00,0.0000E+00,0.0000E+00,0.0000E+00,0.0000E+00,0.0000E+00,0.0000E+00,0.0000E+00,
   44,1996,  11,0.0000E+00,0.0000E+00,0.0000E+00,0.0000E+00,0.0000E+00,0.0000E+00,0.0000E+00,0.0000E+00,0.0000E+00,0.0000E+00,0.0000E+00,
   41,1996,  11,0.0000E+00,0.0000E+00,0.0000E+00,0.0000E+00,0.0000E+00,0.0000E+00,0.0000E+00,0.0000E+00,0.0000E+00,0.0000E+00,0.0000E+00,
   49,1996,  11,0.1359E-02,0.1109E+01,0.6775E+00,0.1585E+01,0.1795E+00,0.3473E+00,0.5632E-01,0.2957E+00,0.2112E+01,0.3520E+00,0.8402E+00,
   91,1996,  11,0.3995E-01,0.2329E+02,0.1881E+02,0.1795E+02,0.3190E+02,0.5927E+01,0.6315E+01,0.1330E+01,0.5578E+02,0.7644E+01,0.4143E+02,
   51,1996,  11,0.3463E-02,0.2840E+01,0.2392E+01,0.4039E+01,0.4575E+00,0.8850E+00,0.1435E+00,0.7535E+00,0.5382E+01,0.8970E+00,0.2392E+01,
   68,1996,  11,0.0000E+00,0.0000E+00,0.0000E+00,0.0000E+00,0.0000E+00,0.0000E+00,0.0000E+00,0.0000E+00,0.0000E+00,0.0000E+00,0.0000E+00,
   54,1996,  11,0.1276E+00,0.9251E+02,0.2374E+03,0.8414E+02,0.9207E+02,0.4075E+02,0.1432E+01,0.2643E+02,0.2170E+03,0.2786E+02,0.1982E+03,
   33,1996,  11,0.0000E+00,0.0000E+00,0.0000E+00,0.0000E+00,0.0000E+00,0.0000E+00,0.0000E+00,0.0000E+00,0.0000E+00,0.0000E+00,0.0000E+00,
   80,1996,  11,0.0000E+00,0.0000E+00,0.0000E+00,0.0000E+00,0.0000E+00,0.0000E+00,0.0000E+00,0.0000E+00,0.0000E+00,0.0000E+00,0.0000E+00,
   50,1996,  11,0.0000E+00,0.0000E+00,0.0000E+00,0.0000E+00,0.0000E+00,0.0000E+00,0.0000E+00,0.0000E+00,0.0000E+00,0.0000E+00,0.0000E+00,
   58,1996,  11,0.6282E-01,0.3953E+02,0.1883E+02,0.2765E+01,0.3223E+02,0.1898E+01,0.4149E+00,0.9252E+00,0.3689E+02,0.1340E+01,0.1811E+02,
   17,1996,  11,0.8679E-01,0.6386E+02,0.2934E+02,0.1409E+02,0.4528E+02,0.3071E+02,0.1458E+01,0.3096E+02,0.9007E+02,0.3242E+02,0.2159E+03,
   95,1996,  11,0.9219E-02,0.8709E+01,0.6233E+01,0.1074E+02,0.1223E+01,0.2353E+01,0.2274E+00,0.1193E+01,0.1431E+02,0.1420E+01,0.8448E+01,
   90,1996,  11,0.0000E+00,0.0000E+00,0.0000E+00,0.0000E+00,0.0000E+00,0.0000E+00,0.0000E+00,0.0000E+00,0.0000E+00,0.0000E+00,0.0000E+00,
   15,1996,  11,0.0000E+00,0.0000E+00,0.0000E+00,0.0000E+00,0.0000E+00,0.0000E+00,0.0000E+00,0.0000E+00,0.0000E+00,0.0000E+00,0.0000E+00,
   14,1996,  11,0.3829E-01,0.1652E+02,0.3242E+02,0.9781E+01,0.4618E+02,0.5599E+01,0.1933E+02,0.4728E+02,0.6156E+02,0.6661E+02,0.3883E+02,
   31,1996,  11,0.5915E+00,0.2612E+03,0.6954E+03,0.2868E+03,0.3041E+02,0.6287E+02,0.1610E+02,0.3483E+02,0.3801E+03,0.5093E+02,0.1237E+04,
   12,1996,  11,0.1607E-01,0.6643E+01,0.2468E+02,0.1331E+02,0.1295E+02,0.3975E+01,0.1236E+01,0.3026E+01,0.3023E+02,0.4262E+01,0.5459E+02,
   23,1996,  11,0.1414E-01,0.5530E+01,0.5297E+01,0.1052E+01,0.1648E+01,0.3489E+00,0.1193E+00,0.2851E+00,0.3048E+01,0.4044E+00,0.6531E+02,
   25,1996,  11,0.9174E+01,0.6184E+04,0.1586E+05,0.9273E+04,0.2559E+04,0.2173E+04,0.2723E+03,0.5562E+03,0.1401E+05,0.8285E+03,0.2236E+05,
   18,1996,  11,0.2197E-01,0.1035E+02,0.2101E+02,0.8305E+01,0.1237E+02,0.2691E+01,0.1028E+01,0.2298E+01,0.2336E+02,0.3326E+01,0.4079E+02,
    4,1996,  11,0.4377E-01,0.1709E+02,0.5589E+01,0.1019E+01,0.4036E+01,0.5237E+00,0.3391E+00,0.9005E+00,0.5579E+01,0.1240E+01,0.1326E+03,
   74,1996,  11,0.8765E+00,0.3774E+03,0.1618E+04,0.4700E+02,0.1251E+02,0.8330E+03,0.3477E+02,0.7142E+02,0.8925E+03,0.1062E+03,0.2219E+04,
   73,1996,  11,0.1227E-03,0.4769E-01,0.3179E+00,0.4993E+00,0.6062E+01,0.5706E+00,0.2257E+00,0.5267E+00,0.7132E+01,0.7524E+00,0.9481E+00,
   69,1996,  11,0.1812E-01,0.7040E+01,0.7445E+01,0.2000E+01,0.2408E+02,0.2270E+01,0.9262E+00,0.2161E+01,0.2835E+02,0.3087E+01,0.7345E+01,
   20,1996,  11,0.7156E+00,0.3131E+03,0.1177E+04,0.1118E+04,0.5270E+02,0.2380E+03,0.4465E+02,0.1020E+03,0.1408E+04,0.1467E+03,0.1505E+04,
   36,1996,  11,0.0000E+00,0.0000E+00,0.0000E+00,0.0000E+00,0.0000E+00,0.0000E+00,0.0000E+00,0.0000E+00,0.0000E+00,0.0000E+00,0.0000E+00,
   16,1996,  11,0.3914E-03,0.1559E+00,0.1014E+01,0.1602E+01,0.1806E+02,0.1724E+01,0.6773E+00,0.1581E+01,0.2139E+02,0.2258E+01,0.2566E+01,
   26,1996,  11,0.3293E-01,0.1631E+02,0.2094E+02,0.1205E+02,0.3973E+02,0.5676E+01,0.8268E+00,0.2006E+01,0.5746E+02,0.2833E+01,0.5034E+02,
   30,1996,  11,0.4419E-02,0.1877E+01,0.9743E+01,0.5116E+01,0.4039E+01,0.1440E+01,0.3817E+00,0.9344E+00,0.1059E+02,0.1316E+01,0.9899E+01,
   66,1996,  11,0.0000E+00,0.0000E+00,0.0000E+00,0.0000E+00,0.0000E+00,0.0000E+00,0.0000E+00,0.0000E+00,0.0000E+00,0.0000E+00,0.0000E+00,
   24,1996,  11,0.1835E-02,0.7921E+00,0.4753E+01,0.2370E+01,0.8887E-01,0.5035E+00,0.1149E+00,0.2812E+00,0.2962E+01,0.3961E+00,0.3960E+01,
   10,1996,  11,0.4170E+01,0.1783E+04,0.1131E+04,0.7744E+03,0.1932E+03,0.1772E+03,0.3625E+02,0.7383E+02,0.1145E+04,0.1101E+03,0.1076E+05,
   19,1996,  11,0.3269E+01,0.1413E+04,0.4798E+04,0.2337E+04,0.4242E+03,0.5245E+03,0.1269E+03,0.2681E+03,0.3286E+04,0.3949E+03,0.6290E+04,
   11,1996,  11,0.8290E+00,0.3570E+03,0.1401E+04,0.1394E+04,0.5568E+02,0.2964E+03,0.4620E+02,0.9386E+02,0.1746E+04,0.1401E+03,0.1761E+04,
    0,1996,  11,0.5957E-02,0.2315E+01,0.6498E+01,0.2479E+00,0.3010E+01,0.2832E+00,0.1417E+00,0.3305E+00,0.3541E+01,0.4722E+00,0.1301E-02,
   62,1996,  11,0.0000E+00,0.0000E+00,0.0000E+00,0.0000E+00,0.0000E+00,0.0000E+00,0.0000E+00,0.0000E+00,0.0000E+00,0.0000E+00,0.0000E+00,
   92,1996,  12,0.4462E-01,0.4625E+02,0.8418E+02,0.4848E+02,0.8299E+01,0.1330E+02,0.2408E+01,0.1083E+02,0.7008E+02,0.1323E+02,0.1270E+03,
   61,1996,  12,0.9975E+00,0.8090E+03,0.8269E+03,0.6488E+03,0.5108E+03,0.1933E+03,0.2620E+02,0.5374E+02,0.1353E+04,0.7994E+02,0.9373E+03,
   86,1996,  12,0.2480E+00,0.8743E+03,0.3853E+03,0.1482E+03,0.2497E+03,0.1013E+03,0.1237E+02,0.6108E+02,0.4992E+03,0.7345E+02,0.1852E+04,
   34,1996,  12,0.2633E+02,0.1644E+05,0.1213E+05,0.6793E+04,0.1073E+05,0.3203E+04,0.1919E+03,0.2434E+03,0.2073E+05,0.4353E+03,0.4065E+05,
   64,1996,  12,0.1322E+02,0.9044E+04,0.8123E+04,0.3726E+04,0.6112E+04,0.1886E+04,0.1905E+03,0.1546E+03,0.1172E+05,0.3451E+03,0.1271E+05,
   63,1996,  12,0.0000E+00,0.0000E+00,0.0000E+00,0.0000E+00,0.0000E+00,0.0000E+00,0.0000E+00,0.0000E+00,0.0000E+00,0.0000E+00,0.0000E+00,
   59,1996,  12,0.2201E+00,0.1653E+03,0.3151E+03,0.1019E+03,0.6974E+02,0.3458E+02,0.1901E+01,0.8551E+01,0.2062E+03,0.1045E+02,0.9312E+02,
   55,1996,  12,0.6370E-01,0.5003E+02,0.1262E+02,0.4385E+01,0.3289E+02,0.2211E+01,0.1474E+01,0.3109E+01,0.3949E+02,0.4583E+01,0.1109E+02,
   65,1996,  12,0.1757E+00,0.1642E+03,0.1310E+03,0.8026E+02,0.1163E+03,0.4594E+02,0.6191E+01,0.1404E+02,0.2425E+03,0.2023E+02,0.2196E+03,
   32,1996,  12,0.8583E+00,0.7045E+03,0.2747E+02,0.4231E+02,0.9106E+03,0.7820E+02,0.3309E+01,0.5728E+02,0.1031E+04,0.6059E+02,0.1787E+03,
   53,1996,  12,0.2488E-01,0.1936E+02,0.6327E+01,0.2149E+01,0.6301E+01,0.5621E+01,0.4572E+00,0.4530E+00,0.1407E+02,0.9102E+00,0.1243E+02,
   47,1996,  12,0.0000E+00,0.0000E+00,0.0000E+00,0.0000E+00,0.0000E+00,0.0000E+00,0.0000E+00,0.0000E+00,0.0000E+00,0.0000E+00,0.0000E+00,
   81,1996,  12,0.0000E+00,0.0000E+00,0.0000E+00,0.0000E+00,0.0000E+00,0.0000E+00,0.0000E+00,0.0000E+00,0.0000E+00,0.0000E+00,0.0000E+00,
   82,1996,  12,0.4383E-01,0.3028E+02,0.0000E+00,0.0000E+00,0.0000E+00,0.1892E+01,0.0000E+00,0.1892E+02,0.1892E+01,0.1892E+02,0.3028E+02,
   79,1996,  12,0.3454E-02,0.1789E+01,0.8947E+01,0.2672E+01,0.1002E+00,0.5677E+00,0.5190E+00,0.1270E+01,0.3340E+01,0.1789E+01,0.4474E+01,
   77,1996,  12,0.4544E+00,0.3259E+03,0.5288E+03,0.1474E+03,0.7463E+02,0.1294E+03,0.5331E+02,0.3699E+02,0.3515E+03,0.9030E+02,0.1262E+04,
   85,1996,  12,0.2860E+00,0.2108E+03,0.6605E+03,0.2830E+03,0.5218E+02,0.8051E+02,0.1083E+02,0.2610E+02,0.4157E+03,0.3693E+02,0.7740E+03,
   52,1996,  12,0.0000E+00,0.0000E+00,0.0000E+00,0.0000E+00,0.0000E+00,0.0000E+00,0.0000E+00,0.0000E+00,0.0000E+00,0.0000E+00,0.0000E+00,
   56,1996,  12,0.4958E-02,0.1926E+01,0.1841E+02,0.5993E+00,0.4709E+00,0.2354E+01,0.3425E+00,0.8562E-01,0.3424E+01,0.4281E+00,0.5565E+02,
   87,1996,  12,0.0000E+00,0.0000E+00,0.0000E+00,0.0000E+00,0.0000E+00,0.0000E+00,0.0000E+00,0.0000E+00,0.0000E+00,0.0000E+00,0.0000E+00,
   44,1996,  12,0.0000E+00,0.0000E+00,0.0000E+00,0.0000E+00,0.0000E+00,0.0000E+00,0.0000E+00,0.0000E+00,0.0000E+00,0.0000E+00,0.0000E+00,
   41,1996,  12,0.0000E+00,0.0000E+00,0.0000E+00,0.0000E+00,0.0000E+00,0.0000E+00,0.0000E+00,0.0000E+00,0.0000E+00,0.0000E+00,0.0000E+00,
   49,1996,  12,0.1929E-02,0.1721E+01,0.1646E+01,0.2250E+01,0.2548E+00,0.4929E+00,0.7994E-01,0.4197E+00,0.2998E+01,0.4996E+00,0.1741E+01,
   91,1996,  12,0.4714E-01,0.2825E+02,0.2048E+02,0.1418E+02,0.3335E+02,0.4519E+01,0.1403E+02,0.1475E+01,0.5204E+02,0.1551E+02,0.4286E+02,
   51,1996,  12,0.4208E-02,0.3960E+01,0.3997E+01,0.4909E+01,0.5559E+00,0.1075E+01,0.1744E+00,0.9156E+00,0.6540E+01,0.1090E+01,0.2907E+01,
   68,1996,  12,0.0000E+00,0.0000E+00,0.0000E+00,0.0000E+00,0.0000E+00,0.0000E+00,0.0000E+00,0.0000E+00,0.0000E+00,0.0000E+00,0.0000E+00,
   54,1996,  12,0.1652E+00,0.1184E+03,0.3139E+03,0.1213E+03,0.8961E+02,0.5564E+02,0.8134E+01,0.3025E+02,0.2665E+03,0.3838E+02,0.2426E+03,
   33,1996,  12,0.0000E+00,0.0000E+00,0.0000E+00,0.0000E+00,0.0000E+00,0.0000E+00,0.0000E+00,0.0000E+00,0.0000E+00,0.0000E+00,0.0000E+00,
   80,1996,  12,0.0000E+00,0.0000E+00,0.0000E+00,0.0000E+00,0.0000E+00,0.0000E+00,0.0000E+00,0.0000E+00,0.0000E+00,0.0000E+00,0.0000E+00,
   50,1996,  12,0.0000E+00,0.0000E+00,0.0000E+00,0.0000E+00,0.0000E+00,0.0000E+00,0.0000E+00,0.0000E+00,0.0000E+00,0.0000E+00,0.0000E+00,
   58,1996,  12,0.7159E-01,0.4484E+02,0.2195E+02,0.3180E+01,0.3707E+02,0.7746E+01,0.5079E+00,0.8601E+00,0.4800E+02,0.1368E+01,0.2140E+02,
   17,1996,  12,0.1570E+00,0.9166E+02,0.3282E+03,0.3226E+02,0.3045E+02,0.5827E+02,0.9614E+01,0.1674E+02,0.1210E+03,0.2635E+02,0.9586E+03,
   95,1996,  12,0.1277E-01,0.1295E+02,0.9505E+01,0.1488E+02,0.1692E+01,0.3261E+01,0.3650E+00,0.1905E+01,0.1983E+02,0.2270E+01,0.2356E+02,
   90,1996,  12,0.0000E+00,0.0000E+00,0.0000E+00,0.0000E+00,0.0000E+00,0.0000E+00,0.0000E+00,0.0000E+00,0.0000E+00,0.0000E+00,0.0000E+00,
   15,1996,  12,0.0000E+00,0.0000E+00,0.0000E+00,0.0000E+00,0.0000E+00,0.0000E+00,0.0000E+00,0.0000E+00,0.0000E+00,0.0000E+00,0.0000E+00,
   14,1996,  12,0.4280E-01,0.1847E+02,0.2587E+02,0.1678E+02,0.1394E+03,0.1423E+02,0.2226E+02,0.5445E+02,0.1704E+03,0.7670E+02,0.4062E+02,
   31,1996,  12,0.6956E+00,0.3062E+03,0.1002E+04,0.3493E+03,0.3276E+02,0.7615E+02,0.2094E+02,0.4491E+02,0.4582E+03,0.6585E+02,0.1462E+04,
   12,1996,  12,0.2138E-01,0.8932E+01,0.3350E+02,0.1998E+02,0.1320E+02,0.5393E+01,0.1489E+01,0.3646E+01,0.3857E+02,0.5135E+01,0.6569E+02,
   23,1996,  12,0.1414E-01,0.5530E+01,0.5297E+01,0.1052E+01,0.1648E+01,0.3489E+00,0.1193E+00,0.2851E+00,0.3048E+01,0.4044E+00,0.6531E+02,
   25,1996,  12,0.1293E+02,0.7755E+04,0.2740E+05,0.1034E+05,0.2868E+04,0.3353E+04,0.3899E+03,0.5366E+03,0.1656E+05,0.9265E+03,0.4924E+05,
   18,1996,  12,0.2460E-01,0.1148E+02,0.2623E+02,0.9748E+01,0.1242E+02,0.2998E+01,0.1050E+01,0.2342E+01,0.2517E+02,0.3393E+01,0.4646E+02,
    4,1996,  12,0.4416E-01,0.1726E+02,0.6493E+01,0.3798E+01,0.4140E+01,0.1114E+01,0.3638E+00,0.9610E+00,0.9052E+01,0.1325E+01,0.1334E+03,
   74,1996,  12,0.8998E+00,0.3874E+03,0.1665E+04,0.4968E+02,0.1057E+02,0.7637E+03,0.3583E+02,0.7365E+02,0.8239E+03,0.1095E+03,0.2282E+04,
   73,1996,  12,0.1227E-03,0.4769E-01,0.3179E+00,0.4993E+00,0.6062E+01,0.5706E+00,0.2257E+00,0.5267E+00,0.7132E+01,0.7524E+00,0.9481E+00,
   69,1996,  12,0.1812E-01,0.7040E+01,0.7445E+01,0.2000E+01,0.2408E+02,0.2270E+01,0.9262E+00,0.2161E+01,0.2835E+02,0.3087E+01,0.7345E+01,
   20,1996,  12,0.8563E+00,0.3738E+03,0.1417E+04,0.1226E+04,0.5675E+02,0.2609E+03,0.3587E+02,0.7881E+02,0.1543E+04,0.1147E+03,0.1817E+04,
   36,1996,  12,0.0000E+00,0.0000E+00,0.0000E+00,0.0000E+00,0.0000E+00,0.0000E+00,0.0000E+00,0.0000E+00,0.0000E+00,0.0000E+00,0.0000E+00,
   16,1996,  12,0.3914E-03,0.1559E+00,0.1014E+01,0.1602E+01,0.1806E+02,0.1724E+01,0.6773E+00,0.1581E+01,0.2139E+02,0.2258E+01,0.2566E+01,
   26,1996,  12,0.3293E-01,0.1631E+02,0.2094E+02,0.1205E+02,0.3973E+02,0.5676E+01,0.8268E+00,0.2006E+01,0.5746E+02,0.2833E+01,0.5034E+02,
   30,1996,  12,0.4287E-02,0.1820E+01,0.9516E+01,0.4946E+01,0.4033E+01,0.1404E+01,0.3735E+00,0.9143E+00,0.1038E+02,0.1288E+01,0.9615E+01,
   66,1996,  12,0.0000E+00,0.0000E+00,0.0000E+00,0.0000E+00,0.0000E+00,0.0000E+00,0.0000E+00,0.0000E+00,0.0000E+00,0.0000E+00,0.0000E+00,
   24,1996,  12,0.1835E-02,0.7921E+00,0.4753E+01,0.2370E+01,0.8887E-01,0.5035E+00,0.1149E+00,0.2812E+00,0.2962E+01,0.3961E+00,0.3960E+01,
   10,1996,  12,0.3850E+01,0.1644E+04,0.1348E+04,0.6251E+03,0.2148E+03,0.1475E+03,0.2875E+02,0.5860E+02,0.9873E+03,0.8735E+02,0.9887E+04,
   19,1996,  12,0.3606E+01,0.1558E+04,0.5344E+04,0.2348E+04,0.3972E+03,0.5278E+03,0.1041E+03,0.2208E+03,0.3273E+04,0.3249E+03,0.6975E+04,
   11,1996,  12,0.8908E+00,0.3836E+03,0.1508E+04,0.1501E+04,0.5969E+02,0.3191E+03,0.4972E+02,0.1010E+03,0.1879E+04,0.1507E+03,0.1895E+04,
    0,1996,  12,0.5957E-02,0.2315E+01,0.6498E+01,0.2479E+00,0.3010E+01,0.2832E+00,0.1417E+00,0.3305E+00,0.3541E+01,0.4722E+00,0.1301E-02,
   62,1996,  12,0.0000E+00,0.0000E+00,0.0000E+00,0.0000E+00,0.0000E+00,0.0000E+00,0.0000E+00,0.0000E+00,0.0000E+00,0.0000E+00,0.0000E+00,
