   92,1993,   1,0.2963E-01,0.1317E+02,0.7048E+02,0.3032E+02,0.6654E+01,0.8085E+01,0.1747E+01,0.7331E+01,0.4506E+02,0.9079E+01,0.1044E+03,
   61,1993,   1,0.7320E+00,0.5159E+03,0.1019E+04,0.8885E+03,0.2190E+03,0.3291E+03,0.1229E+02,0.4292E+02,0.1437E+04,0.5521E+02,0.1073E+04,
   86,1993,   1,0.1533E+00,0.1361E+04,0.4153E+03,0.1518E+03,0.3219E+03,0.3933E+02,0.7400E+01,0.4366E+02,0.5130E+03,0.5106E+02,0.1958E+04,
   34,1993,   1,0.2127E+02,0.1370E+05,0.4079E+04,0.7324E+04,0.1912E+05,0.2182E+04,0.5807E+02,0.1390E+03,0.2863E+05,0.1971E+03,0.1446E+05,
   64,1993,   1,0.1342E+02,0.8380E+04,0.1306E+05,0.7008E+04,0.6703E+04,0.1400E+04,0.2884E+03,0.3939E+03,0.1511E+05,0.6823E+03,0.1207E+05,
   63,1993,   1,0.0000E+00,0.0000E+00,0.0000E+00,0.0000E+00,0.0000E+00,0.0000E+00,0.0000E+00,0.0000E+00,0.0000E+00,0.0000E+00,0.0000E+00,
   59,1993,   1,0.1740E+00,0.6761E+02,0.1713E+03,0.3381E+03,0.2104E+01,0.5184E+02,0.5259E+01,0.1953E+02,0.3920E+03,0.2479E+02,0.2119E+03,
   55,1993,   1,0.5440E-01,0.2219E+02,0.3825E+02,0.2186E+02,0.1820E+02,0.1260E+02,0.3325E+00,0.2569E+01,0.5266E+02,0.2901E+01,0.3786E+02,
   65,1993,   1,0.1007E+00,0.5065E+02,0.1355E+03,0.4551E+02,0.9619E+02,0.5303E+02,0.2674E+02,0.1238E+02,0.1947E+03,0.3913E+02,0.2344E+03,
   32,1993,   1,0.7256E+00,0.5382E+03,0.2911E+02,0.2021E+02,0.7027E+03,0.6756E+02,0.2835E+01,0.6054E+02,0.7904E+03,0.6338E+02,0.1617E+03,
   53,1993,   1,0.1964E-01,0.1323E+02,0.9929E+01,0.4126E+01,0.1205E+02,0.9053E+00,0.5353E+00,0.1602E+01,0.1708E+02,0.2137E+01,0.8279E+01,
   47,1993,   1,0.0000E+00,0.0000E+00,0.0000E+00,0.0000E+00,0.0000E+00,0.0000E+00,0.0000E+00,0.0000E+00,0.0000E+00,0.0000E+00,0.0000E+00,
   81,1993,   1,0.0000E+00,0.0000E+00,0.0000E+00,0.0000E+00,0.0000E+00,0.0000E+00,0.0000E+00,0.0000E+00,0.0000E+00,0.0000E+00,0.0000E+00,
   82,1993,   1,0.4383E-01,0.3028E+02,0.0000E+00,0.0000E+00,0.0000E+00,0.1892E+01,0.0000E+00,0.1892E+02,0.1892E+01,0.1892E+02,0.3028E+02,
   79,1993,   1,0.3454E-02,0.1789E+01,0.8947E+01,0.2672E+01,0.1002E+00,0.5677E+00,0.5190E+00,0.1270E+01,0.3340E+01,0.1789E+01,0.4474E+01,
   77,1993,   1,0.2871E+00,0.1751E+03,0.2043E+03,0.9721E+02,0.5356E+02,0.7170E+02,0.2756E+01,0.5184E+02,0.2225E+03,0.5460E+02,0.4579E+03,
   85,1993,   1,0.2063E+00,0.1594E+03,0.4136E+03,0.2301E+03,0.4302E+02,0.5172E+02,0.7777E+01,0.2366E+02,0.3249E+03,0.3144E+02,0.3860E+03,
   52,1993,   1,0.0000E+00,0.0000E+00,0.0000E+00,0.0000E+00,0.0000E+00,0.0000E+00,0.0000E+00,0.0000E+00,0.0000E+00,0.0000E+00,0.0000E+00,
   56,1993,   1,0.0000E+00,0.0000E+00,0.0000E+00,0.0000E+00,0.0000E+00,0.0000E+00,0.0000E+00,0.0000E+00,0.0000E+00,0.0000E+00,0.0000E+00,
   87,1993,   1,0.0000E+00,0.0000E+00,0.0000E+00,0.0000E+00,0.0000E+00,0.0000E+00,0.0000E+00,0.0000E+00,0.0000E+00,0.0000E+00,0.0000E+00,
   44,1993,   1,0.0000E+00,0.0000E+00,0.0000E+00,0.0000E+00,0.0000E+00,0.0000E+00,0.0000E+00,0.0000E+00,0.0000E+00,0.0000E+00,0.0000E+00,
   41,1993,   1,0.0000E+00,0.0000E+00,0.0000E+00,0.0000E+00,0.0000E+00,0.0000E+00,0.0000E+00,0.0000E+00,0.0000E+00,0.0000E+00,0.0000E+00,
   49,1993,   1,0.1446E-02,0.6245E+00,0.3391E+01,0.1687E+01,0.1911E+00,0.3696E+00,0.5996E-01,0.3147E+00,0.2248E+01,0.3747E+00,0.2733E+01,
   91,1993,   1,0.5117E-01,0.2451E+02,0.1835E+02,0.2952E+02,0.3311E+02,0.8754E+01,0.1364E+01,0.6031E+01,0.7139E+02,0.7395E+01,0.5224E+02,
   51,1993,   1,0.2805E-02,0.1211E+01,0.3391E+01,0.3272E+01,0.3706E+00,0.7169E+00,0.1163E+00,0.6104E+00,0.4360E+01,0.7267E+00,0.3391E+01,
   68,1993,   1,0.0000E+00,0.0000E+00,0.0000E+00,0.0000E+00,0.0000E+00,0.0000E+00,0.0000E+00,0.0000E+00,0.0000E+00,0.0000E+00,0.0000E+00,
   54,1993,   1,0.1420E+00,0.5518E+02,0.1839E+03,0.1139E+03,0.3384E+02,0.4414E+02,0.6867E+01,0.2109E+02,0.1919E+03,0.2796E+02,0.2085E+03,
   33,1993,   1,0.0000E+00,0.0000E+00,0.0000E+00,0.0000E+00,0.0000E+00,0.0000E+00,0.0000E+00,0.0000E+00,0.0000E+00,0.0000E+00,0.0000E+00,
   80,1993,   1,0.0000E+00,0.0000E+00,0.0000E+00,0.0000E+00,0.0000E+00,0.0000E+00,0.0000E+00,0.0000E+00,0.0000E+00,0.0000E+00,0.0000E+00,
   50,1993,   1,0.0000E+00,0.0000E+00,0.0000E+00,0.0000E+00,0.0000E+00,0.0000E+00,0.0000E+00,0.0000E+00,0.0000E+00,0.0000E+00,0.0000E+00,
   58,1993,   1,0.6352E-01,0.3877E+02,0.2895E+02,0.6646E+01,0.4112E+02,0.1053E+02,0.7767E+00,0.5957E+00,0.5830E+02,0.1372E+01,0.2975E+02,
   17,1993,   1,0.9458E-01,0.4586E+02,0.1258E+03,0.2729E+02,0.5156E+02,0.3071E+02,0.5549E+01,0.1968E+02,0.1096E+03,0.2523E+02,0.1164E+03,
   95,1993,   1,0.1023E-01,0.4416E+01,0.1549E+02,0.1191E+02,0.1357E+01,0.2611E+01,0.2751E+00,0.1449E+01,0.1588E+02,0.1724E+01,0.2079E+02,
   90,1993,   1,0.0000E+00,0.0000E+00,0.0000E+00,0.0000E+00,0.0000E+00,0.0000E+00,0.0000E+00,0.0000E+00,0.0000E+00,0.0000E+00,0.0000E+00,
   15,1993,   1,0.0000E+00,0.0000E+00,0.0000E+00,0.0000E+00,0.0000E+00,0.0000E+00,0.0000E+00,0.0000E+00,0.0000E+00,0.0000E+00,0.0000E+00,
   14,1993,   1,0.3421E-01,0.1467E+02,0.1999E+02,0.2056E+02,0.1820E+03,0.1830E+02,0.1171E+02,0.2864E+02,0.2209E+03,0.4035E+02,0.2048E+02,
   31,1993,   1,0.4466E+00,0.2054E+03,0.7448E+03,0.3551E+03,0.2733E+02,0.7657E+02,0.2192E+02,0.5116E+02,0.4590E+03,0.7308E+02,0.9642E+03,
   12,1993,   1,0.1707E-01,0.7526E+01,0.3161E+02,0.1473E+02,0.1300E+02,0.4277E+01,0.1399E+01,0.3425E+01,0.3201E+02,0.4823E+01,0.6434E+02,
   23,1993,   1,0.1408E-01,0.5499E+01,0.5131E+01,0.9915E+00,0.1645E+01,0.3361E+00,0.1114E+00,0.2659E+00,0.2973E+01,0.3773E+00,0.6521E+02,
   25,1993,   1,0.9492E+01,0.7320E+04,0.1633E+05,0.1363E+05,0.3034E+04,0.3205E+04,0.3532E+03,0.7304E+03,0.1987E+05,0.1084E+04,0.2448E+05,
   18,1993,   1,0.2065E-01,0.1053E+02,0.1936E+02,0.1512E+02,0.1262E+02,0.4138E+01,0.1102E+01,0.2647E+01,0.3188E+02,0.3750E+01,0.3793E+02,
    4,1993,   1,0.4350E-01,0.1718E+02,0.5356E+01,0.2662E+01,0.4098E+01,0.8728E+00,0.3248E+00,0.8655E+00,0.7632E+01,0.1190E+01,0.1320E+03,
   74,1993,   1,0.8447E+00,0.3665E+03,0.1568E+04,0.3732E+02,0.6776E+01,0.8747E+03,0.3350E+02,0.6865E+02,0.9188E+03,0.1022E+03,0.2155E+04,
   73,1993,   1,0.1227E-03,0.4769E-01,0.3179E+00,0.4993E+00,0.6062E+01,0.5706E+00,0.2257E+00,0.5267E+00,0.7132E+01,0.7524E+00,0.9481E+00,
   69,1993,   1,0.1812E-01,0.7040E+01,0.7444E+01,0.1999E+01,0.2408E+02,0.2270E+01,0.9261E+00,0.2161E+01,0.2835E+02,0.3087E+01,0.7344E+01,
   20,1993,   1,0.9030E+00,0.4222E+03,0.1455E+04,0.1139E+04,0.4983E+03,0.2767E+03,0.8138E+02,0.1862E+03,0.1914E+04,0.2675E+03,0.2037E+04,
   36,1993,   1,0.0000E+00,0.0000E+00,0.0000E+00,0.0000E+00,0.0000E+00,0.0000E+00,0.0000E+00,0.0000E+00,0.0000E+00,0.0000E+00,0.0000E+00,
   16,1993,   1,0.3888E-03,0.1548E+00,0.1007E+01,0.1599E+01,0.1806E+02,0.1724E+01,0.6771E+00,0.1581E+01,0.2139E+02,0.2258E+01,0.2560E+01,
   26,1993,   1,0.3278E-01,0.1624E+02,0.2056E+02,0.1186E+02,0.3973E+02,0.5635E+01,0.8175E+00,0.1984E+01,0.5723E+02,0.2801E+01,0.5002E+02,
   30,1993,   1,0.4567E-02,0.1941E+01,0.9938E+01,0.5192E+01,0.4042E+01,0.1456E+01,0.3855E+00,0.9437E+00,0.1069E+02,0.1329E+01,0.1022E+02,
   66,1993,   1,0.0000E+00,0.0000E+00,0.0000E+00,0.0000E+00,0.0000E+00,0.0000E+00,0.0000E+00,0.0000E+00,0.0000E+00,0.0000E+00,0.0000E+00,
   24,1993,   1,0.1777E-02,0.7673E+00,0.4604E+01,0.2296E+01,0.8609E-01,0.4878E+00,0.1113E+00,0.2724E+00,0.2870E+01,0.3837E+00,0.3836E+01,
   10,1993,   1,0.3750E+01,0.1609E+04,0.9396E+03,0.4279E+03,0.1088E+03,0.9803E+02,0.2243E+02,0.4577E+02,0.6347E+03,0.6821E+02,0.9676E+04,
   19,1993,   1,0.3270E+01,0.1289E+04,0.4835E+04,0.2903E+04,0.3537E+03,0.6415E+03,0.1091E+03,0.2435E+03,0.3898E+04,0.3526E+03,0.6300E+04,
   11,1993,   1,0.8426E+00,0.3345E+03,0.1424E+04,0.1282E+04,0.5148E+02,0.2726E+03,0.3903E+02,0.7929E+02,0.1606E+04,0.1183E+03,0.1791E+04,
    0,1993,   1,0.5957E-02,0.2315E+01,0.6498E+01,0.2479E+00,0.3010E+01,0.2832E+00,0.1417E+00,0.3305E+00,0.3541E+01,0.4722E+00,0.1301E-02,
   62,1993,   1,0.0000E+00,0.0000E+00,0.0000E+00,0.0000E+00,0.0000E+00,0.0000E+00,0.0000E+00,0.0000E+00,0.0000E+00,0.0000E+00,0.0000E+00,
   92,1993,   2,0.2687E-01,0.1198E+02,0.6793E+02,0.2715E+02,0.6267E+01,0.7472E+01,0.1635E+01,0.6746E+01,0.4089E+02,0.8381E+01,0.7623E+02,
   61,1993,   2,0.7538E+00,0.5392E+03,0.8400E+03,0.1030E+04,0.2316E+03,0.1605E+03,0.2014E+02,0.3397E+02,0.1422E+04,0.5411E+02,0.9323E+03,
   86,1993,   2,0.1540E+00,0.1588E+04,0.5040E+03,0.1897E+03,0.3605E+03,0.4823E+02,0.7775E+01,0.4795E+02,0.5984E+03,0.5573E+02,0.2251E+04,
   34,1993,   2,0.2098E+02,0.1424E+05,0.4028E+04,0.7030E+04,0.1894E+05,0.2205E+04,0.8165E+02,0.1367E+03,0.2818E+05,0.2183E+03,0.1486E+05,
   64,1993,   2,0.1398E+02,0.8647E+04,0.1344E+05,0.6688E+04,0.6963E+04,0.2185E+04,0.2821E+03,0.3248E+03,0.1584E+05,0.6069E+03,0.1504E+05,
   63,1993,   2,0.0000E+00,0.0000E+00,0.0000E+00,0.0000E+00,0.0000E+00,0.0000E+00,0.0000E+00,0.0000E+00,0.0000E+00,0.0000E+00,0.0000E+00,
   59,1993,   2,0.1701E+00,0.6608E+02,0.1248E+03,0.2927E+03,0.2496E+01,0.5903E+02,0.3671E+01,0.1366E+02,0.3542E+03,0.1733E+02,0.1307E+03,
   55,1993,   2,0.4849E-01,0.1985E+02,0.3095E+02,0.1121E+02,0.2324E+02,0.3416E+01,0.3185E+00,0.2443E+01,0.3787E+02,0.2761E+01,0.1965E+02,
   65,1993,   2,0.8377E-01,0.4653E+02,0.1163E+03,0.6193E+02,0.4439E+02,0.4352E+02,0.3385E+01,0.8532E+01,0.1498E+03,0.1192E+02,0.2043E+03,
   32,1993,   2,0.7006E+00,0.5151E+03,0.8336E+02,0.2453E+02,0.5343E+03,0.7084E+02,0.3690E+01,0.5808E+02,0.6297E+03,0.6177E+02,0.1480E+03,
   53,1993,   2,0.1967E-01,0.1326E+02,0.1166E+02,0.5438E+01,0.1176E+02,0.1193E+01,0.4532E+00,0.1351E+01,0.1839E+02,0.1804E+01,0.1157E+02,
   47,1993,   2,0.0000E+00,0.0000E+00,0.0000E+00,0.0000E+00,0.0000E+00,0.0000E+00,0.0000E+00,0.0000E+00,0.0000E+00,0.0000E+00,0.0000E+00,
   81,1993,   2,0.0000E+00,0.0000E+00,0.0000E+00,0.0000E+00,0.0000E+00,0.0000E+00,0.0000E+00,0.0000E+00,0.0000E+00,0.0000E+00,0.0000E+00,
   82,1993,   2,0.4383E-01,0.3028E+02,0.0000E+00,0.0000E+00,0.0000E+00,0.1892E+01,0.0000E+00,0.1892E+02,0.1892E+01,0.1892E+02,0.3028E+02,
   79,1993,   2,0.3454E-02,0.1789E+01,0.8947E+01,0.2672E+01,0.1002E+00,0.5677E+00,0.5190E+00,0.1270E+01,0.3340E+01,0.1789E+01,0.4474E+01,
   77,1993,   2,0.2395E+00,0.1459E+03,0.1738E+03,0.1061E+03,0.4262E+02,0.2014E+03,0.4879E+01,0.4146E+02,0.3501E+03,0.4634E+02,0.5363E+03,
   85,1993,   2,0.2058E+00,0.1610E+03,0.4582E+03,0.2296E+03,0.4296E+02,0.5160E+02,0.7450E+01,0.2257E+02,0.3241E+03,0.3002E+02,0.3262E+03,
   52,1993,   2,0.0000E+00,0.0000E+00,0.0000E+00,0.0000E+00,0.0000E+00,0.0000E+00,0.0000E+00,0.0000E+00,0.0000E+00,0.0000E+00,0.0000E+00,
   56,1993,   2,0.0000E+00,0.0000E+00,0.0000E+00,0.0000E+00,0.0000E+00,0.0000E+00,0.0000E+00,0.0000E+00,0.0000E+00,0.0000E+00,0.0000E+00,
   87,1993,   2,0.0000E+00,0.0000E+00,0.0000E+00,0.0000E+00,0.0000E+00,0.0000E+00,0.0000E+00,0.0000E+00,0.0000E+00,0.0000E+00,0.0000E+00,
   44,1993,   2,0.0000E+00,0.0000E+00,0.0000E+00,0.0000E+00,0.0000E+00,0.0000E+00,0.0000E+00,0.0000E+00,0.0000E+00,0.0000E+00,0.0000E+00,
   41,1993,   2,0.0000E+00,0.0000E+00,0.0000E+00,0.0000E+00,0.0000E+00,0.0000E+00,0.0000E+00,0.0000E+00,0.0000E+00,0.0000E+00,0.0000E+00,
   49,1993,   2,0.1052E-02,0.4542E+00,0.1963E+01,0.1227E+01,0.1390E+00,0.2688E+00,0.4360E-01,0.2289E+00,0.1635E+01,0.2725E+00,0.1862E+01,
   91,1993,   2,0.5104E-01,0.2445E+02,0.2430E+02,0.2937E+02,0.3309E+02,0.8720E+01,0.1358E+01,0.6003E+01,0.7118E+02,0.7361E+01,0.4846E+02,
   51,1993,   2,0.2718E-02,0.1173E+01,0.3989E+01,0.3170E+01,0.3590E+00,0.6945E+00,0.1126E+00,0.5913E+00,0.4224E+01,0.7040E+00,0.3051E+01,
   68,1993,   2,0.0000E+00,0.0000E+00,0.0000E+00,0.0000E+00,0.0000E+00,0.0000E+00,0.0000E+00,0.0000E+00,0.0000E+00,0.0000E+00,0.0000E+00,
   54,1993,   2,0.1350E+00,0.5246E+02,0.2215E+03,0.1667E+03,0.2844E+02,0.5362E+02,0.7811E+01,0.3241E+02,0.2488E+03,0.4022E+02,0.1632E+03,
   33,1993,   2,0.0000E+00,0.0000E+00,0.0000E+00,0.0000E+00,0.0000E+00,0.0000E+00,0.0000E+00,0.0000E+00,0.0000E+00,0.0000E+00,0.0000E+00,
   80,1993,   2,0.0000E+00,0.0000E+00,0.0000E+00,0.0000E+00,0.0000E+00,0.0000E+00,0.0000E+00,0.0000E+00,0.0000E+00,0.0000E+00,0.0000E+00,
   50,1993,   2,0.0000E+00,0.0000E+00,0.0000E+00,0.0000E+00,0.0000E+00,0.0000E+00,0.0000E+00,0.0000E+00,0.0000E+00,0.0000E+00,0.0000E+00,
   58,1993,   2,0.6063E-01,0.3699E+02,0.3096E+02,0.6422E+01,0.4469E+02,0.1602E+02,0.4756E+00,0.7663E+00,0.6713E+02,0.1242E+01,0.3703E+02,
   17,1993,   2,0.7389E-01,0.3571E+02,0.1041E+03,0.2172E+02,0.3091E+02,0.2842E+02,0.2560E+01,0.1043E+02,0.8104E+02,0.1299E+02,0.1221E+03,
   95,1993,   2,0.7772E-02,0.3357E+01,0.1857E+02,0.9051E+01,0.1032E+01,0.1983E+01,0.2446E+00,0.1277E+01,0.1207E+02,0.1522E+01,0.2377E+02,
   90,1993,   2,0.0000E+00,0.0000E+00,0.0000E+00,0.0000E+00,0.0000E+00,0.0000E+00,0.0000E+00,0.0000E+00,0.0000E+00,0.0000E+00,0.0000E+00,
   15,1993,   2,0.0000E+00,0.0000E+00,0.0000E+00,0.0000E+00,0.0000E+00,0.0000E+00,0.0000E+00,0.0000E+00,0.0000E+00,0.0000E+00,0.0000E+00,
   14,1993,   2,0.3421E-01,0.1467E+02,0.1769E+02,0.2056E+02,0.1820E+03,0.1830E+02,0.1171E+02,0.2864E+02,0.2209E+03,0.4035E+02,0.1966E+02,
   31,1993,   2,0.4466E+00,0.2054E+03,0.7448E+03,0.3551E+03,0.2733E+02,0.7657E+02,0.2192E+02,0.5116E+02,0.4590E+03,0.7308E+02,0.9642E+03,
   12,1993,   2,0.1707E-01,0.7526E+01,0.3161E+02,0.1473E+02,0.1300E+02,0.4277E+01,0.1399E+01,0.3425E+01,0.3201E+02,0.4823E+01,0.6434E+02,
   23,1993,   2,0.1408E-01,0.5499E+01,0.5131E+01,0.9915E+00,0.1645E+01,0.3361E+00,0.1114E+00,0.2659E+00,0.2973E+01,0.3773E+00,0.6521E+02,
   25,1993,   2,0.9492E+01,0.7320E+04,0.1633E+05,0.1363E+05,0.3034E+04,0.3205E+04,0.3532E+03,0.7304E+03,0.1987E+05,0.1084E+04,0.2448E+05,
   18,1993,   2,0.2065E-01,0.1053E+02,0.1936E+02,0.1512E+02,0.1262E+02,0.4138E+01,0.1102E+01,0.2647E+01,0.3188E+02,0.3750E+01,0.3793E+02,
    4,1993,   2,0.4350E-01,0.1718E+02,0.5356E+01,0.2662E+01,0.4098E+01,0.8728E+00,0.3248E+00,0.8655E+00,0.7632E+01,0.1190E+01,0.1320E+03,
   74,1993,   2,0.8447E+00,0.3665E+03,0.1568E+04,0.3732E+02,0.6776E+01,0.8747E+03,0.3350E+02,0.6865E+02,0.9188E+03,0.1022E+03,0.2155E+04,
   73,1993,   2,0.1227E-03,0.4769E-01,0.3179E+00,0.4993E+00,0.6062E+01,0.5706E+00,0.2257E+00,0.5267E+00,0.7132E+01,0.7524E+00,0.9481E+00,
   69,1993,   2,0.1812E-01,0.7040E+01,0.7444E+01,0.1999E+01,0.2408E+02,0.2270E+01,0.9261E+00,0.2161E+01,0.2835E+02,0.3087E+01,0.7344E+01,
   20,1993,   2,0.9030E+00,0.4222E+03,0.1476E+04,0.1139E+04,0.4983E+03,0.2767E+03,0.8138E+02,0.1862E+03,0.1914E+04,0.2675E+03,0.2035E+04,
   36,1993,   2,0.0000E+00,0.0000E+00,0.0000E+00,0.0000E+00,0.0000E+00,0.0000E+00,0.0000E+00,0.0000E+00,0.0000E+00,0.0000E+00,0.0000E+00,
   16,1993,   2,0.3888E-03,0.1548E+00,0.1007E+01,0.1599E+01,0.1806E+02,0.1724E+01,0.6771E+00,0.1581E+01,0.2139E+02,0.2258E+01,0.2560E+01,
   26,1993,   2,0.3278E-01,0.1624E+02,0.2056E+02,0.1186E+02,0.3973E+02,0.5635E+01,0.8175E+00,0.1984E+01,0.5723E+02,0.2801E+01,0.5002E+02,
   30,1993,   2,0.4567E-02,0.1941E+01,0.9938E+01,0.5192E+01,0.4042E+01,0.1456E+01,0.3855E+00,0.9437E+00,0.1069E+02,0.1329E+01,0.1022E+02,
   66,1993,   2,0.0000E+00,0.0000E+00,0.0000E+00,0.0000E+00,0.0000E+00,0.0000E+00,0.0000E+00,0.0000E+00,0.0000E+00,0.0000E+00,0.0000E+00,
   24,1993,   2,0.1777E-02,0.7673E+00,0.4604E+01,0.2296E+01,0.8609E-01,0.4878E+00,0.1113E+00,0.2724E+00,0.2870E+01,0.3837E+00,0.3836E+01,
   10,1993,   2,0.3750E+01,0.1609E+04,0.9396E+03,0.4279E+03,0.1088E+03,0.9803E+02,0.2243E+02,0.4577E+02,0.6347E+03,0.6821E+02,0.9676E+04,
   19,1993,   2,0.3271E+01,0.1289E+04,0.4846E+04,0.2913E+04,0.3610E+03,0.6434E+03,0.1097E+03,0.2449E+03,0.3918E+04,0.3546E+03,0.6313E+04,
   11,1993,   2,0.8426E+00,0.3345E+03,0.1424E+04,0.1282E+04,0.5148E+02,0.2726E+03,0.3903E+02,0.7929E+02,0.1606E+04,0.1183E+03,0.1791E+04,
    0,1993,   2,0.5957E-02,0.2315E+01,0.6498E+01,0.2479E+00,0.3010E+01,0.2832E+00,0.1417E+00,0.3305E+00,0.3541E+01,0.4722E+00,0.1301E-02,
   62,1993,   2,0.0000E+00,0.0000E+00,0.0000E+00,0.0000E+00,0.0000E+00,0.0000E+00,0.0000E+00,0.0000E+00,0.0000E+00,0.0000E+00,0.0000E+00,
   92,1993,   3,0.4160E-01,0.1834E+02,0.1176E+03,0.4463E+02,0.8058E+01,0.1187E+02,0.2264E+01,0.1006E+02,0.6456E+02,0.1232E+02,0.9728E+02,
   61,1993,   3,0.1018E+01,0.6950E+03,0.4149E+03,0.1161E+04,0.2269E+03,0.2388E+03,0.1630E+02,0.4567E+02,0.1627E+04,0.6197E+02,0.1284E+04,
   86,1993,   3,0.1546E+00,0.1307E+04,0.4243E+03,0.1951E+03,0.2953E+03,0.3703E+02,0.7822E+01,0.4565E+02,0.5274E+03,0.5347E+02,0.2006E+04,
   34,1993,   3,0.2457E+02,0.1363E+05,0.6613E+04,0.8642E+04,0.1915E+05,0.2832E+04,0.1353E+03,0.1327E+03,0.3063E+05,0.2680E+03,0.1707E+05,
   64,1993,   3,0.1598E+02,0.1063E+05,0.2826E+05,0.7678E+04,0.7295E+04,0.2842E+04,0.5639E+03,0.3449E+03,0.1782E+05,0.9088E+03,0.3135E+05,
   63,1993,   3,0.0000E+00,0.0000E+00,0.0000E+00,0.0000E+00,0.0000E+00,0.0000E+00,0.0000E+00,0.0000E+00,0.0000E+00,0.0000E+00,0.0000E+00,
   59,1993,   3,0.1990E+00,0.7732E+02,0.0000E+00,0.2942E+03,0.3780E+01,0.4880E+02,0.0000E+00,0.2096E+02,0.3467E+03,0.2096E+02,0.1426E+03,
   55,1993,   3,0.6474E-01,0.2649E+02,0.6902E+02,0.2521E+02,0.3368E+02,0.1133E+02,0.1610E+01,0.2506E+01,0.7021E+02,0.4116E+01,0.5401E+02,
   65,1993,   3,0.1218E+00,0.6518E+02,0.1096E+03,0.6597E+02,0.7297E+02,0.9894E+02,0.1149E+02,0.1839E+02,0.2379E+03,0.2987E+02,0.4174E+03,
   32,1993,   3,0.8584E+00,0.6589E+03,0.1771E+03,0.2241E+02,0.3842E+03,0.7935E+02,0.9448E+01,0.3602E+02,0.4860E+03,0.4546E+02,0.2547E+03,
   53,1993,   3,0.2591E-01,0.1744E+02,0.6624E+01,0.3900E+01,0.3508E+02,0.8609E+00,0.5992E+00,0.1797E+01,0.3984E+02,0.2396E+01,0.1093E+02,
   47,1993,   3,0.0000E+00,0.0000E+00,0.0000E+00,0.0000E+00,0.0000E+00,0.0000E+00,0.0000E+00,0.0000E+00,0.0000E+00,0.0000E+00,0.0000E+00,
   81,1993,   3,0.0000E+00,0.0000E+00,0.0000E+00,0.0000E+00,0.0000E+00,0.0000E+00,0.0000E+00,0.0000E+00,0.0000E+00,0.0000E+00,0.0000E+00,
   82,1993,   3,0.4383E-01,0.3028E+02,0.0000E+00,0.0000E+00,0.0000E+00,0.1892E+01,0.0000E+00,0.1892E+02,0.1892E+01,0.1892E+02,0.3028E+02,
   79,1993,   3,0.3454E-02,0.1789E+01,0.8947E+01,0.2672E+01,0.1002E+00,0.5677E+00,0.5190E+00,0.1270E+01,0.3340E+01,0.1789E+01,0.4474E+01,
   77,1993,   3,0.3119E+00,0.1893E+03,0.4562E+03,0.7499E+02,0.6863E+02,0.9327E+02,0.6483E+02,0.2932E+02,0.2369E+03,0.9415E+02,0.7053E+03,
   85,1993,   3,0.2417E+00,0.1872E+03,0.4954E+03,0.2715E+03,0.4770E+02,0.6077E+02,0.8520E+01,0.2624E+02,0.3799E+03,0.3476E+02,0.4416E+03,
   52,1993,   3,0.0000E+00,0.0000E+00,0.0000E+00,0.0000E+00,0.0000E+00,0.0000E+00,0.0000E+00,0.0000E+00,0.0000E+00,0.0000E+00,0.0000E+00,
   56,1993,   3,0.0000E+00,0.0000E+00,0.0000E+00,0.0000E+00,0.0000E+00,0.0000E+00,0.0000E+00,0.0000E+00,0.0000E+00,0.0000E+00,0.0000E+00,
   87,1993,   3,0.0000E+00,0.0000E+00,0.0000E+00,0.0000E+00,0.0000E+00,0.0000E+00,0.0000E+00,0.0000E+00,0.0000E+00,0.0000E+00,0.0000E+00,
   44,1993,   3,0.0000E+00,0.0000E+00,0.0000E+00,0.0000E+00,0.0000E+00,0.0000E+00,0.0000E+00,0.0000E+00,0.0000E+00,0.0000E+00,0.0000E+00,
   41,1993,   3,0.0000E+00,0.0000E+00,0.0000E+00,0.0000E+00,0.0000E+00,0.0000E+00,0.0000E+00,0.0000E+00,0.0000E+00,0.0000E+00,0.0000E+00,
   49,1993,   3,0.1534E-02,0.6623E+00,0.2543E+01,0.1790E+01,0.2027E+00,0.3921E+00,0.6359E-01,0.3338E+00,0.2384E+01,0.3974E+00,0.2543E+01,
   91,1993,   3,0.4828E-01,0.2326E+02,0.2015E+02,0.2615E+02,0.3273E+02,0.8015E+01,0.1244E+01,0.5402E+01,0.6689E+02,0.6646E+01,0.4589E+02,
   51,1993,   3,0.4515E-02,0.1949E+01,0.7407E+01,0.5267E+01,0.5964E+00,0.1154E+01,0.1871E+00,0.9824E+00,0.7017E+01,0.1170E+01,0.5458E+01,
   68,1993,   3,0.0000E+00,0.0000E+00,0.0000E+00,0.0000E+00,0.0000E+00,0.0000E+00,0.0000E+00,0.0000E+00,0.0000E+00,0.0000E+00,0.0000E+00,
   54,1993,   3,0.1740E+00,0.6761E+02,0.2404E+03,0.2074E+03,0.4237E+02,0.4808E+02,0.9166E+01,0.2990E+02,0.2978E+03,0.3907E+02,0.2404E+03,
   33,1993,   3,0.0000E+00,0.0000E+00,0.0000E+00,0.0000E+00,0.0000E+00,0.0000E+00,0.0000E+00,0.0000E+00,0.0000E+00,0.0000E+00,0.0000E+00,
   80,1993,   3,0.0000E+00,0.0000E+00,0.0000E+00,0.0000E+00,0.0000E+00,0.0000E+00,0.0000E+00,0.0000E+00,0.0000E+00,0.0000E+00,0.0000E+00,
   50,1993,   3,0.0000E+00,0.0000E+00,0.0000E+00,0.0000E+00,0.0000E+00,0.0000E+00,0.0000E+00,0.0000E+00,0.0000E+00,0.0000E+00,0.0000E+00,
   58,1993,   3,0.6484E-01,0.3908E+02,0.1926E+02,0.7044E+01,0.4663E+02,0.1225E+01,0.2836E+00,0.1169E+01,0.5490E+02,0.1452E+01,0.2577E+02,
   17,1993,   3,0.1114E+00,0.5400E+02,0.1408E+03,0.3376E+02,0.3062E+02,0.4489E+02,0.3563E+01,0.1556E+02,0.1093E+03,0.1912E+02,0.1852E+03,
   95,1993,   3,0.1316E-01,0.5684E+01,0.2859E+02,0.1534E+02,0.1745E+01,0.3361E+01,0.4573E+00,0.2387E+01,0.2045E+02,0.2844E+01,0.4903E+02,
   90,1993,   3,0.0000E+00,0.0000E+00,0.0000E+00,0.0000E+00,0.0000E+00,0.0000E+00,0.0000E+00,0.0000E+00,0.0000E+00,0.0000E+00,0.0000E+00,
   15,1993,   3,0.0000E+00,0.0000E+00,0.0000E+00,0.0000E+00,0.0000E+00,0.0000E+00,0.0000E+00,0.0000E+00,0.0000E+00,0.0000E+00,0.0000E+00,
   14,1993,   3,0.3421E-01,0.1467E+02,0.1866E+02,0.2056E+02,0.1820E+03,0.1830E+02,0.1171E+02,0.2864E+02,0.2209E+03,0.4035E+02,0.2151E+02,
   31,1993,   3,0.4466E+00,0.2054E+03,0.7448E+03,0.3551E+03,0.2733E+02,0.7657E+02,0.2192E+02,0.5116E+02,0.4590E+03,0.7308E+02,0.9642E+03,
   12,1993,   3,0.1680E-01,0.7412E+01,0.3059E+02,0.1433E+02,0.1299E+02,0.4192E+01,0.1356E+01,0.3320E+01,0.3151E+02,0.4676E+01,0.6298E+02,
   23,1993,   3,0.1408E-01,0.5499E+01,0.5131E+01,0.9915E+00,0.1645E+01,0.3361E+00,0.1114E+00,0.2659E+00,0.2973E+01,0.3773E+00,0.6521E+02,
   25,1993,   3,0.9492E+01,0.7320E+04,0.1633E+05,0.1363E+05,0.3034E+04,0.3205E+04,0.3532E+03,0.7304E+03,0.1987E+05,0.1084E+04,0.2448E+05,
   18,1993,   3,0.2065E-01,0.1053E+02,0.1936E+02,0.1512E+02,0.1262E+02,0.4138E+01,0.1102E+01,0.2647E+01,0.3188E+02,0.3750E+01,0.3793E+02,
    4,1993,   3,0.4350E-01,0.1718E+02,0.5356E+01,0.2662E+01,0.4098E+01,0.8728E+00,0.3248E+00,0.8655E+00,0.7632E+01,0.1190E+01,0.1320E+03,
   74,1993,   3,0.8447E+00,0.3665E+03,0.1568E+04,0.3732E+02,0.6776E+01,0.8747E+03,0.3350E+02,0.6865E+02,0.9188E+03,0.1022E+03,0.2155E+04,
   73,1993,   3,0.1227E-03,0.4769E-01,0.3179E+00,0.4993E+00,0.6062E+01,0.5706E+00,0.2257E+00,0.5267E+00,0.7132E+01,0.7524E+00,0.9481E+00,
   69,1993,   3,0.1812E-01,0.7040E+01,0.7444E+01,0.1999E+01,0.2408E+02,0.2270E+01,0.9261E+00,0.2161E+01,0.2835E+02,0.3087E+01,0.7344E+01,
   20,1993,   3,0.9030E+00,0.4222E+03,0.1469E+04,0.1139E+04,0.4983E+03,0.2767E+03,0.8138E+02,0.1862E+03,0.1914E+04,0.2675E+03,0.2078E+04,
   36,1993,   3,0.0000E+00,0.0000E+00,0.0000E+00,0.0000E+00,0.0000E+00,0.0000E+00,0.0000E+00,0.0000E+00,0.0000E+00,0.0000E+00,0.0000E+00,
   16,1993,   3,0.3888E-03,0.1548E+00,0.1007E+01,0.1599E+01,0.1806E+02,0.1724E+01,0.6771E+00,0.1581E+01,0.2139E+02,0.2258E+01,0.2560E+01,
   26,1993,   3,0.3278E-01,0.1624E+02,0.2056E+02,0.1186E+02,0.3973E+02,0.5635E+01,0.8175E+00,0.1984E+01,0.5723E+02,0.2801E+01,0.5002E+02,
   30,1993,   3,0.4567E-02,0.1941E+01,0.9938E+01,0.5192E+01,0.4042E+01,0.1456E+01,0.3855E+00,0.9437E+00,0.1069E+02,0.1329E+01,0.1022E+02,
   66,1993,   3,0.0000E+00,0.0000E+00,0.0000E+00,0.0000E+00,0.0000E+00,0.0000E+00,0.0000E+00,0.0000E+00,0.0000E+00,0.0000E+00,0.0000E+00,
   24,1993,   3,0.1777E-02,0.7673E+00,0.4604E+01,0.2296E+01,0.8609E-01,0.4878E+00,0.1113E+00,0.2724E+00,0.2870E+01,0.3837E+00,0.3836E+01,
   10,1993,   3,0.3750E+01,0.1609E+04,0.9396E+03,0.4279E+03,0.1088E+03,0.9803E+02,0.2243E+02,0.4577E+02,0.6347E+03,0.6821E+02,0.9676E+04,
   19,1993,   3,0.3269E+01,0.1288E+04,0.4829E+04,0.2897E+04,0.3498E+03,0.6404E+03,0.1088E+03,0.2427E+03,0.3888E+04,0.3515E+03,0.6293E+04,
   11,1993,   3,0.8426E+00,0.3345E+03,0.1424E+04,0.1282E+04,0.5148E+02,0.2726E+03,0.3903E+02,0.7929E+02,0.1606E+04,0.1183E+03,0.1791E+04,
    0,1993,   3,0.5957E-02,0.2315E+01,0.6498E+01,0.2479E+00,0.3010E+01,0.2832E+00,0.1417E+00,0.3305E+00,0.3541E+01,0.4722E+00,0.1301E-02,
   62,1993,   3,0.0000E+00,0.0000E+00,0.0000E+00,0.0000E+00,0.0000E+00,0.0000E+00,0.0000E+00,0.0000E+00,0.0000E+00,0.0000E+00,0.0000E+00,
   92,1993,   4,0.4563E-01,0.2008E+02,0.1157E+03,0.4940E+02,0.8562E+01,0.1302E+02,0.2435E+01,0.1096E+02,0.7098E+02,0.1339E+02,0.9653E+02,
   61,1993,   4,0.9530E+00,0.6272E+03,0.9555E+03,0.1102E+04,0.2633E+03,0.2816E+03,0.2182E+02,0.3741E+02,0.1647E+04,0.5923E+02,0.1112E+04,
   86,1993,   4,0.1770E+00,0.1534E+04,0.5223E+03,0.1951E+03,0.3305E+03,0.5073E+02,0.9681E+01,0.4298E+02,0.5764E+03,0.5266E+02,0.2751E+04,
   34,1993,   4,0.2391E+02,0.1358E+05,0.5208E+04,0.7353E+04,0.1881E+05,0.2371E+04,0.1066E+03,0.9592E+02,0.2854E+05,0.2025E+03,0.1527E+05,
   64,1993,   4,0.1440E+02,0.9410E+04,0.1859E+05,0.6046E+04,0.6586E+04,0.2275E+04,0.4217E+03,0.2848E+03,0.1491E+05,0.7065E+03,0.1296E+05,
   63,1993,   4,0.0000E+00,0.0000E+00,0.0000E+00,0.0000E+00,0.0000E+00,0.0000E+00,0.0000E+00,0.0000E+00,0.0000E+00,0.0000E+00,0.0000E+00,
   59,1993,   4,0.1828E+00,0.7102E+02,0.4514E+03,0.2636E+03,0.7891E+01,0.4576E+02,0.5209E+01,0.2210E+02,0.3172E+03,0.2730E+02,0.1594E+03,
   55,1993,   4,0.5575E-01,0.2271E+02,0.5228E+02,0.2811E+02,0.1936E+02,0.7787E+01,0.9742E+00,0.1245E+01,0.5525E+02,0.2220E+01,0.2436E+02,
   65,1993,   4,0.1125E+00,0.5982E+02,0.8749E+02,0.5642E+02,0.7949E+02,0.6151E+02,0.3606E+01,0.1310E+02,0.1974E+03,0.1670E+02,0.3036E+03,
   32,1993,   4,0.8233E+00,0.5914E+03,0.3460E+02,0.2155E+02,0.1556E+03,0.4933E+02,0.3098E+01,0.4136E+02,0.2264E+03,0.4446E+02,0.1071E+03,
   53,1993,   4,0.2118E-01,0.1423E+02,0.5022E+01,0.3897E+01,0.1852E+02,0.8550E+00,0.5447E+00,0.1611E+01,0.2327E+02,0.2155E+01,0.4984E+01,
   47,1993,   4,0.0000E+00,0.0000E+00,0.0000E+00,0.0000E+00,0.0000E+00,0.0000E+00,0.0000E+00,0.0000E+00,0.0000E+00,0.0000E+00,0.0000E+00,
   81,1993,   4,0.0000E+00,0.0000E+00,0.0000E+00,0.0000E+00,0.0000E+00,0.0000E+00,0.0000E+00,0.0000E+00,0.0000E+00,0.0000E+00,0.0000E+00,
   82,1993,   4,0.4383E-01,0.3028E+02,0.0000E+00,0.0000E+00,0.0000E+00,0.1892E+01,0.0000E+00,0.1892E+02,0.1892E+01,0.1892E+02,0.3028E+02,
   79,1993,   4,0.3454E-02,0.1789E+01,0.8947E+01,0.2672E+01,0.1002E+00,0.5677E+00,0.5190E+00,0.1270E+01,0.3340E+01,0.1789E+01,0.4474E+01,
   77,1993,   4,0.3958E+00,0.2181E+03,0.5687E+03,0.8205E+02,0.7337E+02,0.1141E+03,0.1095E+02,0.5324E+02,0.2695E+03,0.6419E+02,0.1566E+04,
   85,1993,   4,0.2755E+00,0.1917E+03,0.5962E+03,0.2701E+03,0.5072E+02,0.7796E+02,0.9981E+01,0.2343E+02,0.3988E+03,0.3341E+02,0.8254E+03,
   52,1993,   4,0.0000E+00,0.0000E+00,0.0000E+00,0.0000E+00,0.0000E+00,0.0000E+00,0.0000E+00,0.0000E+00,0.0000E+00,0.0000E+00,0.0000E+00,
   56,1993,   4,0.5039E-02,0.1958E+01,0.1871E+02,0.6091E+00,0.4786E+00,0.2393E+01,0.3481E+00,0.8701E-01,0.3480E+01,0.4351E+00,0.5656E+02,
   87,1993,   4,0.0000E+00,0.0000E+00,0.0000E+00,0.0000E+00,0.0000E+00,0.0000E+00,0.0000E+00,0.0000E+00,0.0000E+00,0.0000E+00,0.0000E+00,
   44,1993,   4,0.0000E+00,0.0000E+00,0.0000E+00,0.0000E+00,0.0000E+00,0.0000E+00,0.0000E+00,0.0000E+00,0.0000E+00,0.0000E+00,0.0000E+00,
   41,1993,   4,0.0000E+00,0.0000E+00,0.0000E+00,0.0000E+00,0.0000E+00,0.0000E+00,0.0000E+00,0.0000E+00,0.0000E+00,0.0000E+00,0.0000E+00,
   49,1993,   4,0.1227E-02,0.5299E+00,0.1574E+01,0.1432E+01,0.1621E+00,0.3137E+00,0.5087E-01,0.2671E+00,0.1907E+01,0.3179E+00,0.2377E+01,
   91,1993,   4,0.4342E-01,0.2116E+02,0.1994E+02,0.2047E+02,0.3209E+02,0.6771E+01,0.1042E+01,0.4343E+01,0.5933E+02,0.5385E+01,0.4569E+02,
   51,1993,   4,0.6049E-02,0.2611E+01,0.1201E+02,0.7056E+01,0.7991E+00,0.1546E+01,0.2507E+00,0.1316E+01,0.9401E+01,0.1567E+01,0.1149E+02,
   68,1993,   4,0.0000E+00,0.0000E+00,0.0000E+00,0.0000E+00,0.0000E+00,0.0000E+00,0.0000E+00,0.0000E+00,0.0000E+00,0.0000E+00,0.0000E+00,
   54,1993,   4,0.1381E+00,0.5365E+02,0.2384E+03,0.1562E+03,0.5234E+02,0.2146E+02,0.6558E+01,0.2790E+02,0.2300E+03,0.3445E+02,0.2265E+03,
   33,1993,   4,0.0000E+00,0.0000E+00,0.0000E+00,0.0000E+00,0.0000E+00,0.0000E+00,0.0000E+00,0.0000E+00,0.0000E+00,0.0000E+00,0.0000E+00,
   80,1993,   4,0.0000E+00,0.0000E+00,0.0000E+00,0.0000E+00,0.0000E+00,0.0000E+00,0.0000E+00,0.0000E+00,0.0000E+00,0.0000E+00,0.0000E+00,
   50,1993,   4,0.0000E+00,0.0000E+00,0.0000E+00,0.0000E+00,0.0000E+00,0.0000E+00,0.0000E+00,0.0000E+00,0.0000E+00,0.0000E+00,0.0000E+00,
   58,1993,   4,0.5800E-01,0.3612E+02,0.2156E+02,0.3193E+01,0.3921E+02,0.4990E+01,0.6309E+00,0.5861E+00,0.4739E+02,0.1217E+01,0.2869E+02,
   17,1993,   4,0.1653E+00,0.7239E+02,0.3931E+03,0.3628E+02,0.4656E+02,0.6219E+02,0.1149E+02,0.2320E+02,0.1450E+03,0.3469E+02,0.9197E+03,
   95,1993,   4,0.1299E-01,0.5609E+01,0.2672E+02,0.1514E+02,0.1721E+01,0.3316E+01,0.4143E+00,0.2164E+01,0.2017E+02,0.2578E+01,0.3227E+02,
   90,1993,   4,0.0000E+00,0.0000E+00,0.0000E+00,0.0000E+00,0.0000E+00,0.0000E+00,0.0000E+00,0.0000E+00,0.0000E+00,0.0000E+00,0.0000E+00,
   15,1993,   4,0.0000E+00,0.0000E+00,0.0000E+00,0.0000E+00,0.0000E+00,0.0000E+00,0.0000E+00,0.0000E+00,0.0000E+00,0.0000E+00,0.0000E+00,
   14,1993,   4,0.3421E-01,0.1467E+02,0.1984E+02,0.2056E+02,0.1820E+03,0.1830E+02,0.1171E+02,0.2864E+02,0.2209E+03,0.4035E+02,0.2325E+02,
   31,1993,   4,0.4466E+00,0.2054E+03,0.7448E+03,0.3551E+03,0.2733E+02,0.7657E+02,0.2192E+02,0.5116E+02,0.4590E+03,0.7308E+02,0.9642E+03,
   12,1993,   4,0.1746E-01,0.7696E+01,0.3314E+02,0.1533E+02,0.1302E+02,0.4404E+01,0.1463E+01,0.3582E+01,0.3276E+02,0.5045E+01,0.6638E+02,
   23,1993,   4,0.1408E-01,0.5499E+01,0.5131E+01,0.9915E+00,0.1645E+01,0.3361E+00,0.1114E+00,0.2659E+00,0.2973E+01,0.3773E+00,0.6521E+02,
   25,1993,   4,0.1009E+02,0.7610E+04,0.1893E+05,0.1370E+05,0.3091E+04,0.3490E+04,0.3947E+03,0.7408E+03,0.2028E+05,0.1135E+04,0.3122E+05,
   18,1993,   4,0.2065E-01,0.1053E+02,0.1936E+02,0.1512E+02,0.1262E+02,0.4138E+01,0.1102E+01,0.2647E+01,0.3188E+02,0.3750E+01,0.3793E+02,
    4,1993,   4,0.4350E-01,0.1718E+02,0.5356E+01,0.2662E+01,0.4098E+01,0.8728E+00,0.3248E+00,0.8655E+00,0.7632E+01,0.1190E+01,0.1320E+03,
   74,1993,   4,0.8447E+00,0.3665E+03,0.1568E+04,0.3732E+02,0.6776E+01,0.8747E+03,0.3350E+02,0.6865E+02,0.9188E+03,0.1022E+03,0.2155E+04,
   73,1993,   4,0.1227E-03,0.4769E-01,0.3179E+00,0.4993E+00,0.6062E+01,0.5706E+00,0.2257E+00,0.5267E+00,0.7132E+01,0.7524E+00,0.9481E+00,
   69,1993,   4,0.1812E-01,0.7040E+01,0.7444E+01,0.1999E+01,0.2408E+02,0.2270E+01,0.9261E+00,0.2161E+01,0.2835E+02,0.3087E+01,0.7344E+01,
   20,1993,   4,0.9030E+00,0.4222E+03,0.1441E+04,0.1139E+04,0.4983E+03,0.2767E+03,0.8138E+02,0.1862E+03,0.1914E+04,0.2675E+03,0.1911E+04,
   36,1993,   4,0.0000E+00,0.0000E+00,0.0000E+00,0.0000E+00,0.0000E+00,0.0000E+00,0.0000E+00,0.0000E+00,0.0000E+00,0.0000E+00,0.0000E+00,
   16,1993,   4,0.3888E-03,0.1548E+00,0.1007E+01,0.1599E+01,0.1806E+02,0.1724E+01,0.6771E+00,0.1581E+01,0.2139E+02,0.2258E+01,0.2560E+01,
   26,1993,   4,0.3278E-01,0.1624E+02,0.2056E+02,0.1186E+02,0.3973E+02,0.5635E+01,0.8175E+00,0.1984E+01,0.5723E+02,0.2801E+01,0.5002E+02,
   30,1993,   4,0.4567E-02,0.1941E+01,0.9938E+01,0.5192E+01,0.4042E+01,0.1456E+01,0.3855E+00,0.9437E+00,0.1069E+02,0.1329E+01,0.1022E+02,
   66,1993,   4,0.0000E+00,0.0000E+00,0.0000E+00,0.0000E+00,0.0000E+00,0.0000E+00,0.0000E+00,0.0000E+00,0.0000E+00,0.0000E+00,0.0000E+00,
   24,1993,   4,0.1777E-02,0.7673E+00,0.4604E+01,0.2296E+01,0.8609E-01,0.4878E+00,0.1113E+00,0.2724E+00,0.2870E+01,0.3837E+00,0.3836E+01,
   10,1993,   4,0.3750E+01,0.1609E+04,0.9396E+03,0.4279E+03,0.1088E+03,0.9803E+02,0.2243E+02,0.4577E+02,0.6347E+03,0.6821E+02,0.9676E+04,
   19,1993,   4,0.3271E+01,0.1289E+04,0.4844E+04,0.2911E+04,0.3595E+03,0.6430E+03,0.1096E+03,0.2446E+03,0.3914E+04,0.3542E+03,0.6311E+04,
   11,1993,   4,0.8426E+00,0.3345E+03,0.1424E+04,0.1282E+04,0.5148E+02,0.2726E+03,0.3903E+02,0.7929E+02,0.1606E+04,0.1183E+03,0.1791E+04,
    0,1993,   4,0.5957E-02,0.2315E+01,0.6498E+01,0.2479E+00,0.3010E+01,0.2832E+00,0.1417E+00,0.3305E+00,0.3541E+01,0.4722E+00,0.1301E-02,
   62,1993,   4,0.0000E+00,0.0000E+00,0.0000E+00,0.0000E+00,0.0000E+00,0.0000E+00,0.0000E+00,0.0000E+00,0.0000E+00,0.0000E+00,0.0000E+00,
   92,1993,   5,0.2998E-01,0.1333E+02,0.6689E+02,0.3080E+02,0.6664E+01,0.8323E+01,0.1766E+01,0.7432E+01,0.4579E+02,0.9198E+01,0.9035E+02,
   61,1993,   5,0.8301E+00,0.5410E+03,0.5925E+03,0.1018E+04,0.2435E+03,0.2708E+03,0.1466E+02,0.3531E+02,0.1532E+04,0.4998E+02,0.6882E+03,
   86,1993,   5,0.1149E+00,0.1820E+04,0.4187E+03,0.1762E+03,0.3776E+03,0.3192E+02,0.5374E+01,0.3856E+02,0.5856E+03,0.4394E+02,0.2548E+04,
   34,1993,   5,0.2171E+02,0.1343E+05,0.4371E+04,0.7131E+04,0.1838E+05,0.2128E+04,0.7212E+02,0.1258E+03,0.2763E+05,0.1979E+03,0.1478E+05,
   64,1993,   5,0.1263E+02,0.7639E+04,0.1416E+05,0.5960E+04,0.6391E+04,0.1361E+04,0.3647E+03,0.3241E+03,0.1371E+05,0.6888E+03,0.1699E+05,
   63,1993,   5,0.0000E+00,0.0000E+00,0.0000E+00,0.0000E+00,0.0000E+00,0.0000E+00,0.0000E+00,0.0000E+00,0.0000E+00,0.0000E+00,0.0000E+00,
   59,1993,   5,0.1749E+00,0.6796E+02,0.0000E+00,0.2964E+03,0.8910E+01,0.8864E+02,0.0000E+00,0.3277E+02,0.3940E+03,0.3277E+02,0.1586E+03,
   55,1993,   5,0.4147E-01,0.1698E+02,0.1543E+02,0.9544E+00,0.3069E+02,0.4304E+01,0.5819E+00,0.2282E+01,0.3595E+02,0.2864E+01,0.1655E+02,
   65,1993,   5,0.8439E-01,0.4537E+02,0.9918E+02,0.4971E+02,0.7276E+02,0.5071E+02,0.5840E+01,0.1072E+02,0.1732E+03,0.1656E+02,0.2143E+03,
   32,1993,   5,0.7583E+00,0.5394E+03,0.9059E+02,0.2240E+02,0.9034E+02,0.4674E+02,0.1068E+02,0.4399E+02,0.1595E+03,0.5467E+02,0.1015E+03,
   53,1993,   5,0.1701E-01,0.1140E+02,0.4324E+01,0.2867E+01,0.2265E+02,0.6357E+00,0.5789E+00,0.1726E+01,0.2615E+02,0.2305E+01,0.2889E+01,
   47,1993,   5,0.0000E+00,0.0000E+00,0.0000E+00,0.0000E+00,0.0000E+00,0.0000E+00,0.0000E+00,0.0000E+00,0.0000E+00,0.0000E+00,0.0000E+00,
   81,1993,   5,0.0000E+00,0.0000E+00,0.0000E+00,0.0000E+00,0.0000E+00,0.0000E+00,0.0000E+00,0.0000E+00,0.0000E+00,0.0000E+00,0.0000E+00,
   82,1993,   5,0.4383E-01,0.3028E+02,0.0000E+00,0.0000E+00,0.0000E+00,0.1892E+01,0.0000E+00,0.1892E+02,0.1892E+01,0.1892E+02,0.3028E+02,
   79,1993,   5,0.3454E-02,0.1789E+01,0.8947E+01,0.2672E+01,0.1002E+00,0.5677E+00,0.5190E+00,0.1270E+01,0.3340E+01,0.1789E+01,0.4474E+01,
   77,1993,   5,0.2159E+00,0.1314E+03,0.8244E+02,0.6990E+02,0.4460E+02,0.4833E+02,0.3976E+01,0.4713E+02,0.1628E+03,0.5110E+02,0.3647E+03,
   85,1993,   5,0.2496E+00,0.1637E+03,0.4227E+03,0.2807E+03,0.4875E+02,0.6280E+02,0.9304E+01,0.2786E+02,0.3923E+03,0.3716E+02,0.3438E+03,
   52,1993,   5,0.0000E+00,0.0000E+00,0.0000E+00,0.0000E+00,0.0000E+00,0.0000E+00,0.0000E+00,0.0000E+00,0.0000E+00,0.0000E+00,0.0000E+00,
   56,1993,   5,0.0000E+00,0.0000E+00,0.0000E+00,0.0000E+00,0.0000E+00,0.0000E+00,0.0000E+00,0.0000E+00,0.0000E+00,0.0000E+00,0.0000E+00,
   87,1993,   5,0.0000E+00,0.0000E+00,0.0000E+00,0.0000E+00,0.0000E+00,0.0000E+00,0.0000E+00,0.0000E+00,0.0000E+00,0.0000E+00,0.0000E+00,
   44,1993,   5,0.0000E+00,0.0000E+00,0.0000E+00,0.0000E+00,0.0000E+00,0.0000E+00,0.0000E+00,0.0000E+00,0.0000E+00,0.0000E+00,0.0000E+00,
   41,1993,   5,0.0000E+00,0.0000E+00,0.0000E+00,0.0000E+00,0.0000E+00,0.0000E+00,0.0000E+00,0.0000E+00,0.0000E+00,0.0000E+00,0.0000E+00,
   49,1993,   5,0.1359E-02,0.5866E+00,0.3421E+01,0.1585E+01,0.1795E+00,0.3472E+00,0.5632E-01,0.2957E+00,0.2112E+01,0.3520E+00,0.2430E+01,
   91,1993,   5,0.3855E-01,0.1906E+02,0.1151E+02,0.1480E+02,0.3144E+02,0.5528E+01,0.8405E+00,0.3284E+01,0.5177E+02,0.4125E+01,0.4179E+02,
   51,1993,   5,0.2411E-02,0.1041E+01,0.2706E+01,0.2812E+01,0.3185E+00,0.6161E+00,0.9992E-01,0.5246E+00,0.3747E+01,0.6245E+00,0.6245E+01,
   68,1993,   5,0.0000E+00,0.0000E+00,0.0000E+00,0.0000E+00,0.0000E+00,0.0000E+00,0.0000E+00,0.0000E+00,0.0000E+00,0.0000E+00,0.0000E+00,
   54,1993,   5,0.1276E+00,0.4956E+02,0.2203E+03,0.1839E+03,0.4945E+02,0.2643E+02,0.8921E+01,0.2941E+02,0.2598E+03,0.3833E+02,0.2203E+03,
   33,1993,   5,0.0000E+00,0.0000E+00,0.0000E+00,0.0000E+00,0.0000E+00,0.0000E+00,0.0000E+00,0.0000E+00,0.0000E+00,0.0000E+00,0.0000E+00,
   80,1993,   5,0.0000E+00,0.0000E+00,0.0000E+00,0.0000E+00,0.0000E+00,0.0000E+00,0.0000E+00,0.0000E+00,0.0000E+00,0.0000E+00,0.0000E+00,
   50,1993,   5,0.0000E+00,0.0000E+00,0.0000E+00,0.0000E+00,0.0000E+00,0.0000E+00,0.0000E+00,0.0000E+00,0.0000E+00,0.0000E+00,0.0000E+00,
   58,1993,   5,0.5932E-01,0.3694E+02,0.2957E+02,0.5369E+01,0.4806E+02,0.5556E+01,0.6067E+00,0.6243E+00,0.5898E+02,0.1231E+01,0.2442E+02,
   17,1993,   5,0.9686E-01,0.4732E+02,0.1312E+03,0.2997E+02,0.4176E+02,0.2103E+02,0.4960E+01,0.1798E+02,0.9276E+02,0.2294E+02,0.1387E+03,
   95,1993,   5,0.8342E-02,0.3603E+01,0.1571E+02,0.9716E+01,0.1108E+01,0.2129E+01,0.2448E+00,0.1295E+01,0.1295E+02,0.1540E+01,0.2217E+02,
   90,1993,   5,0.0000E+00,0.0000E+00,0.0000E+00,0.0000E+00,0.0000E+00,0.0000E+00,0.0000E+00,0.0000E+00,0.0000E+00,0.0000E+00,0.0000E+00,
   15,1993,   5,0.0000E+00,0.0000E+00,0.0000E+00,0.0000E+00,0.0000E+00,0.0000E+00,0.0000E+00,0.0000E+00,0.0000E+00,0.0000E+00,0.0000E+00,
   14,1993,   5,0.3421E-01,0.1467E+02,0.1849E+02,0.2056E+02,0.1820E+03,0.1830E+02,0.1171E+02,0.2864E+02,0.2209E+03,0.4035E+02,0.2058E+02,
   31,1993,   5,0.4466E+00,0.2054E+03,0.7448E+03,0.3551E+03,0.2733E+02,0.7657E+02,0.2192E+02,0.5116E+02,0.4590E+03,0.7308E+02,0.9642E+03,
   12,1993,   5,0.1707E-01,0.7526E+01,0.3161E+02,0.1473E+02,0.1300E+02,0.4277E+01,0.1399E+01,0.3425E+01,0.3201E+02,0.4823E+01,0.6434E+02,
   23,1993,   5,0.1408E-01,0.5499E+01,0.5131E+01,0.9915E+00,0.1645E+01,0.3361E+00,0.1114E+00,0.2659E+00,0.2973E+01,0.3773E+00,0.6521E+02,
   25,1993,   5,0.9492E+01,0.7320E+04,0.1633E+05,0.1363E+05,0.3034E+04,0.3205E+04,0.3532E+03,0.7304E+03,0.1987E+05,0.1084E+04,0.2448E+05,
   18,1993,   5,0.2065E-01,0.1053E+02,0.1936E+02,0.1512E+02,0.1262E+02,0.4138E+01,0.1102E+01,0.2647E+01,0.3188E+02,0.3750E+01,0.3793E+02,
    4,1993,   5,0.4350E-01,0.1718E+02,0.5356E+01,0.2662E+01,0.4098E+01,0.8728E+00,0.3248E+00,0.8655E+00,0.7632E+01,0.1190E+01,0.1320E+03,
   74,1993,   5,0.8447E+00,0.3665E+03,0.1568E+04,0.3732E+02,0.6776E+01,0.8747E+03,0.3350E+02,0.6865E+02,0.9188E+03,0.1022E+03,0.2155E+04,
   73,1993,   5,0.1227E-03,0.4769E-01,0.3179E+00,0.4993E+00,0.6062E+01,0.5706E+00,0.2257E+00,0.5267E+00,0.7132E+01,0.7524E+00,0.9481E+00,
   69,1993,   5,0.1812E-01,0.7040E+01,0.7444E+01,0.1999E+01,0.2408E+02,0.2270E+01,0.9261E+00,0.2161E+01,0.2835E+02,0.3087E+01,0.7344E+01,
   20,1993,   5,0.9030E+00,0.4222E+03,0.1513E+04,0.1139E+04,0.4983E+03,0.2767E+03,0.8139E+02,0.1862E+03,0.1914E+04,0.2675E+03,0.2017E+04,
   36,1993,   5,0.0000E+00,0.0000E+00,0.0000E+00,0.0000E+00,0.0000E+00,0.0000E+00,0.0000E+00,0.0000E+00,0.0000E+00,0.0000E+00,0.0000E+00,
   16,1993,   5,0.3888E-03,0.1548E+00,0.1007E+01,0.1599E+01,0.1806E+02,0.1724E+01,0.6771E+00,0.1581E+01,0.2139E+02,0.2258E+01,0.2560E+01,
   26,1993,   5,0.3278E-01,0.1624E+02,0.2056E+02,0.1186E+02,0.3973E+02,0.5635E+01,0.8175E+00,0.1984E+01,0.5723E+02,0.2801E+01,0.5002E+02,
   30,1993,   5,0.4567E-02,0.1941E+01,0.9938E+01,0.5192E+01,0.4042E+01,0.1456E+01,0.3855E+00,0.9437E+00,0.1069E+02,0.1329E+01,0.1022E+02,
   66,1993,   5,0.0000E+00,0.0000E+00,0.0000E+00,0.0000E+00,0.0000E+00,0.0000E+00,0.0000E+00,0.0000E+00,0.0000E+00,0.0000E+00,0.0000E+00,
   24,1993,   5,0.1777E-02,0.7673E+00,0.4604E+01,0.2296E+01,0.8609E-01,0.4878E+00,0.1113E+00,0.2724E+00,0.2870E+01,0.3837E+00,0.3836E+01,
   10,1993,   5,0.3750E+01,0.1609E+04,0.9396E+03,0.4279E+03,0.1088E+03,0.9803E+02,0.2243E+02,0.4577E+02,0.6347E+03,0.6821E+02,0.9676E+04,
   19,1993,   5,0.3267E+01,0.1288E+04,0.4814E+04,0.2883E+04,0.3400E+03,0.6378E+03,0.1080E+03,0.2408E+03,0.3861E+04,0.3489E+03,0.6275E+04,
   11,1993,   5,0.8426E+00,0.3345E+03,0.1424E+04,0.1282E+04,0.5148E+02,0.2726E+03,0.3903E+02,0.7929E+02,0.1606E+04,0.1183E+03,0.1791E+04,
    0,1993,   5,0.5957E-02,0.2315E+01,0.6498E+01,0.2479E+00,0.3010E+01,0.2832E+00,0.1417E+00,0.3305E+00,0.3541E+01,0.4722E+00,0.1301E-02,
   62,1993,   5,0.0000E+00,0.0000E+00,0.0000E+00,0.0000E+00,0.0000E+00,0.0000E+00,0.0000E+00,0.0000E+00,0.0000E+00,0.0000E+00,0.0000E+00,
   92,1993,   6,0.2551E-01,0.1140E+02,0.4332E+02,0.2547E+02,0.6132E+01,0.6940E+01,0.1574E+01,0.6419E+01,0.3855E+02,0.7993E+01,0.4649E+02,
   61,1993,   6,0.7342E+00,0.3886E+03,0.4832E+03,0.1054E+04,0.2745E+03,0.1314E+03,0.1185E+02,0.3545E+02,0.1460E+04,0.4730E+02,0.4719E+03,
   86,1993,   6,0.1814E+00,0.1765E+04,0.6363E+03,0.1496E+03,0.3738E+03,0.6226E+02,0.9228E+01,0.5043E+02,0.5856E+03,0.5965E+02,0.3059E+04,
   34,1993,   6,0.2106E+02,0.1164E+05,0.4191E+04,0.6975E+04,0.1627E+05,0.2144E+04,0.7440E+02,0.2054E+03,0.2539E+05,0.2798E+03,0.1563E+05,
   64,1993,   6,0.1239E+02,0.7618E+04,0.9139E+04,0.5386E+04,0.6486E+04,0.1238E+04,0.2639E+03,0.2495E+03,0.1311E+05,0.5135E+03,0.9582E+04,
   63,1993,   6,0.0000E+00,0.0000E+00,0.0000E+00,0.0000E+00,0.0000E+00,0.0000E+00,0.0000E+00,0.0000E+00,0.0000E+00,0.0000E+00,0.0000E+00,
   59,1993,   6,0.1633E+00,0.6344E+02,0.1960E+03,0.2897E+03,0.5216E+01,0.3849E+02,0.3102E+01,0.2157E+02,0.3334E+03,0.2467E+02,0.1410E+03,
   55,1993,   6,0.5173E-01,0.2165E+02,0.1714E+02,0.9018E+01,0.4854E+02,0.4507E+01,0.6009E+00,0.3224E+01,0.6207E+02,0.3825E+01,0.1488E+02,
   65,1993,   6,0.7860E-01,0.3911E+02,0.1042E+03,0.5322E+02,0.8353E+02,0.4274E+02,0.6000E+01,0.1660E+02,0.1795E+03,0.2260E+02,0.2801E+03,
   32,1993,   6,0.7014E+00,0.4696E+03,0.2655E+02,0.1899E+02,0.7752E+02,0.4191E+02,0.2594E+01,0.5829E+02,0.1384E+03,0.6089E+02,0.1234E+03,
   53,1993,   6,0.1446E-01,0.9697E+01,0.1316E+01,0.2042E+01,0.1236E+02,0.4421E+00,0.6468E+00,0.1906E+01,0.1484E+02,0.2553E+01,0.5487E+01,
   47,1993,   6,0.0000E+00,0.0000E+00,0.0000E+00,0.0000E+00,0.0000E+00,0.0000E+00,0.0000E+00,0.0000E+00,0.0000E+00,0.0000E+00,0.0000E+00,
   81,1993,   6,0.0000E+00,0.0000E+00,0.0000E+00,0.0000E+00,0.0000E+00,0.0000E+00,0.0000E+00,0.0000E+00,0.0000E+00,0.0000E+00,0.0000E+00,
   82,1993,   6,0.4383E-01,0.3028E+02,0.0000E+00,0.0000E+00,0.0000E+00,0.1892E+01,0.0000E+00,0.1892E+02,0.1892E+01,0.1892E+02,0.3028E+02,
   79,1993,   6,0.3454E-02,0.1789E+01,0.8947E+01,0.2672E+01,0.1002E+00,0.5677E+00,0.5190E+00,0.1270E+01,0.3340E+01,0.1789E+01,0.4474E+01,
   77,1993,   6,0.2757E+00,0.1429E+03,0.5171E+03,0.6853E+02,0.8218E+02,0.9595E+02,0.1120E+02,0.5394E+02,0.2467E+03,0.6515E+02,0.1483E+04,
   85,1993,   6,0.3110E+00,0.1906E+03,0.6144E+03,0.3064E+03,0.5523E+02,0.8812E+02,0.1152E+02,0.2646E+02,0.4497E+03,0.3799E+02,0.8202E+03,
   52,1993,   6,0.0000E+00,0.0000E+00,0.0000E+00,0.0000E+00,0.0000E+00,0.0000E+00,0.0000E+00,0.0000E+00,0.0000E+00,0.0000E+00,0.0000E+00,
   56,1993,   6,0.5674E-02,0.2205E+01,0.2107E+02,0.6859E+00,0.5389E+00,0.2694E+01,0.3920E+00,0.9799E-01,0.3919E+01,0.4900E+00,0.6369E+02,
   87,1993,   6,0.0000E+00,0.0000E+00,0.0000E+00,0.0000E+00,0.0000E+00,0.0000E+00,0.0000E+00,0.0000E+00,0.0000E+00,0.0000E+00,0.0000E+00,
   44,1993,   6,0.0000E+00,0.0000E+00,0.0000E+00,0.0000E+00,0.0000E+00,0.0000E+00,0.0000E+00,0.0000E+00,0.0000E+00,0.0000E+00,0.0000E+00,
   41,1993,   6,0.0000E+00,0.0000E+00,0.0000E+00,0.0000E+00,0.0000E+00,0.0000E+00,0.0000E+00,0.0000E+00,0.0000E+00,0.0000E+00,0.0000E+00,
   49,1993,   6,0.1490E-02,0.6434E+00,0.5132E+01,0.1738E+01,0.1969E+00,0.3808E+00,0.6178E-01,0.3243E+00,0.2316E+01,0.3861E+00,0.2990E+01,
   91,1993,   6,0.4035E-01,0.1984E+02,0.1308E+02,0.1689E+02,0.3168E+02,0.5987E+01,0.9150E+00,0.3676E+01,0.5456E+02,0.4591E+01,0.4375E+02,
   51,1993,   6,0.3550E-02,0.1533E+01,0.7971E+01,0.4142E+01,0.4690E+00,0.9073E+00,0.1472E+00,0.7725E+00,0.5518E+01,0.9197E+00,0.1042E+02,
   68,1993,   6,0.0000E+00,0.0000E+00,0.0000E+00,0.0000E+00,0.0000E+00,0.0000E+00,0.0000E+00,0.0000E+00,0.0000E+00,0.0000E+00,0.0000E+00,
   54,1993,   6,0.1135E+00,0.4411E+02,0.1961E+03,0.1510E+03,0.5921E+02,0.5195E+02,0.9313E+01,0.3039E+02,0.2621E+03,0.3970E+02,0.1666E+03,
   33,1993,   6,0.0000E+00,0.0000E+00,0.0000E+00,0.0000E+00,0.0000E+00,0.0000E+00,0.0000E+00,0.0000E+00,0.0000E+00,0.0000E+00,0.0000E+00,
   80,1993,   6,0.0000E+00,0.0000E+00,0.0000E+00,0.0000E+00,0.0000E+00,0.0000E+00,0.0000E+00,0.0000E+00,0.0000E+00,0.0000E+00,0.0000E+00,
   50,1993,   6,0.0000E+00,0.0000E+00,0.0000E+00,0.0000E+00,0.0000E+00,0.0000E+00,0.0000E+00,0.0000E+00,0.0000E+00,0.0000E+00,0.0000E+00,
   58,1993,   6,0.5528E-01,0.3325E+02,0.3178E+02,0.5556E+01,0.4375E+02,0.2588E+01,0.2819E+00,0.9502E+00,0.5190E+02,0.1232E+01,0.2374E+02,
   17,1993,   6,0.1681E+00,0.7291E+02,0.3982E+03,0.3123E+02,0.3347E+02,0.8138E+02,0.8197E+01,0.1341E+02,0.1461E+03,0.2161E+02,0.1107E+04,
   95,1993,   6,0.3306E-01,0.1428E+02,0.6557E+02,0.3855E+02,0.4374E+01,0.8447E+01,0.5745E+00,0.3015E+01,0.5137E+02,0.3589E+01,0.1055E+03,
   90,1993,   6,0.0000E+00,0.0000E+00,0.0000E+00,0.0000E+00,0.0000E+00,0.0000E+00,0.0000E+00,0.0000E+00,0.0000E+00,0.0000E+00,0.0000E+00,
   15,1993,   6,0.0000E+00,0.0000E+00,0.0000E+00,0.0000E+00,0.0000E+00,0.0000E+00,0.0000E+00,0.0000E+00,0.0000E+00,0.0000E+00,0.0000E+00,
   14,1993,   6,0.3421E-01,0.1467E+02,0.2317E+02,0.2056E+02,0.1820E+03,0.1830E+02,0.1171E+02,0.2864E+02,0.2209E+03,0.4035E+02,0.1790E+02,
   31,1993,   6,0.4466E+00,0.2054E+03,0.7448E+03,0.3551E+03,0.2733E+02,0.7657E+02,0.2192E+02,0.5116E+02,0.4590E+03,0.7308E+02,0.9642E+03,
   12,1993,   6,0.1685E-01,0.7431E+01,0.3076E+02,0.1440E+02,0.1299E+02,0.4206E+01,0.1363E+01,0.3337E+01,0.3159E+02,0.4700E+01,0.6320E+02,
   23,1993,   6,0.1408E-01,0.5499E+01,0.5131E+01,0.9915E+00,0.1645E+01,0.3361E+00,0.1114E+00,0.2659E+00,0.2973E+01,0.3773E+00,0.6521E+02,
   25,1993,   6,0.9494E+01,0.7321E+04,0.1634E+05,0.1363E+05,0.3034E+04,0.3206E+04,0.3533E+03,0.7305E+03,0.1987E+05,0.1084E+04,0.2450E+05,
   18,1993,   6,0.2065E-01,0.7718E+02,0.3463E+03,0.1051E+03,0.6105E+02,0.3477E+02,0.3074E+01,0.8561E+01,0.2009E+03,0.1164E+02,0.2691E+03,
    4,1993,   6,0.4350E-01,0.1718E+02,0.5356E+01,0.2662E+01,0.4098E+01,0.8728E+00,0.3248E+00,0.8655E+00,0.7632E+01,0.1190E+01,0.1320E+03,
   74,1993,   6,0.8447E+00,0.3665E+03,0.1568E+04,0.3732E+02,0.6776E+01,0.8747E+03,0.3350E+02,0.6865E+02,0.9188E+03,0.1022E+03,0.2155E+04,
   73,1993,   6,0.1227E-03,0.4769E-01,0.3179E+00,0.4993E+00,0.6062E+01,0.5706E+00,0.2257E+00,0.5267E+00,0.7132E+01,0.7524E+00,0.9481E+00,
   69,1993,   6,0.1812E-01,0.7040E+01,0.7444E+01,0.1999E+01,0.2408E+02,0.2270E+01,0.9261E+00,0.2161E+01,0.2835E+02,0.3087E+01,0.7344E+01,
   20,1993,   6,0.9030E+00,0.4222E+03,0.1513E+04,0.1139E+04,0.4983E+03,0.2767E+03,0.8139E+02,0.1862E+03,0.1914E+04,0.2675E+03,0.2152E+04,
   36,1993,   6,0.0000E+00,0.0000E+00,0.0000E+00,0.0000E+00,0.0000E+00,0.0000E+00,0.0000E+00,0.0000E+00,0.0000E+00,0.0000E+00,0.0000E+00,
   16,1993,   6,0.3888E-03,0.1548E+00,0.1007E+01,0.1599E+01,0.1806E+02,0.1724E+01,0.6771E+00,0.1581E+01,0.2139E+02,0.2258E+01,0.2560E+01,
   26,1993,   6,0.3278E-01,0.1624E+02,0.2056E+02,0.1186E+02,0.3973E+02,0.5635E+01,0.8175E+00,0.1984E+01,0.5723E+02,0.2801E+01,0.5002E+02,
   30,1993,   6,0.4567E-02,0.1941E+01,0.9938E+01,0.5192E+01,0.4042E+01,0.1456E+01,0.3855E+00,0.9437E+00,0.1069E+02,0.1329E+01,0.1022E+02,
   66,1993,   6,0.0000E+00,0.0000E+00,0.0000E+00,0.0000E+00,0.0000E+00,0.0000E+00,0.0000E+00,0.0000E+00,0.0000E+00,0.0000E+00,0.0000E+00,
   24,1993,   6,0.1777E-02,0.7673E+00,0.4604E+01,0.2296E+01,0.8609E-01,0.4878E+00,0.1113E+00,0.2724E+00,0.2870E+01,0.3837E+00,0.3836E+01,
   10,1993,   6,0.3750E+01,0.1609E+04,0.9396E+03,0.4279E+03,0.1088E+03,0.9803E+02,0.2243E+02,0.4577E+02,0.6347E+03,0.6821E+02,0.9676E+04,
   19,1993,   6,0.3257E+01,0.1283E+04,0.4725E+04,0.2799E+04,0.2814E+03,0.6221E+03,0.1034E+03,0.2295E+03,0.3703E+04,0.3329E+03,0.6169E+04,
   11,1993,   6,0.8426E+00,0.3345E+03,0.1424E+04,0.1282E+04,0.5148E+02,0.2726E+03,0.3903E+02,0.7929E+02,0.1606E+04,0.1183E+03,0.1791E+04,
    0,1993,   6,0.5957E-02,0.2315E+01,0.6498E+01,0.2479E+00,0.3010E+01,0.2832E+00,0.1417E+00,0.3305E+00,0.3541E+01,0.4722E+00,0.1301E-02,
   62,1993,   6,0.0000E+00,0.0000E+00,0.0000E+00,0.0000E+00,0.0000E+00,0.0000E+00,0.0000E+00,0.0000E+00,0.0000E+00,0.0000E+00,0.0000E+00,
   92,1993,   7,0.2104E-01,0.9466E+01,0.3532E+02,0.2025E+02,0.5548E+01,0.5770E+01,0.1388E+01,0.5442E+01,0.3156E+02,0.6829E+01,0.4187E+02,
   61,1993,   7,0.7348E+00,0.4674E+03,0.5566E+03,0.8112E+03,0.2975E+03,0.1979E+03,0.1338E+02,0.2946E+02,0.1307E+04,0.4284E+02,0.5417E+03,
   86,1993,   7,0.1562E+00,0.2117E+04,0.6056E+03,0.9819E+02,0.4665E+03,0.6518E+02,0.7793E+01,0.4899E+02,0.6298E+03,0.5678E+02,0.3393E+04,
   34,1993,   7,0.2061E+02,0.1157E+05,0.4106E+04,0.6779E+04,0.1614E+05,0.2021E+04,0.5592E+02,0.2553E+03,0.2494E+05,0.3112E+03,0.1410E+05,
   64,1993,   7,0.1203E+02,0.7326E+04,0.8499E+04,0.5149E+04,0.5791E+04,0.1116E+04,0.2518E+03,0.2248E+03,0.1206E+05,0.4766E+03,0.1417E+05,
   63,1993,   7,0.0000E+00,0.0000E+00,0.0000E+00,0.0000E+00,0.0000E+00,0.0000E+00,0.0000E+00,0.0000E+00,0.0000E+00,0.0000E+00,0.0000E+00,
   59,1993,   7,0.1543E+00,0.5995E+02,0.2251E+03,0.3494E+03,0.6528E+01,0.7194E+02,0.8660E+01,0.2798E+02,0.4279E+03,0.3664E+02,0.1266E+03,
   55,1993,   7,0.2855E-01,0.1168E+02,0.3860E+01,0.3086E+00,0.1795E+02,0.1887E+01,0.7706E+00,0.6051E+01,0.2014E+02,0.6822E+01,0.3533E+01,
   65,1993,   7,0.5940E-01,0.2983E+02,0.5879E+02,0.2959E+02,0.8624E+02,0.1835E+02,0.4775E+01,0.6449E+01,0.1342E+03,0.1122E+02,0.1153E+03,
   32,1993,   7,0.6678E+00,0.4357E+03,0.8583E+02,0.1791E+02,0.1317E+03,0.4492E+02,0.9702E+01,0.4488E+02,0.1945E+03,0.5458E+02,0.9077E+02,
   53,1993,   7,0.1292E-01,0.8156E+01,0.2128E+01,0.1228E+01,0.6765E+01,0.2736E+00,0.7395E+00,0.2167E+01,0.8267E+01,0.2906E+01,0.3318E+01,
   47,1993,   7,0.0000E+00,0.0000E+00,0.0000E+00,0.0000E+00,0.0000E+00,0.0000E+00,0.0000E+00,0.0000E+00,0.0000E+00,0.0000E+00,0.0000E+00,
   81,1993,   7,0.0000E+00,0.0000E+00,0.0000E+00,0.0000E+00,0.0000E+00,0.0000E+00,0.0000E+00,0.0000E+00,0.0000E+00,0.0000E+00,0.0000E+00,
   82,1993,   7,0.4383E-01,0.3028E+02,0.0000E+00,0.0000E+00,0.0000E+00,0.1892E+01,0.0000E+00,0.1892E+02,0.1892E+01,0.1892E+02,0.3028E+02,
   79,1993,   7,0.3454E-02,0.1789E+01,0.8947E+01,0.2672E+01,0.1002E+00,0.5677E+00,0.5190E+00,0.1270E+01,0.3340E+01,0.1789E+01,0.4474E+01,
   77,1993,   7,0.2398E+00,0.1153E+03,0.4000E+03,0.6336E+02,0.6456E+02,0.7048E+02,0.7124E+01,0.4701E+02,0.1984E+03,0.5414E+02,0.1262E+04,
   85,1993,   7,0.2982E+00,0.1743E+03,0.6309E+03,0.2983E+03,0.5378E+02,0.8340E+02,0.1066E+02,0.2498E+02,0.4355E+03,0.3564E+02,0.8470E+03,
   52,1993,   7,0.0000E+00,0.0000E+00,0.0000E+00,0.0000E+00,0.0000E+00,0.0000E+00,0.0000E+00,0.0000E+00,0.0000E+00,0.0000E+00,0.0000E+00,
   56,1993,   7,0.4823E-02,0.1874E+01,0.1791E+02,0.5830E+00,0.4581E+00,0.2290E+01,0.3332E+00,0.8329E-01,0.3331E+01,0.4165E+00,0.5414E+02,
   87,1993,   7,0.0000E+00,0.0000E+00,0.0000E+00,0.0000E+00,0.0000E+00,0.0000E+00,0.0000E+00,0.0000E+00,0.0000E+00,0.0000E+00,0.0000E+00,
   44,1993,   7,0.0000E+00,0.0000E+00,0.0000E+00,0.0000E+00,0.0000E+00,0.0000E+00,0.0000E+00,0.0000E+00,0.0000E+00,0.0000E+00,0.0000E+00,
   41,1993,   7,0.0000E+00,0.0000E+00,0.0000E+00,0.0000E+00,0.0000E+00,0.0000E+00,0.0000E+00,0.0000E+00,0.0000E+00,0.0000E+00,0.0000E+00,
   49,1993,   7,0.1578E-02,0.6813E+00,0.1665E+01,0.1841E+01,0.2085E+00,0.4033E+00,0.6540E-01,0.3434E+00,0.2452E+01,0.4088E+00,0.2770E+01,
   91,1993,   7,0.4114E-01,0.2018E+02,0.1462E+02,0.1781E+02,0.3178E+02,0.6189E+01,0.9477E+00,0.3847E+01,0.5579E+02,0.4795E+01,0.4529E+02,
   51,1993,   7,0.3244E-02,0.1400E+01,0.1092E+02,0.3784E+01,0.4285E+00,0.8289E+00,0.1345E+00,0.7058E+00,0.5041E+01,0.8402E+00,0.1036E+02,
   68,1993,   7,0.0000E+00,0.0000E+00,0.0000E+00,0.0000E+00,0.0000E+00,0.0000E+00,0.0000E+00,0.0000E+00,0.0000E+00,0.0000E+00,0.0000E+00,
   54,1993,   7,0.1083E+00,0.4207E+02,0.1589E+03,0.1290E+03,0.3665E+02,0.4487E+02,0.8320E+01,0.2711E+02,0.2105E+03,0.3543E+02,0.1028E+03,
   33,1993,   7,0.0000E+00,0.0000E+00,0.0000E+00,0.0000E+00,0.0000E+00,0.0000E+00,0.0000E+00,0.0000E+00,0.0000E+00,0.0000E+00,0.0000E+00,
   80,1993,   7,0.0000E+00,0.0000E+00,0.0000E+00,0.0000E+00,0.0000E+00,0.0000E+00,0.0000E+00,0.0000E+00,0.0000E+00,0.0000E+00,0.0000E+00,
   50,1993,   7,0.0000E+00,0.0000E+00,0.0000E+00,0.0000E+00,0.0000E+00,0.0000E+00,0.0000E+00,0.0000E+00,0.0000E+00,0.0000E+00,0.0000E+00,
   58,1993,   7,0.5568E-01,0.3270E+02,0.1239E+02,0.5243E+01,0.4618E+02,0.7977E+00,0.8767E+00,0.7263E+00,0.5222E+02,0.1603E+01,0.1790E+02,
   17,1993,   7,0.1559E+00,0.6811E+02,0.3405E+03,0.3302E+02,0.6148E+02,0.4822E+02,0.7258E+01,0.1450E+02,0.1427E+03,0.2176E+02,0.8643E+03,
   95,1993,   7,0.6370E-02,0.2751E+01,0.1249E+02,0.7415E+01,0.8470E+00,0.1625E+01,0.2362E+00,0.1234E+01,0.9887E+01,0.1470E+01,0.1996E+02,
   90,1993,   7,0.0000E+00,0.0000E+00,0.0000E+00,0.0000E+00,0.0000E+00,0.0000E+00,0.0000E+00,0.0000E+00,0.0000E+00,0.0000E+00,0.0000E+00,
   15,1993,   7,0.0000E+00,0.0000E+00,0.0000E+00,0.0000E+00,0.0000E+00,0.0000E+00,0.0000E+00,0.0000E+00,0.0000E+00,0.0000E+00,0.0000E+00,
   14,1993,   7,0.3421E-01,0.1467E+02,0.1799E+02,0.2056E+02,0.1820E+03,0.1830E+02,0.1171E+02,0.2864E+02,0.2209E+03,0.4035E+02,0.2044E+02,
   31,1993,   7,0.4466E+00,0.2054E+03,0.7448E+03,0.3551E+03,0.2733E+02,0.7657E+02,0.2192E+02,0.5116E+02,0.4590E+03,0.7308E+02,0.9642E+03,
   12,1993,   7,0.1650E-01,0.7280E+01,0.2940E+02,0.1386E+02,0.1297E+02,0.4093E+01,0.1306E+01,0.3198E+01,0.3092E+02,0.4503E+01,0.6139E+02,
   23,1993,   7,0.1408E-01,0.5499E+01,0.5131E+01,0.9915E+00,0.1645E+01,0.3361E+00,0.1114E+00,0.2659E+00,0.2973E+01,0.3773E+00,0.6521E+02,
   25,1993,   7,0.9492E+01,0.7320E+04,0.1633E+05,0.1363E+05,0.3034E+04,0.3205E+04,0.3532E+03,0.7304E+03,0.1987E+05,0.1084E+04,0.2448E+05,
   18,1993,   7,0.2065E-01,0.7718E+02,0.3463E+03,0.1051E+03,0.6105E+02,0.3477E+02,0.3074E+01,0.8561E+01,0.2009E+03,0.1164E+02,0.2691E+03,
    4,1993,   7,0.4350E-01,0.1718E+02,0.5356E+01,0.2662E+01,0.4098E+01,0.8728E+00,0.3248E+00,0.8655E+00,0.7632E+01,0.1190E+01,0.1320E+03,
   74,1993,   7,0.8447E+00,0.3665E+03,0.1568E+04,0.3732E+02,0.6776E+01,0.8747E+03,0.3350E+02,0.6865E+02,0.9188E+03,0.1022E+03,0.2155E+04,
   73,1993,   7,0.1227E-03,0.4769E-01,0.3179E+00,0.4993E+00,0.6062E+01,0.5706E+00,0.2257E+00,0.5267E+00,0.7132E+01,0.7524E+00,0.9481E+00,
   69,1993,   7,0.1812E-01,0.7040E+01,0.7444E+01,0.1999E+01,0.2408E+02,0.2270E+01,0.9261E+00,0.2161E+01,0.2835E+02,0.3087E+01,0.7344E+01,
   20,1993,   7,0.9030E+00,0.4222E+03,0.1455E+04,0.1139E+04,0.4983E+03,0.2767E+03,0.8138E+02,0.1862E+03,0.1914E+04,0.2675E+03,0.2254E+04,
   36,1993,   7,0.0000E+00,0.0000E+00,0.0000E+00,0.0000E+00,0.0000E+00,0.0000E+00,0.0000E+00,0.0000E+00,0.0000E+00,0.0000E+00,0.0000E+00,
   16,1993,   7,0.3888E-03,0.1548E+00,0.1007E+01,0.1599E+01,0.1806E+02,0.1724E+01,0.6771E+00,0.1581E+01,0.2139E+02,0.2258E+01,0.2560E+01,
   26,1993,   7,0.3278E-01,0.1624E+02,0.2056E+02,0.1186E+02,0.3973E+02,0.5635E+01,0.8175E+00,0.1984E+01,0.5723E+02,0.2801E+01,0.5002E+02,
   30,1993,   7,0.4567E-02,0.1941E+01,0.9938E+01,0.5192E+01,0.4042E+01,0.1456E+01,0.3855E+00,0.9437E+00,0.1069E+02,0.1329E+01,0.1022E+02,
   66,1993,   7,0.0000E+00,0.0000E+00,0.0000E+00,0.0000E+00,0.0000E+00,0.0000E+00,0.0000E+00,0.0000E+00,0.0000E+00,0.0000E+00,0.0000E+00,
   24,1993,   7,0.1777E-02,0.7673E+00,0.4604E+01,0.2296E+01,0.8609E-01,0.4878E+00,0.1113E+00,0.2724E+00,0.2870E+01,0.3837E+00,0.3836E+01,
   10,1993,   7,0.3750E+01,0.1609E+04,0.9396E+03,0.4279E+03,0.1088E+03,0.9803E+02,0.2243E+02,0.4577E+02,0.6347E+03,0.6821E+02,0.9676E+04,
   19,1993,   7,0.3268E+01,0.1288E+04,0.4823E+04,0.2892E+04,0.3460E+03,0.6394E+03,0.1085E+03,0.2420E+03,0.3877E+04,0.3505E+03,0.6286E+04,
   11,1993,   7,0.8426E+00,0.3345E+03,0.1424E+04,0.1282E+04,0.5148E+02,0.2726E+03,0.3903E+02,0.7929E+02,0.1606E+04,0.1183E+03,0.1791E+04,
    0,1993,   7,0.5957E-02,0.2315E+01,0.6498E+01,0.2479E+00,0.3010E+01,0.2832E+00,0.1417E+00,0.3305E+00,0.3541E+01,0.4722E+00,0.1301E-02,
   62,1993,   7,0.0000E+00,0.0000E+00,0.0000E+00,0.0000E+00,0.0000E+00,0.0000E+00,0.0000E+00,0.0000E+00,0.0000E+00,0.0000E+00,0.0000E+00,
   92,1993,   8,0.1986E-01,0.8955E+01,0.4067E+02,0.1884E+02,0.5403E+01,0.5421E+01,0.1337E+01,0.5177E+01,0.2967E+02,0.6514E+01,0.5039E+02,
   61,1993,   8,0.6933E+00,0.4075E+03,0.4515E+03,0.9921E+03,0.1847E+03,0.1534E+03,0.2123E+02,0.2977E+02,0.1330E+04,0.5100E+02,0.4563E+03,
   86,1993,   8,0.1279E+00,0.2176E+04,0.4906E+03,0.1053E+03,0.4853E+03,0.3976E+02,0.6438E+01,0.5182E+02,0.6303E+03,0.5826E+02,0.3065E+04,
   34,1993,   8,0.2053E+02,0.1105E+05,0.4443E+04,0.7559E+04,0.1281E+05,0.2188E+04,0.6857E+02,0.2382E+03,0.2255E+05,0.3068E+03,0.1505E+05,
   64,1993,   8,0.1222E+02,0.6859E+04,0.1086E+05,0.4744E+04,0.6007E+04,0.1267E+04,0.1801E+03,0.1948E+03,0.1202E+05,0.3749E+03,0.1182E+05,
   63,1993,   8,0.0000E+00,0.0000E+00,0.0000E+00,0.0000E+00,0.0000E+00,0.0000E+00,0.0000E+00,0.0000E+00,0.0000E+00,0.0000E+00,0.0000E+00,
   59,1993,   8,0.1566E+00,0.6085E+02,0.2421E+03,0.3087E+03,0.5680E+01,0.1623E+03,0.8385E+01,0.2948E+02,0.4767E+03,0.3786E+02,0.1934E+03,
   55,1993,   8,0.2727E-01,0.1119E+02,0.5078E+01,0.3070E+01,0.1907E+02,0.3578E+01,0.5870E+00,0.7451E+01,0.2572E+02,0.8038E+01,0.7722E+01,
   65,1993,   8,0.6935E-01,0.3783E+02,0.6182E+02,0.3595E+02,0.8536E+02,0.2354E+02,0.3380E+01,0.9582E+01,0.1448E+03,0.1296E+02,0.1031E+03,
   32,1993,   8,0.6547E+00,0.4168E+03,0.2759E+02,0.1934E+02,0.1046E+03,0.4006E+02,0.2497E+01,0.5464E+02,0.1640E+03,0.5714E+02,0.1181E+03,
   53,1993,   8,0.1204E-01,0.7906E+01,0.2473E+01,0.2045E+01,0.1435E+02,0.4427E+00,0.6896E+00,0.1989E+01,0.1684E+02,0.2679E+01,0.6783E+01,
   47,1993,   8,0.0000E+00,0.0000E+00,0.0000E+00,0.0000E+00,0.0000E+00,0.0000E+00,0.0000E+00,0.0000E+00,0.0000E+00,0.0000E+00,0.0000E+00,
   81,1993,   8,0.0000E+00,0.0000E+00,0.0000E+00,0.0000E+00,0.0000E+00,0.0000E+00,0.0000E+00,0.0000E+00,0.0000E+00,0.0000E+00,0.0000E+00,
   82,1993,   8,0.4383E-01,0.3028E+02,0.0000E+00,0.0000E+00,0.0000E+00,0.1892E+01,0.0000E+00,0.1892E+02,0.1892E+01,0.1892E+02,0.3028E+02,
   79,1993,   8,0.3454E-02,0.1789E+01,0.8947E+01,0.2672E+01,0.1002E+00,0.5677E+00,0.5190E+00,0.1270E+01,0.3340E+01,0.1789E+01,0.4474E+01,
   77,1993,   8,0.1742E+00,0.9911E+02,0.5668E+02,0.4625E+02,0.4565E+02,0.2896E+02,0.8250E+00,0.3980E+02,0.1209E+03,0.4062E+02,0.1529E+03,
   85,1993,   8,0.2511E+00,0.1577E+03,0.5333E+03,0.2825E+03,0.4895E+02,0.6318E+02,0.7988E+01,0.2418E+02,0.3946E+03,0.3217E+02,0.3718E+03,
   52,1993,   8,0.0000E+00,0.0000E+00,0.0000E+00,0.0000E+00,0.0000E+00,0.0000E+00,0.0000E+00,0.0000E+00,0.0000E+00,0.0000E+00,0.0000E+00,
   56,1993,   8,0.0000E+00,0.0000E+00,0.0000E+00,0.0000E+00,0.0000E+00,0.0000E+00,0.0000E+00,0.0000E+00,0.0000E+00,0.0000E+00,0.0000E+00,
   87,1993,   8,0.0000E+00,0.0000E+00,0.0000E+00,0.0000E+00,0.0000E+00,0.0000E+00,0.0000E+00,0.0000E+00,0.0000E+00,0.0000E+00,0.0000E+00,
   44,1993,   8,0.0000E+00,0.0000E+00,0.0000E+00,0.0000E+00,0.0000E+00,0.0000E+00,0.0000E+00,0.0000E+00,0.0000E+00,0.0000E+00,0.0000E+00,
   41,1993,   8,0.0000E+00,0.0000E+00,0.0000E+00,0.0000E+00,0.0000E+00,0.0000E+00,0.0000E+00,0.0000E+00,0.0000E+00,0.0000E+00,0.0000E+00,
   49,1993,   8,0.1622E-02,0.7002E+00,0.1291E+01,0.1892E+01,0.2143E+00,0.4145E+00,0.6722E-01,0.3529E+00,0.2521E+01,0.4201E+00,0.1506E+01,
   91,1993,   8,0.4184E-01,0.2048E+02,0.1075E+02,0.1863E+02,0.3188E+02,0.6368E+01,0.9768E+00,0.4000E+01,0.5688E+02,0.4977E+01,0.4345E+02,
   51,1993,   8,0.2937E-02,0.1268E+01,0.6086E+01,0.3426E+01,0.3880E+00,0.7505E+00,0.1217E+00,0.6390E+00,0.4564E+01,0.7607E+00,0.5579E+01,
   68,1993,   8,0.0000E+00,0.0000E+00,0.0000E+00,0.0000E+00,0.0000E+00,0.0000E+00,0.0000E+00,0.0000E+00,0.0000E+00,0.0000E+00,0.0000E+00,
   54,1993,   8,0.1188E+00,0.4616E+02,0.1846E+03,0.1580E+03,0.4482E+02,0.1333E+02,0.9231E+01,0.2708E+02,0.2161E+03,0.3631E+02,0.1333E+03,
   33,1993,   8,0.0000E+00,0.0000E+00,0.0000E+00,0.0000E+00,0.0000E+00,0.0000E+00,0.0000E+00,0.0000E+00,0.0000E+00,0.0000E+00,0.0000E+00,
   80,1993,   8,0.0000E+00,0.0000E+00,0.0000E+00,0.0000E+00,0.0000E+00,0.0000E+00,0.0000E+00,0.0000E+00,0.0000E+00,0.0000E+00,0.0000E+00,
   50,1993,   8,0.0000E+00,0.0000E+00,0.0000E+00,0.0000E+00,0.0000E+00,0.0000E+00,0.0000E+00,0.0000E+00,0.0000E+00,0.0000E+00,0.0000E+00,
   58,1993,   8,0.5493E-01,0.3342E+02,0.2495E+02,0.5573E+01,0.4071E+02,0.2001E+01,0.6710E+00,0.6454E+00,0.4828E+02,0.1316E+01,0.2303E+02,
   17,1993,   8,0.4720E-01,0.2549E+02,0.2526E+02,0.1959E+02,0.3608E+02,0.7866E+01,0.8370E+00,0.8258E+01,0.6353E+02,0.9095E+01,0.2741E+02,
   95,1993,   8,0.7729E-02,0.3338E+01,0.1360E+02,0.9000E+01,0.1026E+01,0.1972E+01,0.2349E+00,0.1225E+01,0.1200E+02,0.1460E+01,0.2647E+02,
   90,1993,   8,0.0000E+00,0.0000E+00,0.0000E+00,0.0000E+00,0.0000E+00,0.0000E+00,0.0000E+00,0.0000E+00,0.0000E+00,0.0000E+00,0.0000E+00,
   15,1993,   8,0.0000E+00,0.0000E+00,0.0000E+00,0.0000E+00,0.0000E+00,0.0000E+00,0.0000E+00,0.0000E+00,0.0000E+00,0.0000E+00,0.0000E+00,
   14,1993,   8,0.3421E-01,0.1467E+02,0.2112E+02,0.2056E+02,0.1820E+03,0.1830E+02,0.1171E+02,0.2864E+02,0.2209E+03,0.4035E+02,0.1959E+02,
   31,1993,   8,0.4466E+00,0.2054E+03,0.7448E+03,0.3551E+03,0.2733E+02,0.7657E+02,0.2192E+02,0.5116E+02,0.4590E+03,0.7308E+02,0.9642E+03,
   12,1993,   8,0.1659E-01,0.7318E+01,0.2974E+02,0.1400E+02,0.1297E+02,0.4121E+01,0.1320E+01,0.3233E+01,0.3109E+02,0.4553E+01,0.6184E+02,
   23,1993,   8,0.1408E-01,0.5499E+01,0.5131E+01,0.9915E+00,0.1645E+01,0.3361E+00,0.1114E+00,0.2659E+00,0.2973E+01,0.3773E+00,0.6521E+02,
   25,1993,   8,0.9492E+01,0.7320E+04,0.1633E+05,0.1363E+05,0.3034E+04,0.3205E+04,0.3532E+03,0.7304E+03,0.1987E+05,0.1084E+04,0.2448E+05,
   18,1993,   8,0.2065E-01,0.7718E+02,0.3463E+03,0.1051E+03,0.6105E+02,0.3477E+02,0.3074E+01,0.8561E+01,0.2009E+03,0.1164E+02,0.2691E+03,
    4,1993,   8,0.4350E-01,0.1718E+02,0.5356E+01,0.2662E+01,0.4098E+01,0.8728E+00,0.3248E+00,0.8655E+00,0.7632E+01,0.1190E+01,0.1320E+03,
   74,1993,   8,0.8447E+00,0.3665E+03,0.1568E+04,0.3732E+02,0.6776E+01,0.8747E+03,0.3350E+02,0.6865E+02,0.9188E+03,0.1022E+03,0.2155E+04,
   73,1993,   8,0.1227E-03,0.4769E-01,0.3179E+00,0.4993E+00,0.6062E+01,0.5706E+00,0.2257E+00,0.5267E+00,0.7132E+01,0.7524E+00,0.9481E+00,
   69,1993,   8,0.1812E-01,0.7040E+01,0.7444E+01,0.1999E+01,0.2408E+02,0.2270E+01,0.9261E+00,0.2161E+01,0.2835E+02,0.3087E+01,0.7344E+01,
   20,1993,   8,0.9030E+00,0.4222E+03,0.1499E+04,0.1139E+04,0.4983E+03,0.2767E+03,0.8138E+02,0.1862E+03,0.1914E+04,0.2675E+03,0.2018E+04,
   36,1993,   8,0.0000E+00,0.0000E+00,0.0000E+00,0.0000E+00,0.0000E+00,0.0000E+00,0.0000E+00,0.0000E+00,0.0000E+00,0.0000E+00,0.0000E+00,
   16,1993,   8,0.3888E-03,0.1548E+00,0.1007E+01,0.1599E+01,0.1806E+02,0.1724E+01,0.6771E+00,0.1581E+01,0.2139E+02,0.2258E+01,0.2560E+01,
   26,1993,   8,0.3278E-01,0.1624E+02,0.2056E+02,0.1186E+02,0.3973E+02,0.5635E+01,0.8175E+00,0.1984E+01,0.5723E+02,0.2801E+01,0.5002E+02,
   30,1993,   8,0.4567E-02,0.1941E+01,0.9938E+01,0.5192E+01,0.4042E+01,0.1456E+01,0.3855E+00,0.9437E+00,0.1069E+02,0.1329E+01,0.1022E+02,
   66,1993,   8,0.0000E+00,0.0000E+00,0.0000E+00,0.0000E+00,0.0000E+00,0.0000E+00,0.0000E+00,0.0000E+00,0.0000E+00,0.0000E+00,0.0000E+00,
   24,1993,   8,0.1777E-02,0.7673E+00,0.4604E+01,0.2296E+01,0.8609E-01,0.4878E+00,0.1113E+00,0.2724E+00,0.2870E+01,0.3837E+00,0.3836E+01,
   10,1993,   8,0.3750E+01,0.1609E+04,0.9396E+03,0.4279E+03,0.1088E+03,0.9803E+02,0.2243E+02,0.4577E+02,0.6347E+03,0.6821E+02,0.9676E+04,
   19,1993,   8,0.3267E+01,0.1288E+04,0.4812E+04,0.2882E+04,0.3389E+03,0.6375E+03,0.1080E+03,0.2406E+03,0.3858E+04,0.3486E+03,0.6273E+04,
   11,1993,   8,0.8426E+00,0.3345E+03,0.1424E+04,0.1282E+04,0.5148E+02,0.2726E+03,0.3903E+02,0.7929E+02,0.1606E+04,0.1183E+03,0.1791E+04,
    0,1993,   8,0.5957E-02,0.2315E+01,0.6498E+01,0.2479E+00,0.3010E+01,0.2832E+00,0.1417E+00,0.3305E+00,0.3541E+01,0.4722E+00,0.1301E-02,
   62,1993,   8,0.0000E+00,0.0000E+00,0.0000E+00,0.0000E+00,0.0000E+00,0.0000E+00,0.0000E+00,0.0000E+00,0.0000E+00,0.0000E+00,0.0000E+00,
   92,1993,   9,0.1578E-01,0.7195E+01,0.2796E+02,0.1410E+02,0.4860E+01,0.4398E+01,0.1169E+01,0.4293E+01,0.2335E+02,0.5461E+01,0.3709E+02,
   61,1993,   9,0.6756E+00,0.4006E+03,0.2213E+03,0.9130E+03,0.2589E+03,0.1429E+03,0.6510E+01,0.5788E+02,0.1315E+04,0.6439E+02,0.6538E+03,
   86,1993,   9,0.1075E+00,0.1480E+04,0.3230E+03,0.9157E+02,0.3674E+03,0.3055E+02,0.4515E+01,0.3965E+02,0.4895E+03,0.4416E+02,0.2046E+04,
   34,1993,   9,0.2064E+02,0.1201E+05,0.3963E+04,0.6960E+04,0.1798E+05,0.2017E+04,0.9049E+02,0.1848E+03,0.2695E+05,0.2753E+03,0.1497E+05,
   64,1993,   9,0.1233E+02,0.7334E+04,0.7610E+04,0.4202E+04,0.6844E+04,0.1331E+04,0.1797E+03,0.2704E+03,0.1238E+05,0.4501E+03,0.1136E+05,
   63,1993,   9,0.0000E+00,0.0000E+00,0.0000E+00,0.0000E+00,0.0000E+00,0.0000E+00,0.0000E+00,0.0000E+00,0.0000E+00,0.0000E+00,0.0000E+00,
   59,1993,   9,0.1542E+00,0.5992E+02,0.3129E+03,0.2979E+03,0.9453E+01,0.1438E+03,0.2664E+01,0.2663E+02,0.4511E+03,0.2929E+02,0.2317E+03,
   55,1993,   9,0.2700E-01,0.1105E+02,0.7340E+01,0.1141E+02,0.1346E+02,0.4761E+01,0.2469E+00,0.4825E+01,0.2963E+02,0.5072E+01,0.9983E+01,
   65,1993,   9,0.8728E-01,0.4253E+02,0.3348E+02,0.2790E+02,0.8892E+02,0.3002E+02,0.2032E+01,0.1735E+02,0.1468E+03,0.1938E+02,0.2352E+03,
   32,1993,   9,0.6383E+00,0.4162E+03,0.7469E+02,0.1862E+02,0.1357E+03,0.4409E+02,0.5174E+01,0.4816E+02,0.1984E+03,0.5334E+02,0.1592E+03,
   53,1993,   9,0.1271E-01,0.8099E+01,0.1616E+01,0.1646E+01,0.1711E+01,0.3553E+00,0.6835E+00,0.1993E+01,0.3711E+01,0.2676E+01,0.8629E+01,
   47,1993,   9,0.0000E+00,0.0000E+00,0.0000E+00,0.0000E+00,0.0000E+00,0.0000E+00,0.0000E+00,0.0000E+00,0.0000E+00,0.0000E+00,0.0000E+00,
   81,1993,   9,0.0000E+00,0.0000E+00,0.0000E+00,0.0000E+00,0.0000E+00,0.0000E+00,0.0000E+00,0.0000E+00,0.0000E+00,0.0000E+00,0.0000E+00,
   82,1993,   9,0.4383E-01,0.3028E+02,0.0000E+00,0.0000E+00,0.0000E+00,0.1892E+01,0.0000E+00,0.1892E+02,0.1892E+01,0.1892E+02,0.3028E+02,
   79,1993,   9,0.3454E-02,0.1789E+01,0.8947E+01,0.2672E+01,0.1002E+00,0.5677E+00,0.5190E+00,0.1270E+01,0.3340E+01,0.1789E+01,0.4474E+01,
   77,1993,   9,0.1877E+00,0.1001E+03,0.1206E+03,0.4901E+02,0.2894E+02,0.1499E+02,0.2622E+02,0.3750E+02,0.9294E+02,0.6372E+02,0.1948E+03,
   85,1993,   9,0.2461E+00,0.1546E+03,0.4810E+03,0.2766E+03,0.4829E+02,0.6190E+02,0.8401E+01,0.2538E+02,0.3868E+03,0.3378E+02,0.3062E+03,
   52,1993,   9,0.0000E+00,0.0000E+00,0.0000E+00,0.0000E+00,0.0000E+00,0.0000E+00,0.0000E+00,0.0000E+00,0.0000E+00,0.0000E+00,0.0000E+00,
   56,1993,   9,0.0000E+00,0.0000E+00,0.0000E+00,0.0000E+00,0.0000E+00,0.0000E+00,0.0000E+00,0.0000E+00,0.0000E+00,0.0000E+00,0.0000E+00,
   87,1993,   9,0.0000E+00,0.0000E+00,0.0000E+00,0.0000E+00,0.0000E+00,0.0000E+00,0.0000E+00,0.0000E+00,0.0000E+00,0.0000E+00,0.0000E+00,
   44,1993,   9,0.0000E+00,0.0000E+00,0.0000E+00,0.0000E+00,0.0000E+00,0.0000E+00,0.0000E+00,0.0000E+00,0.0000E+00,0.0000E+00,0.0000E+00,
   41,1993,   9,0.0000E+00,0.0000E+00,0.0000E+00,0.0000E+00,0.0000E+00,0.0000E+00,0.0000E+00,0.0000E+00,0.0000E+00,0.0000E+00,0.0000E+00,
   49,1993,   9,0.1271E-02,0.5488E+00,0.1582E+01,0.1483E+01,0.1679E+00,0.3249E+00,0.5269E-01,0.2766E+00,0.1976E+01,0.3293E+00,0.1328E+01,
   91,1993,   9,0.4109E-01,0.2016E+02,0.7828E+01,0.1776E+02,0.3178E+02,0.6178E+01,0.9459E+00,0.3838E+01,0.5572E+02,0.4784E+01,0.4537E+02,
   51,1993,   9,0.2192E-02,0.9462E+00,0.3406E+01,0.2557E+01,0.2895E+00,0.5601E+00,0.9084E-01,0.4769E+00,0.3406E+01,0.5677E+00,0.8705E+01,
   68,1993,   9,0.0000E+00,0.0000E+00,0.0000E+00,0.0000E+00,0.0000E+00,0.0000E+00,0.0000E+00,0.0000E+00,0.0000E+00,0.0000E+00,0.0000E+00,
   54,1993,   9,0.1034E+00,0.4019E+02,0.1429E+03,0.9647E+02,0.2956E+02,0.3215E+02,0.1697E+01,0.2814E+02,0.1582E+03,0.2983E+02,0.1072E+03,
   33,1993,   9,0.0000E+00,0.0000E+00,0.0000E+00,0.0000E+00,0.0000E+00,0.0000E+00,0.0000E+00,0.0000E+00,0.0000E+00,0.0000E+00,0.0000E+00,
   80,1993,   9,0.0000E+00,0.0000E+00,0.0000E+00,0.0000E+00,0.0000E+00,0.0000E+00,0.0000E+00,0.0000E+00,0.0000E+00,0.0000E+00,0.0000E+00,
   50,1993,   9,0.0000E+00,0.0000E+00,0.0000E+00,0.0000E+00,0.0000E+00,0.0000E+00,0.0000E+00,0.0000E+00,0.0000E+00,0.0000E+00,0.0000E+00,
   58,1993,   9,0.5655E-01,0.3323E+02,0.2264E+02,0.2052E+01,0.5110E+02,0.5102E+01,0.4478E+00,0.1334E+01,0.5826E+02,0.1781E+01,0.1879E+02,
   17,1993,   9,0.4426E-01,0.2546E+02,0.1027E+02,0.2447E+02,0.3160E+02,0.8429E+01,0.6945E+00,0.8096E+01,0.6450E+02,0.8791E+01,0.2767E+02,
   95,1993,   9,0.7509E-02,0.3243E+01,0.5309E+01,0.8744E+01,0.9975E+00,0.1916E+01,0.2053E+00,0.1080E+01,0.1166E+02,0.1285E+01,0.2410E+02,
   90,1993,   9,0.0000E+00,0.0000E+00,0.0000E+00,0.0000E+00,0.0000E+00,0.0000E+00,0.0000E+00,0.0000E+00,0.0000E+00,0.0000E+00,0.0000E+00,
   15,1993,   9,0.0000E+00,0.0000E+00,0.0000E+00,0.0000E+00,0.0000E+00,0.0000E+00,0.0000E+00,0.0000E+00,0.0000E+00,0.0000E+00,0.0000E+00,
   14,1993,   9,0.3421E-01,0.1467E+02,0.1940E+02,0.2056E+02,0.1820E+03,0.1830E+02,0.1171E+02,0.2864E+02,0.2209E+03,0.4035E+02,0.2034E+02,
   31,1993,   9,0.4466E+00,0.2054E+03,0.7448E+03,0.3551E+03,0.2733E+02,0.7657E+02,0.2192E+02,0.5116E+02,0.4590E+03,0.7308E+02,0.9642E+03,
   12,1993,   9,0.1650E-01,0.7280E+01,0.2940E+02,0.1386E+02,0.1297E+02,0.4093E+01,0.1306E+01,0.3198E+01,0.3092E+02,0.4503E+01,0.6139E+02,
   23,1993,   9,0.1408E-01,0.5499E+01,0.5131E+01,0.9915E+00,0.1645E+01,0.3361E+00,0.1114E+00,0.2659E+00,0.2973E+01,0.3773E+00,0.6521E+02,
   25,1993,   9,0.9630E+01,0.7387E+04,0.1693E+05,0.1364E+05,0.3047E+04,0.3271E+04,0.3627E+03,0.7328E+03,0.1996E+05,0.1096E+04,0.2603E+05,
   18,1993,   9,0.2065E-01,0.7718E+02,0.3463E+03,0.1051E+03,0.6105E+02,0.3477E+02,0.3074E+01,0.8561E+01,0.2009E+03,0.1164E+02,0.2691E+03,
    4,1993,   9,0.4350E-01,0.1718E+02,0.5356E+01,0.2662E+01,0.4098E+01,0.8728E+00,0.3248E+00,0.8655E+00,0.7632E+01,0.1190E+01,0.1320E+03,
   74,1993,   9,0.8447E+00,0.3665E+03,0.1568E+04,0.3732E+02,0.6776E+01,0.8747E+03,0.3350E+02,0.6865E+02,0.9188E+03,0.1022E+03,0.2155E+04,
   73,1993,   9,0.1227E-03,0.4769E-01,0.3179E+00,0.4993E+00,0.6062E+01,0.5706E+00,0.2257E+00,0.5267E+00,0.7132E+01,0.7524E+00,0.9481E+00,
   69,1993,   9,0.1812E-01,0.7040E+01,0.7444E+01,0.1999E+01,0.2408E+02,0.2270E+01,0.9261E+00,0.2161E+01,0.2835E+02,0.3087E+01,0.7344E+01,
   20,1993,   9,0.9030E+00,0.4222E+03,0.1476E+04,0.1139E+04,0.4983E+03,0.2767E+03,0.8138E+02,0.1862E+03,0.1914E+04,0.2675E+03,0.1955E+04,
   36,1993,   9,0.0000E+00,0.0000E+00,0.0000E+00,0.0000E+00,0.0000E+00,0.0000E+00,0.0000E+00,0.0000E+00,0.0000E+00,0.0000E+00,0.0000E+00,
   16,1993,   9,0.3888E-03,0.1548E+00,0.1007E+01,0.1599E+01,0.1806E+02,0.1724E+01,0.6771E+00,0.1581E+01,0.2139E+02,0.2258E+01,0.2560E+01,
   26,1993,   9,0.3278E-01,0.1624E+02,0.2056E+02,0.1186E+02,0.3973E+02,0.5635E+01,0.8175E+00,0.1984E+01,0.5723E+02,0.2801E+01,0.5002E+02,
   30,1993,   9,0.4567E-02,0.1941E+01,0.9938E+01,0.5192E+01,0.4042E+01,0.1456E+01,0.3855E+00,0.9437E+00,0.1069E+02,0.1329E+01,0.1022E+02,
   66,1993,   9,0.0000E+00,0.0000E+00,0.0000E+00,0.0000E+00,0.0000E+00,0.0000E+00,0.0000E+00,0.0000E+00,0.0000E+00,0.0000E+00,0.0000E+00,
   24,1993,   9,0.1777E-02,0.7673E+00,0.4604E+01,0.2296E+01,0.8609E-01,0.4878E+00,0.1113E+00,0.2724E+00,0.2870E+01,0.3837E+00,0.3836E+01,
   10,1993,   9,0.3750E+01,0.1609E+04,0.9396E+03,0.4279E+03,0.1088E+03,0.9803E+02,0.2243E+02,0.4577E+02,0.6347E+03,0.6821E+02,0.9676E+04,
   19,1993,   9,0.3270E+01,0.1289E+04,0.4834E+04,0.2902E+04,0.3534E+03,0.6414E+03,0.1091E+03,0.2434E+03,0.3897E+04,0.3525E+03,0.6300E+04,
   11,1993,   9,0.8426E+00,0.3345E+03,0.1424E+04,0.1282E+04,0.5148E+02,0.2726E+03,0.3903E+02,0.7929E+02,0.1606E+04,0.1183E+03,0.1791E+04,
    0,1993,   9,0.5957E-02,0.2315E+01,0.6498E+01,0.2479E+00,0.3010E+01,0.2832E+00,0.1417E+00,0.3305E+00,0.3541E+01,0.4722E+00,0.1301E-02,
   62,1993,   9,0.0000E+00,0.0000E+00,0.0000E+00,0.0000E+00,0.0000E+00,0.0000E+00,0.0000E+00,0.0000E+00,0.0000E+00,0.0000E+00,0.0000E+00,
   92,1993,  10,0.1666E-01,0.7573E+01,0.3116E+02,0.1502E+02,0.5025E+01,0.4419E+01,0.1199E+01,0.4449E+01,0.2447E+02,0.5649E+01,0.2107E+02,
   61,1993,  10,0.6909E+00,0.4440E+03,0.6407E+03,0.8257E+03,0.2997E+03,0.1995E+03,0.1454E+02,0.5446E+02,0.1325E+04,0.6899E+02,0.6109E+03,
   86,1993,  10,0.1653E+00,0.1208E+04,0.4852E+03,0.8828E+02,0.3163E+03,0.5238E+02,0.8633E+01,0.3876E+02,0.4570E+03,0.4739E+02,0.2215E+04,
   34,1993,  10,0.1980E+02,0.1132E+05,0.3527E+04,0.7319E+04,0.1579E+05,0.1991E+04,0.8565E+02,0.1405E+03,0.2510E+05,0.2262E+03,0.1409E+05,
   64,1993,  10,0.1228E+02,0.7463E+04,0.6662E+04,0.4763E+04,0.6853E+04,0.1305E+04,0.1392E+03,0.2281E+03,0.1292E+05,0.3673E+03,0.1251E+05,
   63,1993,  10,0.0000E+00,0.0000E+00,0.0000E+00,0.0000E+00,0.0000E+00,0.0000E+00,0.0000E+00,0.0000E+00,0.0000E+00,0.0000E+00,0.0000E+00,
   59,1993,  10,0.1503E+00,0.5840E+02,0.2180E+03,0.3387E+03,0.5840E+01,0.2531E+03,0.5192E+01,0.3374E+02,0.5976E+03,0.3893E+02,0.1791E+03,
   55,1993,  10,0.3139E-01,0.1299E+02,0.1015E+02,0.1057E+01,0.1915E+02,0.6059E+01,0.9110E+00,0.6311E+01,0.2627E+02,0.7222E+01,0.8577E+01,
   65,1993,  10,0.8460E-01,0.4284E+02,0.4865E+02,0.4246E+02,0.8856E+02,0.2760E+02,0.1551E+01,0.1480E+02,0.1586E+03,0.1635E+02,0.1605E+03,
   32,1993,  10,0.6335E+00,0.4235E+03,0.1147E+03,0.1813E+02,0.3774E+03,0.4893E+02,0.7195E+01,0.4778E+02,0.4445E+03,0.5497E+02,0.1501E+03,
   53,1993,  10,0.1354E-01,0.9085E+01,0.1308E+01,0.2681E+01,0.8622E+01,0.5811E+00,0.5167E+00,0.1540E+01,0.1188E+02,0.2057E+01,0.4013E+01,
   47,1993,  10,0.0000E+00,0.0000E+00,0.0000E+00,0.0000E+00,0.0000E+00,0.0000E+00,0.0000E+00,0.0000E+00,0.0000E+00,0.0000E+00,0.0000E+00,
   81,1993,  10,0.0000E+00,0.0000E+00,0.0000E+00,0.0000E+00,0.0000E+00,0.0000E+00,0.0000E+00,0.0000E+00,0.0000E+00,0.0000E+00,0.0000E+00,
   82,1993,  10,0.4383E-01,0.3028E+02,0.0000E+00,0.0000E+00,0.0000E+00,0.1892E+01,0.0000E+00,0.1892E+02,0.1892E+01,0.1892E+02,0.3028E+02,
   79,1993,  10,0.3454E-02,0.1789E+01,0.8947E+01,0.2672E+01,0.1002E+00,0.5677E+00,0.5190E+00,0.1270E+01,0.3340E+01,0.1789E+01,0.4474E+01,
   77,1993,  10,0.2783E+00,0.1429E+03,0.3825E+03,0.6309E+02,0.6626E+02,0.5691E+02,0.1044E+02,0.5311E+02,0.1863E+03,0.6356E+02,0.1277E+04,
   85,1993,  10,0.2526E+00,0.1573E+03,0.5659E+03,0.2442E+03,0.4773E+02,0.7196E+02,0.1132E+02,0.2656E+02,0.3639E+03,0.3788E+02,0.7327E+03,
   52,1993,  10,0.0000E+00,0.0000E+00,0.0000E+00,0.0000E+00,0.0000E+00,0.0000E+00,0.0000E+00,0.0000E+00,0.0000E+00,0.0000E+00,0.0000E+00,
   56,1993,  10,0.4941E-02,0.1920E+01,0.1834E+02,0.5972E+00,0.4693E+00,0.2346E+01,0.3413E+00,0.8532E-01,0.3413E+01,0.4266E+00,0.5546E+02,
   87,1993,  10,0.0000E+00,0.0000E+00,0.0000E+00,0.0000E+00,0.0000E+00,0.0000E+00,0.0000E+00,0.0000E+00,0.0000E+00,0.0000E+00,0.0000E+00,
   44,1993,  10,0.0000E+00,0.0000E+00,0.0000E+00,0.0000E+00,0.0000E+00,0.0000E+00,0.0000E+00,0.0000E+00,0.0000E+00,0.0000E+00,0.0000E+00,
   41,1993,  10,0.0000E+00,0.0000E+00,0.0000E+00,0.0000E+00,0.0000E+00,0.0000E+00,0.0000E+00,0.0000E+00,0.0000E+00,0.0000E+00,0.0000E+00,
   49,1993,  10,0.1403E-02,0.6056E+00,0.8629E+00,0.1636E+01,0.1853E+00,0.3585E+00,0.5814E-01,0.3052E+00,0.2180E+01,0.3633E+00,0.7948E+00,
   91,1993,  10,0.4184E-01,0.2048E+02,0.1879E+02,0.1863E+02,0.3188E+02,0.6368E+01,0.9768E+00,0.4000E+01,0.5688E+02,0.4977E+01,0.4342E+02,
   51,1993,  10,0.3068E-02,0.1325E+01,0.3444E+01,0.3579E+01,0.4053E+00,0.7842E+00,0.1272E+00,0.6676E+00,0.4769E+01,0.7948E+00,0.6093E+01,
   68,1993,  10,0.0000E+00,0.0000E+00,0.0000E+00,0.0000E+00,0.0000E+00,0.0000E+00,0.0000E+00,0.0000E+00,0.0000E+00,0.0000E+00,0.0000E+00,
   54,1993,  10,0.1017E+00,0.3951E+02,0.1932E+03,0.4987E+02,0.2854E+02,0.1010E+03,0.2459E+01,0.2748E+02,0.1794E+03,0.2994E+02,0.1229E+03,
   33,1993,  10,0.0000E+00,0.0000E+00,0.0000E+00,0.0000E+00,0.0000E+00,0.0000E+00,0.0000E+00,0.0000E+00,0.0000E+00,0.0000E+00,0.0000E+00,
   80,1993,  10,0.0000E+00,0.0000E+00,0.0000E+00,0.0000E+00,0.0000E+00,0.0000E+00,0.0000E+00,0.0000E+00,0.0000E+00,0.0000E+00,0.0000E+00,
   50,1993,  10,0.0000E+00,0.0000E+00,0.0000E+00,0.0000E+00,0.0000E+00,0.0000E+00,0.0000E+00,0.0000E+00,0.0000E+00,0.0000E+00,0.0000E+00,
   58,1993,  10,0.5620E-01,0.3463E+02,0.1988E+02,0.1999E+01,0.5212E+02,0.4743E+01,0.5640E+00,0.8391E+00,0.5886E+02,0.1403E+01,0.1700E+02,
   17,1993,  10,0.1501E+00,0.6623E+02,0.3437E+03,0.3113E+02,0.4923E+02,0.6733E+02,0.9305E+01,0.1895E+02,0.1477E+03,0.2826E+02,0.9916E+03,
   95,1993,  10,0.8430E-02,0.3641E+01,0.5820E+01,0.9818E+01,0.1119E+01,0.2152E+01,0.1856E+00,0.9780E+00,0.1309E+02,0.1164E+01,0.1782E+02,
   90,1993,  10,0.0000E+00,0.0000E+00,0.0000E+00,0.0000E+00,0.0000E+00,0.0000E+00,0.0000E+00,0.0000E+00,0.0000E+00,0.0000E+00,0.0000E+00,
   15,1993,  10,0.0000E+00,0.0000E+00,0.0000E+00,0.0000E+00,0.0000E+00,0.0000E+00,0.0000E+00,0.0000E+00,0.0000E+00,0.0000E+00,0.0000E+00,
   14,1993,  10,0.3421E-01,0.1467E+02,0.1676E+02,0.2056E+02,0.1820E+03,0.1830E+02,0.1171E+02,0.2864E+02,0.2209E+03,0.4035E+02,0.1630E+02,
   31,1993,  10,0.4466E+00,0.2054E+03,0.7448E+03,0.3551E+03,0.2733E+02,0.7657E+02,0.2192E+02,0.5116E+02,0.4590E+03,0.7308E+02,0.9642E+03,
   12,1993,  10,0.1659E-01,0.7318E+01,0.2974E+02,0.1400E+02,0.1297E+02,0.4121E+01,0.1320E+01,0.3233E+01,0.3109E+02,0.4553E+01,0.6184E+02,
   23,1993,  10,0.1408E-01,0.5499E+01,0.5131E+01,0.9915E+00,0.1645E+01,0.3361E+00,0.1114E+00,0.2659E+00,0.2973E+01,0.3773E+00,0.6521E+02,
   25,1993,  10,0.9492E+01,0.7320E+04,0.1633E+05,0.1363E+05,0.3034E+04,0.3205E+04,0.3532E+03,0.7304E+03,0.1987E+05,0.1084E+04,0.2448E+05,
   18,1993,  10,0.2065E-01,0.1053E+02,0.1936E+02,0.1512E+02,0.1262E+02,0.4138E+01,0.1102E+01,0.2647E+01,0.3188E+02,0.3750E+01,0.3793E+02,
    4,1993,  10,0.4350E-01,0.1718E+02,0.5356E+01,0.2662E+01,0.4098E+01,0.8728E+00,0.3248E+00,0.8655E+00,0.7632E+01,0.1190E+01,0.1320E+03,
   74,1993,  10,0.8447E+00,0.3665E+03,0.1568E+04,0.3732E+02,0.6776E+01,0.8747E+03,0.3350E+02,0.6865E+02,0.9188E+03,0.1022E+03,0.2155E+04,
   73,1993,  10,0.1227E-03,0.4769E-01,0.3179E+00,0.4993E+00,0.6062E+01,0.5706E+00,0.2257E+00,0.5267E+00,0.7132E+01,0.7524E+00,0.9481E+00,
   69,1993,  10,0.1812E-01,0.7040E+01,0.7444E+01,0.1999E+01,0.2408E+02,0.2270E+01,0.9261E+00,0.2161E+01,0.2835E+02,0.3087E+01,0.7344E+01,
   20,1993,  10,0.9030E+00,0.4222E+03,0.1448E+04,0.1139E+04,0.4983E+03,0.2767E+03,0.8138E+02,0.1862E+03,0.1914E+04,0.2675E+03,0.2079E+04,
   36,1993,  10,0.0000E+00,0.0000E+00,0.0000E+00,0.0000E+00,0.0000E+00,0.0000E+00,0.0000E+00,0.0000E+00,0.0000E+00,0.0000E+00,0.0000E+00,
   16,1993,  10,0.3888E-03,0.1548E+00,0.1007E+01,0.1599E+01,0.1806E+02,0.1724E+01,0.6771E+00,0.1581E+01,0.2139E+02,0.2258E+01,0.2560E+01,
   26,1993,  10,0.3278E-01,0.1624E+02,0.2056E+02,0.1186E+02,0.3973E+02,0.5635E+01,0.8175E+00,0.1984E+01,0.5723E+02,0.2801E+01,0.5002E+02,
   30,1993,  10,0.4567E-02,0.1941E+01,0.9938E+01,0.5192E+01,0.4042E+01,0.1456E+01,0.3855E+00,0.9437E+00,0.1069E+02,0.1329E+01,0.1022E+02,
   66,1993,  10,0.0000E+00,0.0000E+00,0.0000E+00,0.0000E+00,0.0000E+00,0.0000E+00,0.0000E+00,0.0000E+00,0.0000E+00,0.0000E+00,0.0000E+00,
   24,1993,  10,0.1777E-02,0.7673E+00,0.4604E+01,0.2296E+01,0.8609E-01,0.4878E+00,0.1113E+00,0.2724E+00,0.2870E+01,0.3837E+00,0.3836E+01,
   10,1993,  10,0.3750E+01,0.1609E+04,0.9396E+03,0.4279E+03,0.1088E+03,0.9803E+02,0.2243E+02,0.4577E+02,0.6347E+03,0.6821E+02,0.9676E+04,
   19,1993,  10,0.3270E+01,0.1289E+04,0.4837E+04,0.2905E+04,0.3554E+03,0.6419E+03,0.1093E+03,0.2438E+03,0.3903E+04,0.3531E+03,0.6303E+04,
   11,1993,  10,0.8426E+00,0.3345E+03,0.1424E+04,0.1282E+04,0.5148E+02,0.2726E+03,0.3903E+02,0.7929E+02,0.1606E+04,0.1183E+03,0.1791E+04,
    0,1993,  10,0.5957E-02,0.2315E+01,0.6498E+01,0.2479E+00,0.3010E+01,0.2832E+00,0.1417E+00,0.3305E+00,0.3541E+01,0.4722E+00,0.1301E-02,
   62,1993,  10,0.0000E+00,0.0000E+00,0.0000E+00,0.0000E+00,0.0000E+00,0.0000E+00,0.0000E+00,0.0000E+00,0.0000E+00,0.0000E+00,0.0000E+00,
   92,1993,  11,0.2082E-01,0.9371E+01,0.3760E+02,0.1986E+02,0.5586E+01,0.5437E+01,0.1371E+01,0.5348E+01,0.3088E+02,0.6718E+01,0.4403E+02,
   61,1993,  11,0.6629E+00,0.4502E+03,0.8045E+03,0.8896E+03,0.2226E+03,0.2022E+03,0.1594E+02,0.4446E+02,0.1314E+04,0.6040E+02,0.6965E+03,
   86,1993,  11,0.1474E+00,0.1074E+04,0.3194E+03,0.1732E+03,0.2472E+03,0.3272E+02,0.7539E+01,0.4035E+02,0.4531E+03,0.4789E+02,0.1546E+04,
   34,1993,  11,0.2028E+02,0.1354E+05,0.5073E+04,0.7054E+04,0.1885E+05,0.2121E+04,0.1129E+03,0.1316E+03,0.2802E+05,0.2445E+03,0.1692E+05,
   64,1993,  11,0.1248E+02,0.7698E+04,0.9117E+04,0.4452E+04,0.7112E+04,0.1599E+04,0.1843E+03,0.1891E+03,0.1316E+05,0.3734E+03,0.1107E+05,
   63,1993,  11,0.0000E+00,0.0000E+00,0.0000E+00,0.0000E+00,0.0000E+00,0.0000E+00,0.0000E+00,0.0000E+00,0.0000E+00,0.0000E+00,0.0000E+00,
   59,1993,  11,0.1468E+00,0.5704E+02,0.1787E+03,0.2972E+03,0.8873E+01,0.1886E+03,0.8873E+01,0.1901E+02,0.4947E+03,0.2789E+02,0.1204E+03,
   55,1993,  11,0.3535E-01,0.1469E+02,0.6394E+01,0.9334E+00,0.3498E+02,0.3522E+01,0.4132E+00,0.9859E+01,0.3943E+02,0.1027E+02,0.8644E+01,
   65,1993,  11,0.7487E-01,0.3919E+02,0.2036E+02,0.2760E+02,0.7480E+02,0.2093E+02,0.3732E+01,0.1043E+02,0.1233E+03,0.1416E+02,0.1667E+03,
   32,1993,  11,0.6694E+00,0.4860E+03,0.2350E+02,0.2398E+02,0.8720E+03,0.5696E+02,0.2570E+01,0.4488E+02,0.9529E+03,0.4745E+02,0.2276E+03,
   53,1993,  11,0.1567E-01,0.1090E+02,0.2638E+01,0.4606E+01,0.4927E+01,0.1007E+01,0.5720E+00,0.1691E+01,0.1054E+02,0.2263E+01,0.8067E+01,
   47,1993,  11,0.0000E+00,0.0000E+00,0.0000E+00,0.0000E+00,0.0000E+00,0.0000E+00,0.0000E+00,0.0000E+00,0.0000E+00,0.0000E+00,0.0000E+00,
   81,1993,  11,0.0000E+00,0.0000E+00,0.0000E+00,0.0000E+00,0.0000E+00,0.0000E+00,0.0000E+00,0.0000E+00,0.0000E+00,0.0000E+00,0.0000E+00,
   82,1993,  11,0.4383E-01,0.3028E+02,0.0000E+00,0.0000E+00,0.0000E+00,0.1892E+01,0.0000E+00,0.1892E+02,0.1892E+01,0.1892E+02,0.3028E+02,
   79,1993,  11,0.3454E-02,0.1789E+01,0.8947E+01,0.2672E+01,0.1002E+00,0.5677E+00,0.5190E+00,0.1270E+01,0.3340E+01,0.1789E+01,0.4474E+01,
   77,1993,  11,0.1930E+00,0.1290E+03,0.5407E+02,0.3184E+02,0.1160E+03,0.3844E+02,0.1805E+01,0.2962E+02,0.1863E+03,0.3142E+02,0.1622E+03,
   85,1993,  11,0.2013E+00,0.1485E+03,0.3677E+03,0.2244E+03,0.4237E+02,0.5045E+02,0.7263E+01,0.2158E+02,0.3172E+03,0.2884E+02,0.2305E+03,
   52,1993,  11,0.0000E+00,0.0000E+00,0.0000E+00,0.0000E+00,0.0000E+00,0.0000E+00,0.0000E+00,0.0000E+00,0.0000E+00,0.0000E+00,0.0000E+00,
   56,1993,  11,0.0000E+00,0.0000E+00,0.0000E+00,0.0000E+00,0.0000E+00,0.0000E+00,0.0000E+00,0.0000E+00,0.0000E+00,0.0000E+00,0.0000E+00,
   87,1993,  11,0.0000E+00,0.0000E+00,0.0000E+00,0.0000E+00,0.0000E+00,0.0000E+00,0.0000E+00,0.0000E+00,0.0000E+00,0.0000E+00,0.0000E+00,
   44,1993,  11,0.0000E+00,0.0000E+00,0.0000E+00,0.0000E+00,0.0000E+00,0.0000E+00,0.0000E+00,0.0000E+00,0.0000E+00,0.0000E+00,0.0000E+00,
   41,1993,  11,0.0000E+00,0.0000E+00,0.0000E+00,0.0000E+00,0.0000E+00,0.0000E+00,0.0000E+00,0.0000E+00,0.0000E+00,0.0000E+00,0.0000E+00,
   49,1993,  11,0.1227E-02,0.5299E+00,0.1011E+01,0.1432E+01,0.1621E+00,0.3137E+00,0.5087E-01,0.2671E+00,0.1908E+01,0.3179E+00,0.1688E+01,
   91,1993,  11,0.4039E-01,0.1986E+02,0.1522E+02,0.1694E+02,0.3169E+02,0.5998E+01,0.9169E+00,0.3685E+01,0.5463E+02,0.4602E+01,0.4391E+02,
   51,1993,  11,0.3287E-02,0.1419E+01,0.6529E+01,0.3835E+01,0.4343E+00,0.8401E+00,0.1363E+00,0.7153E+00,0.5109E+01,0.8516E+00,0.7380E+01,
   68,1993,  11,0.0000E+00,0.0000E+00,0.0000E+00,0.0000E+00,0.0000E+00,0.0000E+00,0.0000E+00,0.0000E+00,0.0000E+00,0.0000E+00,0.0000E+00,
   54,1993,  11,0.1040E+00,0.4040E+02,0.1975E+03,0.1347E+03,0.2675E+02,0.3142E+02,0.3806E+02,0.2603E+02,0.1928E+03,0.6410E+02,0.1436E+03,
   33,1993,  11,0.0000E+00,0.0000E+00,0.0000E+00,0.0000E+00,0.0000E+00,0.0000E+00,0.0000E+00,0.0000E+00,0.0000E+00,0.0000E+00,0.0000E+00,
   80,1993,  11,0.0000E+00,0.0000E+00,0.0000E+00,0.0000E+00,0.0000E+00,0.0000E+00,0.0000E+00,0.0000E+00,0.0000E+00,0.0000E+00,0.0000E+00,
   50,1993,  11,0.0000E+00,0.0000E+00,0.0000E+00,0.0000E+00,0.0000E+00,0.0000E+00,0.0000E+00,0.0000E+00,0.0000E+00,0.0000E+00,0.0000E+00,
   58,1993,  11,0.5638E-01,0.3352E+02,0.2339E+02,0.4504E+01,0.4381E+02,0.1730E+01,0.5284E+00,0.9389E+00,0.5004E+02,0.1467E+01,0.2134E+02,
   17,1993,  11,0.7951E-01,0.3745E+02,0.5887E+02,0.2311E+02,0.2348E+02,0.3304E+02,0.5951E+01,0.1942E+02,0.7964E+02,0.2537E+02,0.1056E+03,
   95,1993,  11,0.7378E-02,0.3186E+01,0.5902E+01,0.8591E+01,0.9802E+00,0.1883E+01,0.1867E+00,0.9758E+00,0.1145E+02,0.1162E+01,0.1768E+02,
   90,1993,  11,0.0000E+00,0.0000E+00,0.0000E+00,0.0000E+00,0.0000E+00,0.0000E+00,0.0000E+00,0.0000E+00,0.0000E+00,0.0000E+00,0.0000E+00,
   15,1993,  11,0.0000E+00,0.0000E+00,0.0000E+00,0.0000E+00,0.0000E+00,0.0000E+00,0.0000E+00,0.0000E+00,0.0000E+00,0.0000E+00,0.0000E+00,
   14,1993,  11,0.3421E-01,0.1467E+02,0.1945E+02,0.2056E+02,0.1820E+03,0.1830E+02,0.1171E+02,0.2864E+02,0.2209E+03,0.4035E+02,0.1697E+02,
   31,1993,  11,0.4466E+00,0.2054E+03,0.7448E+03,0.3551E+03,0.2733E+02,0.7657E+02,0.2192E+02,0.5116E+02,0.4590E+03,0.7308E+02,0.9642E+03,
   12,1993,  11,0.1637E-01,0.7223E+01,0.2889E+02,0.1366E+02,0.1296E+02,0.4050E+01,0.1284E+01,0.3145E+01,0.3068E+02,0.4430E+01,0.6071E+02,
   23,1993,  11,0.1408E-01,0.5499E+01,0.5131E+01,0.9915E+00,0.1645E+01,0.3361E+00,0.1114E+00,0.2659E+00,0.2973E+01,0.3773E+00,0.6521E+02,
   25,1993,  11,0.9492E+01,0.7320E+04,0.1633E+05,0.1363E+05,0.3034E+04,0.3205E+04,0.3532E+03,0.7304E+03,0.1987E+05,0.1084E+04,0.2448E+05,
   18,1993,  11,0.2065E-01,0.1053E+02,0.1936E+02,0.1512E+02,0.1262E+02,0.4138E+01,0.1102E+01,0.2647E+01,0.3188E+02,0.3750E+01,0.3793E+02,
    4,1993,  11,0.4350E-01,0.1718E+02,0.5356E+01,0.2662E+01,0.4098E+01,0.8728E+00,0.3248E+00,0.8655E+00,0.7632E+01,0.1190E+01,0.1320E+03,
   74,1993,  11,0.8447E+00,0.3665E+03,0.1568E+04,0.3732E+02,0.6776E+01,0.8747E+03,0.3350E+02,0.6865E+02,0.9188E+03,0.1022E+03,0.2155E+04,
   73,1993,  11,0.1227E-03,0.4769E-01,0.3179E+00,0.4993E+00,0.6062E+01,0.5706E+00,0.2257E+00,0.5267E+00,0.7132E+01,0.7524E+00,0.9481E+00,
   69,1993,  11,0.1812E-01,0.7040E+01,0.7444E+01,0.1999E+01,0.2408E+02,0.2270E+01,0.9261E+00,0.2161E+01,0.2835E+02,0.3087E+01,0.7344E+01,
   20,1993,  11,0.9030E+00,0.4222E+03,0.1416E+04,0.1139E+04,0.4983E+03,0.2767E+03,0.8138E+02,0.1862E+03,0.1914E+04,0.2675E+03,0.1880E+04,
   36,1993,  11,0.0000E+00,0.0000E+00,0.0000E+00,0.0000E+00,0.0000E+00,0.0000E+00,0.0000E+00,0.0000E+00,0.0000E+00,0.0000E+00,0.0000E+00,
   16,1993,  11,0.3888E-03,0.1548E+00,0.1007E+01,0.1599E+01,0.1806E+02,0.1724E+01,0.6771E+00,0.1581E+01,0.2139E+02,0.2258E+01,0.2560E+01,
   26,1993,  11,0.3278E-01,0.1624E+02,0.2056E+02,0.1186E+02,0.3973E+02,0.5635E+01,0.8175E+00,0.1984E+01,0.5723E+02,0.2801E+01,0.5002E+02,
   30,1993,  11,0.4567E-02,0.1941E+01,0.9938E+01,0.5192E+01,0.4042E+01,0.1456E+01,0.3855E+00,0.9437E+00,0.1069E+02,0.1329E+01,0.1022E+02,
   66,1993,  11,0.0000E+00,0.0000E+00,0.0000E+00,0.0000E+00,0.0000E+00,0.0000E+00,0.0000E+00,0.0000E+00,0.0000E+00,0.0000E+00,0.0000E+00,
   24,1993,  11,0.1777E-02,0.7673E+00,0.4604E+01,0.2296E+01,0.8609E-01,0.4878E+00,0.1113E+00,0.2724E+00,0.2870E+01,0.3837E+00,0.3836E+01,
   10,1993,  11,0.3750E+01,0.1609E+04,0.9396E+03,0.4279E+03,0.1088E+03,0.9803E+02,0.2243E+02,0.4577E+02,0.6347E+03,0.6821E+02,0.9676E+04,
   19,1993,  11,0.3271E+01,0.1289E+04,0.4850E+04,0.2918E+04,0.3640E+03,0.6443E+03,0.1099E+03,0.2455E+03,0.3926E+04,0.3554E+03,0.6319E+04,
   11,1993,  11,0.8426E+00,0.3345E+03,0.1424E+04,0.1282E+04,0.5148E+02,0.2726E+03,0.3903E+02,0.7929E+02,0.1606E+04,0.1183E+03,0.1791E+04,
    0,1993,  11,0.5957E-02,0.2315E+01,0.6498E+01,0.2479E+00,0.3010E+01,0.2832E+00,0.1417E+00,0.3305E+00,0.3541E+01,0.4722E+00,0.1301E-02,
   62,1993,  11,0.0000E+00,0.0000E+00,0.0000E+00,0.0000E+00,0.0000E+00,0.0000E+00,0.0000E+00,0.0000E+00,0.0000E+00,0.0000E+00,0.0000E+00,
   92,1993,  12,0.2332E-01,0.1045E+02,0.5088E+02,0.2285E+02,0.5878E+01,0.6232E+01,0.1479E+01,0.5918E+01,0.3496E+02,0.7396E+01,0.5738E+02,
   61,1993,  12,0.8146E+00,0.5927E+03,0.1040E+04,0.9331E+03,0.2738E+03,0.1634E+03,0.2529E+02,0.4675E+02,0.1370E+04,0.7204E+02,0.8733E+03,
   86,1993,  12,0.1758E+00,0.8664E+03,0.4074E+03,0.1562E+03,0.2161E+03,0.3596E+02,0.1092E+02,0.4307E+02,0.4082E+03,0.5399E+02,0.1287E+04,
   34,1993,  12,0.2183E+02,0.1472E+05,0.4590E+04,0.7420E+04,0.1726E+05,0.2310E+04,0.1283E+03,0.1637E+03,0.2699E+05,0.2920E+03,0.1679E+05,
   64,1993,  12,0.1331E+02,0.8326E+04,0.1013E+05,0.5476E+04,0.6065E+04,0.2015E+04,0.2076E+03,0.1891E+03,0.1356E+05,0.3967E+03,0.1608E+05,
   63,1993,  12,0.0000E+00,0.0000E+00,0.0000E+00,0.0000E+00,0.0000E+00,0.0000E+00,0.0000E+00,0.0000E+00,0.0000E+00,0.0000E+00,0.0000E+00,
   59,1993,  12,0.1510E+00,0.5867E+02,0.2386E+03,0.2966E+03,0.9127E+01,0.2099E+03,0.7172E+01,0.8475E+01,0.5157E+03,0.1565E+02,0.2464E+03,
   55,1993,  12,0.3970E-01,0.1645E+02,0.7472E+01,0.6104E+00,0.3165E+02,0.7350E+01,0.1606E+01,0.2572E+01,0.3961E+02,0.4179E+01,0.9610E+01,
   65,1993,  12,0.9556E-01,0.4970E+02,0.7023E+02,0.2832E+02,0.8436E+02,0.2292E+02,0.2082E+01,0.1435E+02,0.1356E+03,0.1643E+02,0.1747E+03,
   32,1993,  12,0.7033E+00,0.5281E+03,0.2510E+02,0.3056E+02,0.8292E+03,0.5393E+02,0.2652E+01,0.4701E+02,0.9137E+03,0.4966E+02,0.1532E+03,
   53,1993,  12,0.1650E-01,0.1218E+02,0.3322E+01,0.3079E+01,0.2203E+02,0.6741E+00,0.4513E+00,0.1347E+01,0.2578E+02,0.1798E+01,0.5482E+01,
   47,1993,  12,0.0000E+00,0.0000E+00,0.0000E+00,0.0000E+00,0.0000E+00,0.0000E+00,0.0000E+00,0.0000E+00,0.0000E+00,0.0000E+00,0.0000E+00,
   81,1993,  12,0.0000E+00,0.0000E+00,0.0000E+00,0.0000E+00,0.0000E+00,0.0000E+00,0.0000E+00,0.0000E+00,0.0000E+00,0.0000E+00,0.0000E+00,
   82,1993,  12,0.4383E-01,0.3028E+02,0.0000E+00,0.0000E+00,0.0000E+00,0.1892E+01,0.0000E+00,0.1892E+02,0.1892E+01,0.1892E+02,0.3028E+02,
   79,1993,  12,0.3454E-02,0.1789E+01,0.8947E+01,0.2672E+01,0.1002E+00,0.5677E+00,0.5190E+00,0.1270E+01,0.3340E+01,0.1789E+01,0.4474E+01,
   77,1993,  12,0.2113E+00,0.1536E+03,0.5822E+02,0.5532E+02,0.9250E+02,0.2451E+02,0.6004E+01,0.2873E+02,0.1723E+03,0.3474E+02,0.2074E+03,
   85,1993,  12,0.1901E+00,0.1405E+03,0.4252E+03,0.2113E+03,0.4089E+02,0.4760E+02,0.6902E+01,0.2090E+02,0.2998E+03,0.2780E+02,0.2811E+03,
   52,1993,  12,0.0000E+00,0.0000E+00,0.0000E+00,0.0000E+00,0.0000E+00,0.0000E+00,0.0000E+00,0.0000E+00,0.0000E+00,0.0000E+00,0.0000E+00,
   56,1993,  12,0.0000E+00,0.0000E+00,0.0000E+00,0.0000E+00,0.0000E+00,0.0000E+00,0.0000E+00,0.0000E+00,0.0000E+00,0.0000E+00,0.0000E+00,
   87,1993,  12,0.0000E+00,0.0000E+00,0.0000E+00,0.0000E+00,0.0000E+00,0.0000E+00,0.0000E+00,0.0000E+00,0.0000E+00,0.0000E+00,0.0000E+00,
   44,1993,  12,0.0000E+00,0.0000E+00,0.0000E+00,0.0000E+00,0.0000E+00,0.0000E+00,0.0000E+00,0.0000E+00,0.0000E+00,0.0000E+00,0.0000E+00,
   41,1993,  12,0.0000E+00,0.0000E+00,0.0000E+00,0.0000E+00,0.0000E+00,0.0000E+00,0.0000E+00,0.0000E+00,0.0000E+00,0.0000E+00,0.0000E+00,
   49,1993,  12,0.1753E-02,0.7570E+00,0.3936E+01,0.2045E+01,0.2316E+00,0.4481E+00,0.7267E-01,0.3815E+00,0.2725E+01,0.4542E+00,0.4935E+01,
   91,1993,  12,0.4035E-01,0.1984E+02,0.1514E+02,0.1689E+02,0.3168E+02,0.5987E+01,0.9150E+00,0.3676E+01,0.5456E+02,0.4591E+01,0.4588E+02,
   51,1993,  12,0.2674E-02,0.1154E+01,0.3694E+01,0.3119E+01,0.3532E+00,0.6833E+00,0.1108E+00,0.5818E+00,0.4156E+01,0.6926E+00,0.4848E+01,
   68,1993,  12,0.0000E+00,0.0000E+00,0.0000E+00,0.0000E+00,0.0000E+00,0.0000E+00,0.0000E+00,0.0000E+00,0.0000E+00,0.0000E+00,0.0000E+00,
   54,1993,  12,0.1113E+00,0.4326E+02,0.2307E+03,0.1500E+03,0.3557E+02,0.5095E+02,0.6634E+01,0.2692E+02,0.2365E+03,0.3355E+02,0.2211E+03,
   33,1993,  12,0.0000E+00,0.0000E+00,0.0000E+00,0.0000E+00,0.0000E+00,0.0000E+00,0.0000E+00,0.0000E+00,0.0000E+00,0.0000E+00,0.0000E+00,
   80,1993,  12,0.0000E+00,0.0000E+00,0.0000E+00,0.0000E+00,0.0000E+00,0.0000E+00,0.0000E+00,0.0000E+00,0.0000E+00,0.0000E+00,0.0000E+00,
   50,1993,  12,0.0000E+00,0.0000E+00,0.0000E+00,0.0000E+00,0.0000E+00,0.0000E+00,0.0000E+00,0.0000E+00,0.0000E+00,0.0000E+00,0.0000E+00,
   58,1993,  12,0.5682E-01,0.3536E+02,0.2436E+02,0.1085E+02,0.3677E+02,0.7503E+01,0.5392E+00,0.7068E+00,0.5512E+02,0.1246E+01,0.1947E+02,
   17,1993,  12,0.7968E-01,0.4098E+02,0.5253E+02,0.2166E+02,0.2577E+02,0.4450E+02,0.5348E+01,0.1847E+02,0.9193E+02,0.2382E+02,0.8213E+02,
   95,1993,  12,0.8956E-02,0.3868E+01,0.4646E+01,0.1043E+02,0.1189E+01,0.2286E+01,0.1989E+00,0.1048E+01,0.1391E+02,0.1247E+01,0.1349E+02,
   90,1993,  12,0.0000E+00,0.0000E+00,0.0000E+00,0.0000E+00,0.0000E+00,0.0000E+00,0.0000E+00,0.0000E+00,0.0000E+00,0.0000E+00,0.0000E+00,
   15,1993,  12,0.0000E+00,0.0000E+00,0.0000E+00,0.0000E+00,0.0000E+00,0.0000E+00,0.0000E+00,0.0000E+00,0.0000E+00,0.0000E+00,0.0000E+00,
   14,1993,  12,0.3421E-01,0.1467E+02,0.2175E+02,0.2056E+02,0.1820E+03,0.1830E+02,0.1171E+02,0.2864E+02,0.2209E+03,0.4035E+02,0.2046E+02,
   31,1993,  12,0.4466E+00,0.2054E+03,0.7448E+03,0.3551E+03,0.2733E+02,0.7657E+02,0.2192E+02,0.5116E+02,0.4590E+03,0.7308E+02,0.9642E+03,
   12,1993,  12,0.1641E-01,0.7242E+01,0.2906E+02,0.1373E+02,0.1296E+02,0.4064E+01,0.1292E+01,0.3163E+01,0.3076E+02,0.4454E+01,0.6093E+02,
   23,1993,  12,0.1408E-01,0.5499E+01,0.5131E+01,0.9915E+00,0.1645E+01,0.3361E+00,0.1114E+00,0.2659E+00,0.2973E+01,0.3773E+00,0.6521E+02,
   25,1993,  12,0.9492E+01,0.7320E+04,0.1633E+05,0.1363E+05,0.3034E+04,0.3205E+04,0.3532E+03,0.7304E+03,0.1987E+05,0.1084E+04,0.2448E+05,
   18,1993,  12,0.2065E-01,0.1053E+02,0.1936E+02,0.1512E+02,0.1262E+02,0.4138E+01,0.1102E+01,0.2647E+01,0.3188E+02,0.3750E+01,0.3793E+02,
    4,1993,  12,0.4350E-01,0.1718E+02,0.5356E+01,0.2662E+01,0.4098E+01,0.8728E+00,0.3248E+00,0.8655E+00,0.7632E+01,0.1190E+01,0.1320E+03,
   74,1993,  12,0.8447E+00,0.3665E+03,0.1568E+04,0.3732E+02,0.6776E+01,0.8747E+03,0.3350E+02,0.6865E+02,0.9188E+03,0.1022E+03,0.2155E+04,
   73,1993,  12,0.1227E-03,0.4769E-01,0.3179E+00,0.4993E+00,0.6062E+01,0.5706E+00,0.2257E+00,0.5267E+00,0.7132E+01,0.7524E+00,0.9481E+00,
   69,1993,  12,0.1812E-01,0.7040E+01,0.7444E+01,0.1999E+01,0.2408E+02,0.2270E+01,0.9261E+00,0.2161E+01,0.2835E+02,0.3087E+01,0.7344E+01,
   20,1993,  12,0.9030E+00,0.4222E+03,0.1454E+04,0.1139E+04,0.4983E+03,0.2767E+03,0.8138E+02,0.1862E+03,0.1914E+04,0.2675E+03,0.1959E+04,
   36,1993,  12,0.0000E+00,0.0000E+00,0.0000E+00,0.0000E+00,0.0000E+00,0.0000E+00,0.0000E+00,0.0000E+00,0.0000E+00,0.0000E+00,0.0000E+00,
   16,1993,  12,0.3888E-03,0.1548E+00,0.1007E+01,0.1599E+01,0.1806E+02,0.1724E+01,0.6771E+00,0.1581E+01,0.2139E+02,0.2258E+01,0.2560E+01,
   26,1993,  12,0.3278E-01,0.1624E+02,0.2056E+02,0.1186E+02,0.3973E+02,0.5635E+01,0.8175E+00,0.1984E+01,0.5723E+02,0.2801E+01,0.5002E+02,
   30,1993,  12,0.4567E-02,0.1941E+01,0.9938E+01,0.5192E+01,0.4042E+01,0.1456E+01,0.3855E+00,0.9437E+00,0.1069E+02,0.1329E+01,0.1022E+02,
   66,1993,  12,0.0000E+00,0.0000E+00,0.0000E+00,0.0000E+00,0.0000E+00,0.0000E+00,0.0000E+00,0.0000E+00,0.0000E+00,0.0000E+00,0.0000E+00,
   24,1993,  12,0.1777E-02,0.7673E+00,0.4604E+01,0.2296E+01,0.8609E-01,0.4878E+00,0.1113E+00,0.2724E+00,0.2870E+01,0.3837E+00,0.3836E+01,
   10,1993,  12,0.3750E+01,0.1609E+04,0.9396E+03,0.4279E+03,0.1088E+03,0.9803E+02,0.2243E+02,0.4577E+02,0.6347E+03,0.6821E+02,0.9676E+04,
   19,1993,  12,0.3276E+01,0.1292E+04,0.4864E+04,0.2931E+04,0.3762E+03,0.6470E+03,0.1107E+03,0.2472E+03,0.3954E+04,0.3579E+03,0.6339E+04,
   11,1993,  12,0.8426E+00,0.3345E+03,0.1424E+04,0.1282E+04,0.5148E+02,0.2726E+03,0.3903E+02,0.7929E+02,0.1606E+04,0.1183E+03,0.1791E+04,
    0,1993,  12,0.5957E-02,0.2315E+01,0.6498E+01,0.2479E+00,0.3010E+01,0.2832E+00,0.1417E+00,0.3305E+00,0.3541E+01,0.4722E+00,0.1301E-02,
   62,1993,  12,0.0000E+00,0.0000E+00,0.0000E+00,0.0000E+00,0.0000E+00,0.0000E+00,0.0000E+00,0.0000E+00,0.0000E+00,0.0000E+00,0.0000E+00,
