   92,1994,   1,0.2468E-01,0.1104E+02,0.7236E+02,0.2460E+02,0.5971E+01,0.6939E+01,0.1545E+01,0.6274E+01,0.3751E+02,0.7819E+01,0.6721E+02,
   61,1994,   1,0.8732E+00,0.6233E+03,0.9441E+03,0.1040E+04,0.2227E+03,0.2225E+03,0.1671E+02,0.6252E+02,0.1486E+04,0.7923E+02,0.9025E+03,
   86,1994,   1,0.1910E+00,0.5820E+03,0.2977E+03,0.1589E+03,0.1290E+03,0.7038E+02,0.9095E+01,0.3632E+02,0.3582E+03,0.4541E+02,0.9431E+03,
   34,1994,   1,0.2296E+02,0.1570E+05,0.6991E+04,0.1129E+05,0.1307E+05,0.2727E+04,0.1927E+03,0.1664E+03,0.2709E+05,0.3591E+03,0.1899E+05,
   64,1994,   1,0.1399E+02,0.1023E+05,0.1190E+05,0.6769E+04,0.6322E+04,0.1809E+04,0.2590E+03,0.1921E+03,0.1490E+05,0.4510E+03,0.1817E+05,
   63,1994,   1,0.0000E+00,0.0000E+00,0.0000E+00,0.0000E+00,0.0000E+00,0.0000E+00,0.0000E+00,0.0000E+00,0.0000E+00,0.0000E+00,0.0000E+00,
   59,1994,   1,0.1668E+00,0.1124E+03,0.2146E+03,0.3140E+03,0.7202E+01,0.1671E+03,0.7923E+01,0.2161E+01,0.4883E+03,0.1008E+02,0.2334E+03,
   55,1994,   1,0.5660E-01,0.4939E+02,0.2544E+01,0.7677E+01,0.2331E+02,0.8529E+01,0.1336E+00,0.3757E+01,0.3952E+02,0.3891E+01,0.1902E+02,
   65,1994,   1,0.1040E+00,0.6012E+02,0.1382E+03,0.2708E+02,0.1028E+03,0.2731E+02,0.4363E+01,0.1747E+02,0.1572E+03,0.2183E+02,0.1666E+03,
   32,1994,   1,0.7597E+00,0.5825E+03,0.1264E+03,0.2491E+02,0.8413E+03,0.6290E+02,0.9067E+01,0.4449E+02,0.9291E+03,0.5356E+02,0.1831E+03,
   53,1994,   1,0.2300E-01,0.1745E+02,0.1042E+02,0.7732E+01,0.1070E+02,0.1692E+01,0.5867E+00,0.1706E+01,0.2012E+02,0.2292E+01,0.1274E+02,
   47,1994,   1,0.0000E+00,0.0000E+00,0.0000E+00,0.0000E+00,0.0000E+00,0.0000E+00,0.0000E+00,0.0000E+00,0.0000E+00,0.0000E+00,0.0000E+00,
   81,1994,   1,0.0000E+00,0.0000E+00,0.0000E+00,0.0000E+00,0.0000E+00,0.0000E+00,0.0000E+00,0.0000E+00,0.0000E+00,0.0000E+00,0.0000E+00,
   82,1994,   1,0.4383E-01,0.3028E+02,0.0000E+00,0.0000E+00,0.0000E+00,0.1892E+01,0.0000E+00,0.1892E+02,0.1892E+01,0.1892E+02,0.3028E+02,
   79,1994,   1,0.3454E-02,0.1789E+01,0.8947E+01,0.2672E+01,0.1002E+00,0.5677E+00,0.5190E+00,0.1270E+01,0.3340E+01,0.1789E+01,0.4474E+01,
   77,1994,   1,0.2219E+00,0.1187E+03,0.8241E+02,0.8158E+02,0.1200E+03,0.4878E+02,0.9732E+00,0.2481E+02,0.2504E+03,0.2579E+02,0.2403E+03,
   85,1994,   1,0.1890E+00,0.1262E+03,0.4465E+03,0.2100E+03,0.4074E+02,0.4731E+02,0.7298E+01,0.2214E+02,0.2981E+03,0.2943E+02,0.3446E+03,
   52,1994,   1,0.0000E+00,0.0000E+00,0.0000E+00,0.0000E+00,0.0000E+00,0.0000E+00,0.0000E+00,0.0000E+00,0.0000E+00,0.0000E+00,0.0000E+00,
   56,1994,   1,0.0000E+00,0.0000E+00,0.0000E+00,0.0000E+00,0.0000E+00,0.0000E+00,0.0000E+00,0.0000E+00,0.0000E+00,0.0000E+00,0.0000E+00,
   87,1994,   1,0.0000E+00,0.0000E+00,0.0000E+00,0.0000E+00,0.0000E+00,0.0000E+00,0.0000E+00,0.0000E+00,0.0000E+00,0.0000E+00,0.0000E+00,
   44,1994,   1,0.0000E+00,0.0000E+00,0.0000E+00,0.0000E+00,0.0000E+00,0.0000E+00,0.0000E+00,0.0000E+00,0.0000E+00,0.0000E+00,0.0000E+00,
   41,1994,   1,0.0000E+00,0.0000E+00,0.0000E+00,0.0000E+00,0.0000E+00,0.0000E+00,0.0000E+00,0.0000E+00,0.0000E+00,0.0000E+00,0.0000E+00,
   49,1994,   1,0.2016E-02,0.8705E+00,0.1143E+02,0.2352E+01,0.2664E+00,0.5152E+00,0.8359E-01,0.4387E+00,0.3134E+01,0.5223E+00,0.9356E+01,
   91,1994,   1,0.4337E-01,0.2114E+02,0.3036E+02,0.2042E+02,0.3208E+02,0.6760E+01,0.1040E+01,0.4334E+01,0.5926E+02,0.5374E+01,0.4719E+02,
   51,1994,   1,0.3068E-02,0.1325E+01,0.4769E+01,0.3579E+01,0.4053E+00,0.7841E+00,0.1272E+00,0.6676E+00,0.4769E+01,0.7948E+00,0.3709E+01,
   68,1994,   1,0.0000E+00,0.0000E+00,0.0000E+00,0.0000E+00,0.0000E+00,0.0000E+00,0.0000E+00,0.0000E+00,0.0000E+00,0.0000E+00,0.0000E+00,
   54,1994,   1,0.1359E+00,0.8800E+02,0.2464E+03,0.1584E+03,0.3250E+02,0.4223E+02,0.1408E+02,0.2652E+02,0.2331E+03,0.4060E+02,0.2112E+03,
   33,1994,   1,0.0000E+00,0.0000E+00,0.0000E+00,0.0000E+00,0.0000E+00,0.0000E+00,0.0000E+00,0.0000E+00,0.0000E+00,0.0000E+00,0.0000E+00,
   80,1994,   1,0.0000E+00,0.0000E+00,0.0000E+00,0.0000E+00,0.0000E+00,0.0000E+00,0.0000E+00,0.0000E+00,0.0000E+00,0.0000E+00,0.0000E+00,
   50,1994,   1,0.0000E+00,0.0000E+00,0.0000E+00,0.0000E+00,0.0000E+00,0.0000E+00,0.0000E+00,0.0000E+00,0.0000E+00,0.0000E+00,0.0000E+00,
   58,1994,   1,0.5695E-01,0.3619E+02,0.2748E+02,0.4403E+02,0.4133E+02,0.4141E+01,0.3886E+00,0.1125E+01,0.8950E+02,0.1513E+01,0.2152E+02,
   17,1994,   1,0.9079E-01,0.5090E+02,0.6913E+02,0.5489E+02,0.2977E+02,0.1785E+02,0.7340E+01,0.2514E+02,0.1025E+03,0.3248E+02,0.1072E+03,
   95,1994,   1,0.6983E-02,0.3016E+01,0.7914E+01,0.8131E+01,0.9281E+00,0.1782E+01,0.2330E+00,0.1219E+01,0.1084E+02,0.1452E+01,0.1126E+02,
   90,1994,   1,0.0000E+00,0.0000E+00,0.0000E+00,0.0000E+00,0.0000E+00,0.0000E+00,0.0000E+00,0.0000E+00,0.0000E+00,0.0000E+00,0.0000E+00,
   15,1994,   1,0.0000E+00,0.0000E+00,0.0000E+00,0.0000E+00,0.0000E+00,0.0000E+00,0.0000E+00,0.0000E+00,0.0000E+00,0.0000E+00,0.0000E+00,
   14,1994,   1,0.4299E-01,0.1846E+02,0.3106E+02,0.3784E+02,0.3902E+03,0.3792E+02,0.2146E+02,0.5249E+02,0.4659E+03,0.7395E+02,0.2471E+02,
   31,1994,   1,0.4914E+00,0.2061E+03,0.8210E+03,0.3550E+03,0.2733E+02,0.7654E+02,0.2135E+02,0.4825E+02,0.4589E+03,0.6959E+02,0.1061E+04,
   12,1994,   1,0.1650E-01,0.7282E+01,0.2562E+02,0.1402E+02,0.1298E+02,0.4126E+01,0.1314E+01,0.3218E+01,0.3112E+02,0.4533E+01,0.5572E+02,
   23,1994,   1,0.1408E-01,0.5501E+01,0.5148E+01,0.1000E+01,0.1646E+01,0.3380E+00,0.1118E+00,0.2669E+00,0.2984E+01,0.3788E+00,0.6522E+02,
   25,1994,   1,0.9962E+01,0.7109E+04,0.1771E+05,0.1378E+05,0.2326E+04,0.3256E+04,0.3488E+03,0.7182E+03,0.1936E+05,0.1067E+04,0.2767E+05,
   18,1994,   1,0.2154E-01,0.1055E+02,0.2092E+02,0.1606E+02,0.1266E+02,0.4339E+01,0.1146E+01,0.2753E+01,0.3306E+02,0.3899E+01,0.3986E+02,
    4,1994,   1,0.4394E-01,0.1717E+02,0.6114E+01,0.2989E+01,0.4110E+01,0.9423E+00,0.3407E+00,0.9045E+00,0.8041E+01,0.1245E+01,0.1329E+03,
   74,1994,   1,0.8505E+00,0.3680E+03,0.1578E+04,0.3829E+02,0.6889E+01,0.6719E+03,0.3561E+02,0.7301E+02,0.7171E+03,0.1086E+03,0.2168E+04,
   73,1994,   1,0.1227E-03,0.4769E-01,0.3179E+00,0.4993E+00,0.6062E+01,0.5706E+00,0.2257E+00,0.5267E+00,0.7132E+01,0.7524E+00,0.9481E+00,
   69,1994,   1,0.1812E-01,0.7040E+01,0.7445E+01,0.1999E+01,0.2408E+02,0.2270E+01,0.9261E+00,0.2161E+01,0.2835E+02,0.3087E+01,0.7344E+01,
   20,1994,   1,0.8817E+00,0.4441E+03,0.1507E+04,0.1169E+04,0.9429E+03,0.3172E+03,0.1165E+03,0.2723E+03,0.2429E+04,0.3888E+03,0.1854E+04,
   36,1994,   1,0.0000E+00,0.0000E+00,0.0000E+00,0.0000E+00,0.0000E+00,0.0000E+00,0.0000E+00,0.0000E+00,0.0000E+00,0.0000E+00,0.0000E+00,
   16,1994,   1,0.3897E-03,0.1552E+00,0.1009E+01,0.1600E+01,0.1806E+02,0.1724E+01,0.6772E+00,0.1581E+01,0.2139E+02,0.2258E+01,0.2562E+01,
   26,1994,   1,0.3283E-01,0.1626E+02,0.2068E+02,0.1193E+02,0.3973E+02,0.5649E+01,0.8206E+00,0.1991E+01,0.5731E+02,0.2812E+01,0.5013E+02,
   30,1994,   1,0.4152E-02,0.1959E+01,0.9242E+01,0.4946E+01,0.4033E+01,0.1404E+01,0.3738E+00,0.9151E+00,0.1038E+02,0.1289E+01,0.9324E+01,
   66,1994,   1,0.0000E+00,0.0000E+00,0.0000E+00,0.0000E+00,0.0000E+00,0.0000E+00,0.0000E+00,0.0000E+00,0.0000E+00,0.0000E+00,0.0000E+00,
   24,1994,   1,0.1796E-02,0.7756E+00,0.4653E+01,0.2320E+01,0.8702E-01,0.4930E+00,0.1125E+00,0.2753E+00,0.2901E+01,0.3878E+00,0.3878E+01,
   10,1994,   1,0.3681E+01,0.1576E+04,0.9894E+03,0.3816E+03,0.1209E+03,0.8928E+02,0.2874E+02,0.5859E+02,0.5918E+03,0.8733E+02,0.9494E+04,
   19,1994,   1,0.3264E+01,0.1280E+04,0.4830E+04,0.2985E+04,0.3863E+03,0.6599E+03,0.1200E+03,0.2525E+03,0.4032E+04,0.3725E+03,0.6304E+04,
   11,1994,   1,0.8566E+00,0.3401E+03,0.1448E+04,0.1336E+04,0.5352E+02,0.2841E+03,0.4373E+02,0.8885E+02,0.1674E+04,0.1326E+03,0.1821E+04,
    0,1994,   1,0.5957E-02,0.2315E+01,0.6498E+01,0.2479E+00,0.3010E+01,0.2832E+00,0.1417E+00,0.3305E+00,0.3541E+01,0.4722E+00,0.1301E-02,
   62,1994,   1,0.0000E+00,0.0000E+00,0.0000E+00,0.0000E+00,0.0000E+00,0.0000E+00,0.0000E+00,0.0000E+00,0.0000E+00,0.0000E+00,0.0000E+00,
   92,1994,   2,0.3384E-01,0.1499E+02,0.8954E+02,0.3535E+02,0.7152E+01,0.9401E+01,0.1929E+01,0.8287E+01,0.5190E+02,0.1022E+02,0.7111E+02,
   61,1994,   2,0.9375E+00,0.7224E+03,0.1053E+04,0.1159E+04,0.2945E+03,0.1440E+03,0.1484E+02,0.7224E+02,0.1598E+04,0.8709E+02,0.9457E+03,
   86,1994,   2,0.2172E+00,0.8675E+03,0.2788E+03,0.2327E+03,0.1815E+03,0.6017E+02,0.6436E+01,0.5099E+02,0.4743E+03,0.5742E+02,0.1311E+04,
   34,1994,   2,0.2367E+02,0.1369E+05,0.6550E+04,0.1336E+05,0.1084E+05,0.3079E+04,0.2761E+03,0.1467E+03,0.2728E+05,0.4228E+03,0.2366E+05,
   64,1994,   2,0.1430E+02,0.1041E+05,0.1575E+05,0.8572E+04,0.4362E+04,0.2236E+04,0.3771E+03,0.1840E+03,0.1517E+05,0.5611E+03,0.1849E+05,
   63,1994,   2,0.0000E+00,0.0000E+00,0.0000E+00,0.0000E+00,0.0000E+00,0.0000E+00,0.0000E+00,0.0000E+00,0.0000E+00,0.0000E+00,0.0000E+00,
   59,1994,   2,0.1661E+00,0.1291E+03,0.2338E+03,0.2324E+02,0.9324E+02,0.3586E+02,0.3300E+01,0.4303E+02,0.1523E+03,0.4633E+02,0.1951E+03,
   55,1994,   2,0.6776E-01,0.5817E+02,0.3234E+02,0.2214E+02,0.1801E+02,0.1738E+02,0.6300E+00,0.6143E+01,0.5753E+02,0.6773E+01,0.4275E+02,
   65,1994,   2,0.1163E+00,0.6019E+02,0.9063E+02,0.4937E+02,0.8070E+02,0.2545E+02,0.5187E+01,0.1577E+02,0.1555E+03,0.2096E+02,0.1672E+03,
   32,1994,   2,0.7796E+00,0.6103E+03,0.1347E+03,0.3902E+02,0.8365E+03,0.6459E+02,0.1569E+02,0.3304E+02,0.9401E+03,0.4872E+02,0.1721E+03,
   53,1994,   2,0.2640E-01,0.2043E+02,0.1347E+02,0.5892E+01,0.8709E+01,0.1304E+01,0.4991E+00,0.1491E+01,0.1591E+02,0.1990E+01,0.1117E+02,
   47,1994,   2,0.0000E+00,0.0000E+00,0.0000E+00,0.0000E+00,0.0000E+00,0.0000E+00,0.0000E+00,0.0000E+00,0.0000E+00,0.0000E+00,0.0000E+00,
   81,1994,   2,0.0000E+00,0.0000E+00,0.0000E+00,0.0000E+00,0.0000E+00,0.0000E+00,0.0000E+00,0.0000E+00,0.0000E+00,0.0000E+00,0.0000E+00,
   82,1994,   2,0.4383E-01,0.3028E+02,0.0000E+00,0.0000E+00,0.0000E+00,0.1892E+01,0.0000E+00,0.1892E+02,0.1892E+01,0.1892E+02,0.3028E+02,
   79,1994,   2,0.3454E-02,0.1789E+01,0.8947E+01,0.2672E+01,0.1002E+00,0.5677E+00,0.5190E+00,0.1270E+01,0.3340E+01,0.1789E+01,0.4474E+01,
   77,1994,   2,0.3148E+00,0.1687E+03,0.1002E+03,0.1332E+03,0.4137E+02,0.5201E+02,0.3588E+01,0.4051E+02,0.2266E+03,0.4409E+02,0.2430E+03,
   85,1994,   2,0.2114E+00,0.1408E+03,0.5263E+03,0.2362E+03,0.4371E+02,0.5304E+02,0.9197E+01,0.2847E+02,0.3329E+03,0.3767E+02,0.4142E+03,
   52,1994,   2,0.0000E+00,0.0000E+00,0.0000E+00,0.0000E+00,0.0000E+00,0.0000E+00,0.0000E+00,0.0000E+00,0.0000E+00,0.0000E+00,0.0000E+00,
   56,1994,   2,0.0000E+00,0.0000E+00,0.0000E+00,0.0000E+00,0.0000E+00,0.0000E+00,0.0000E+00,0.0000E+00,0.0000E+00,0.0000E+00,0.0000E+00,
   87,1994,   2,0.0000E+00,0.0000E+00,0.0000E+00,0.0000E+00,0.0000E+00,0.0000E+00,0.0000E+00,0.0000E+00,0.0000E+00,0.0000E+00,0.0000E+00,
   44,1994,   2,0.0000E+00,0.0000E+00,0.0000E+00,0.0000E+00,0.0000E+00,0.0000E+00,0.0000E+00,0.0000E+00,0.0000E+00,0.0000E+00,0.0000E+00,
   41,1994,   2,0.0000E+00,0.0000E+00,0.0000E+00,0.0000E+00,0.0000E+00,0.0000E+00,0.0000E+00,0.0000E+00,0.0000E+00,0.0000E+00,0.0000E+00,
   49,1994,   2,0.1578E-02,0.6813E+00,0.6461E+01,0.1841E+01,0.2085E+00,0.4032E+00,0.6541E-01,0.3434E+00,0.2452E+01,0.4088E+00,0.5806E+01,
   91,1994,   2,0.4710E-01,0.2275E+02,0.3027E+02,0.2477E+02,0.3257E+02,0.7712E+01,0.1195E+01,0.5144E+01,0.6505E+02,0.6339E+01,0.4964E+02,
   51,1994,   2,0.4471E-02,0.1930E+01,0.8107E+01,0.5215E+01,0.5906E+00,0.1143E+01,0.1853E+00,0.9728E+00,0.6949E+01,0.1158E+01,0.6949E+01,
   68,1994,   2,0.0000E+00,0.0000E+00,0.0000E+00,0.0000E+00,0.0000E+00,0.0000E+00,0.0000E+00,0.0000E+00,0.0000E+00,0.0000E+00,0.0000E+00,
   54,1994,   2,0.1525E+00,0.1067E+03,0.3029E+03,0.2002E+03,0.3490E+02,0.4478E+02,0.1225E+02,0.3596E+02,0.2799E+03,0.4821E+02,0.2502E+03,
   33,1994,   2,0.0000E+00,0.0000E+00,0.0000E+00,0.0000E+00,0.0000E+00,0.0000E+00,0.0000E+00,0.0000E+00,0.0000E+00,0.0000E+00,0.0000E+00,
   80,1994,   2,0.0000E+00,0.0000E+00,0.0000E+00,0.0000E+00,0.0000E+00,0.0000E+00,0.0000E+00,0.0000E+00,0.0000E+00,0.0000E+00,0.0000E+00,
   50,1994,   2,0.0000E+00,0.0000E+00,0.0000E+00,0.0000E+00,0.0000E+00,0.0000E+00,0.0000E+00,0.0000E+00,0.0000E+00,0.0000E+00,0.0000E+00,
   58,1994,   2,0.6580E-01,0.3919E+02,0.2134E+02,0.3340E+02,0.1824E+02,0.1869E+02,0.2393E+00,0.2093E+01,0.7034E+02,0.2332E+01,0.3819E+02,
   17,1994,   2,0.1079E+00,0.5447E+02,0.1064E+03,0.5658E+02,0.4355E+02,0.4117E+02,0.7497E+01,0.2382E+02,0.1413E+03,0.3132E+02,0.1648E+03,
   95,1994,   2,0.8737E-02,0.3773E+01,0.7222E+01,0.1018E+02,0.1160E+01,0.2230E+01,0.2023E+00,0.1057E+01,0.1357E+02,0.1259E+01,0.1207E+02,
   90,1994,   2,0.0000E+00,0.0000E+00,0.0000E+00,0.0000E+00,0.0000E+00,0.0000E+00,0.0000E+00,0.0000E+00,0.0000E+00,0.0000E+00,0.0000E+00,
   15,1994,   2,0.0000E+00,0.0000E+00,0.0000E+00,0.0000E+00,0.0000E+00,0.0000E+00,0.0000E+00,0.0000E+00,0.0000E+00,0.0000E+00,0.0000E+00,
   14,1994,   2,0.4299E-01,0.1846E+02,0.6319E+02,0.3784E+02,0.3902E+03,0.3792E+02,0.2146E+02,0.5249E+02,0.4659E+03,0.7395E+02,0.5817E+02,
   31,1994,   2,0.4914E+00,0.2061E+03,0.8210E+03,0.3550E+03,0.2733E+02,0.7654E+02,0.2135E+02,0.4825E+02,0.4589E+03,0.6959E+02,0.1061E+04,
   12,1994,   2,0.1659E-01,0.7320E+01,0.2581E+02,0.1415E+02,0.1298E+02,0.4154E+01,0.1329E+01,0.3253E+01,0.3129E+02,0.4582E+01,0.5595E+02,
   23,1994,   2,0.1408E-01,0.5501E+01,0.5148E+01,0.1000E+01,0.1646E+01,0.3380E+00,0.1118E+00,0.2669E+00,0.2984E+01,0.3788E+00,0.6522E+02,
   25,1994,   2,0.9663E+01,0.6964E+04,0.1642E+05,0.1374E+05,0.2298E+04,0.3114E+04,0.3282E+03,0.7131E+03,0.1915E+05,0.1041E+04,0.2432E+05,
   18,1994,   2,0.2154E-01,0.1055E+02,0.2092E+02,0.1606E+02,0.1266E+02,0.4339E+01,0.1146E+01,0.2753E+01,0.3306E+02,0.3899E+01,0.3986E+02,
    4,1994,   2,0.4394E-01,0.1717E+02,0.6114E+01,0.2989E+01,0.4110E+01,0.9423E+00,0.3407E+00,0.9045E+00,0.8041E+01,0.1245E+01,0.1329E+03,
   74,1994,   2,0.8505E+00,0.3680E+03,0.1578E+04,0.3829E+02,0.6889E+01,0.6719E+03,0.3561E+02,0.7301E+02,0.7171E+03,0.1086E+03,0.2168E+04,
   73,1994,   2,0.1227E-03,0.4769E-01,0.3179E+00,0.4993E+00,0.6062E+01,0.5706E+00,0.2257E+00,0.5267E+00,0.7132E+01,0.7524E+00,0.9481E+00,
   69,1994,   2,0.1812E-01,0.7040E+01,0.7445E+01,0.1999E+01,0.2408E+02,0.2270E+01,0.9261E+00,0.2161E+01,0.2835E+02,0.3087E+01,0.7344E+01,
   20,1994,   2,0.8817E+00,0.4441E+03,0.1504E+04,0.1169E+04,0.9429E+03,0.3172E+03,0.1165E+03,0.2723E+03,0.2429E+04,0.3888E+03,0.1893E+04,
   36,1994,   2,0.0000E+00,0.0000E+00,0.0000E+00,0.0000E+00,0.0000E+00,0.0000E+00,0.0000E+00,0.0000E+00,0.0000E+00,0.0000E+00,0.0000E+00,
   16,1994,   2,0.3897E-03,0.1552E+00,0.1009E+01,0.1600E+01,0.1806E+02,0.1724E+01,0.6772E+00,0.1581E+01,0.2139E+02,0.2258E+01,0.2562E+01,
   26,1994,   2,0.3283E-01,0.1626E+02,0.2068E+02,0.1193E+02,0.3973E+02,0.5649E+01,0.8206E+00,0.1991E+01,0.5731E+02,0.2812E+01,0.5013E+02,
   30,1994,   2,0.4152E-02,0.1959E+01,0.9242E+01,0.4946E+01,0.4033E+01,0.1404E+01,0.3738E+00,0.9151E+00,0.1038E+02,0.1289E+01,0.9324E+01,
   66,1994,   2,0.0000E+00,0.0000E+00,0.0000E+00,0.0000E+00,0.0000E+00,0.0000E+00,0.0000E+00,0.0000E+00,0.0000E+00,0.0000E+00,0.0000E+00,
   24,1994,   2,0.1796E-02,0.7756E+00,0.4653E+01,0.2320E+01,0.8702E-01,0.4930E+00,0.1125E+00,0.2753E+00,0.2901E+01,0.3878E+00,0.3878E+01,
   10,1994,   2,0.3681E+01,0.1576E+04,0.9894E+03,0.3816E+03,0.1209E+03,0.8928E+02,0.2874E+02,0.5859E+02,0.5918E+03,0.8733E+02,0.9494E+04,
   19,1994,   2,0.3288E+01,0.1293E+04,0.4819E+04,0.2977E+04,0.4076E+03,0.6606E+03,0.1194E+03,0.2510E+03,0.4045E+04,0.3705E+03,0.6323E+04,
   11,1994,   2,0.8566E+00,0.3401E+03,0.1448E+04,0.1336E+04,0.5352E+02,0.2841E+03,0.4373E+02,0.8885E+02,0.1674E+04,0.1326E+03,0.1821E+04,
    0,1994,   2,0.5957E-02,0.2315E+01,0.6498E+01,0.2479E+00,0.3010E+01,0.2832E+00,0.1417E+00,0.3305E+00,0.3541E+01,0.4722E+00,0.1301E-02,
   62,1994,   2,0.0000E+00,0.0000E+00,0.0000E+00,0.0000E+00,0.0000E+00,0.0000E+00,0.0000E+00,0.0000E+00,0.0000E+00,0.0000E+00,0.0000E+00,
   92,1994,   3,0.4883E-01,0.2146E+02,0.1185E+03,0.5354E+02,0.8779E+01,0.1469E+02,0.2592E+01,0.1179E+02,0.7701E+02,0.1439E+02,0.1122E+03,
   61,1994,   3,0.1127E+01,0.8352E+03,0.1147E+04,0.1156E+04,0.2148E+03,0.2406E+03,0.1947E+02,0.7678E+02,0.1612E+04,0.9625E+02,0.1553E+04,
   86,1994,   3,0.2413E+00,0.8202E+03,0.4702E+03,0.2772E+03,0.1791E+03,0.1047E+03,0.1315E+02,0.4884E+02,0.5611E+03,0.6199E+02,0.1417E+04,
   34,1994,   3,0.2585E+02,0.1593E+05,0.1184E+05,0.1479E+05,0.8559E+04,0.5609E+04,0.7862E+03,0.1653E+03,0.2895E+05,0.9515E+03,0.4876E+05,
   64,1994,   3,0.1696E+02,0.1248E+05,0.1252E+05,0.9826E+04,0.3784E+04,0.2848E+04,0.3039E+03,0.2779E+03,0.1646E+05,0.5818E+03,0.2493E+05,
   63,1994,   3,0.0000E+00,0.0000E+00,0.0000E+00,0.0000E+00,0.0000E+00,0.0000E+00,0.0000E+00,0.0000E+00,0.0000E+00,0.0000E+00,0.0000E+00,
   59,1994,   3,0.2043E+00,0.1570E+03,0.1199E+03,0.5997E+01,0.1517E+03,0.4991E+02,0.1358E+02,0.2293E+02,0.2076E+03,0.3651E+02,0.3016E+03,
   55,1994,   3,0.6501E-01,0.5310E+02,0.3361E+02,0.1013E+02,0.2678E+02,0.1325E+02,0.3018E+00,0.3963E+01,0.5015E+02,0.4264E+01,0.4275E+02,
   65,1994,   3,0.1431E+00,0.7290E+02,0.1939E+03,0.7218E+02,0.9580E+02,0.3648E+02,0.8543E+01,0.1656E+02,0.2045E+03,0.2510E+02,0.3024E+03,
   32,1994,   3,0.9135E+00,0.6777E+03,0.5046E+03,0.1029E+03,0.4199E+03,0.6676E+02,0.1098E+02,0.3871E+02,0.5896E+03,0.4969E+02,0.4368E+03,
   53,1994,   3,0.2734E-01,0.2152E+02,0.1156E+02,0.6373E+01,0.1687E+02,0.1409E+01,0.2298E+00,0.7545E+00,0.2465E+02,0.9843E+00,0.9301E+01,
   47,1994,   3,0.0000E+00,0.0000E+00,0.0000E+00,0.0000E+00,0.0000E+00,0.0000E+00,0.0000E+00,0.0000E+00,0.0000E+00,0.0000E+00,0.0000E+00,
   81,1994,   3,0.0000E+00,0.0000E+00,0.0000E+00,0.0000E+00,0.0000E+00,0.0000E+00,0.0000E+00,0.0000E+00,0.0000E+00,0.0000E+00,0.0000E+00,
   82,1994,   3,0.4383E-01,0.3028E+02,0.0000E+00,0.0000E+00,0.0000E+00,0.1892E+01,0.0000E+00,0.1892E+02,0.1892E+01,0.1892E+02,0.3028E+02,
   79,1994,   3,0.3454E-02,0.1789E+01,0.8947E+01,0.2672E+01,0.1002E+00,0.5677E+00,0.5190E+00,0.1270E+01,0.3340E+01,0.1789E+01,0.4474E+01,
   77,1994,   3,0.3722E+00,0.2088E+03,0.3056E+03,0.1275E+03,0.7115E+02,0.8334E+02,0.2493E+02,0.4064E+02,0.2820E+03,0.6558E+02,0.5539E+03,
   85,1994,   3,0.2336E+00,0.1576E+03,0.5182E+03,0.2621E+03,0.4664E+02,0.5872E+02,0.1014E+02,0.3079E+02,0.3675E+03,0.4093E+02,0.4208E+03,
   52,1994,   3,0.0000E+00,0.0000E+00,0.0000E+00,0.0000E+00,0.0000E+00,0.0000E+00,0.0000E+00,0.0000E+00,0.0000E+00,0.0000E+00,0.0000E+00,
   56,1994,   3,0.0000E+00,0.0000E+00,0.0000E+00,0.0000E+00,0.0000E+00,0.0000E+00,0.0000E+00,0.0000E+00,0.0000E+00,0.0000E+00,0.0000E+00,
   87,1994,   3,0.0000E+00,0.0000E+00,0.0000E+00,0.0000E+00,0.0000E+00,0.0000E+00,0.0000E+00,0.0000E+00,0.0000E+00,0.0000E+00,0.0000E+00,
   44,1994,   3,0.0000E+00,0.0000E+00,0.0000E+00,0.0000E+00,0.0000E+00,0.0000E+00,0.0000E+00,0.0000E+00,0.0000E+00,0.0000E+00,0.0000E+00,
   41,1994,   3,0.0000E+00,0.0000E+00,0.0000E+00,0.0000E+00,0.0000E+00,0.0000E+00,0.0000E+00,0.0000E+00,0.0000E+00,0.0000E+00,0.0000E+00,
   49,1994,   3,0.1666E-02,0.7191E+00,0.3584E+01,0.1943E+01,0.2200E+00,0.4257E+00,0.6904E-01,0.3624E+00,0.2589E+01,0.4315E+00,0.4095E+01,
   91,1994,   3,0.4929E-01,0.2370E+02,0.2651E+02,0.2732E+02,0.3286E+02,0.8272E+01,0.1286E+01,0.5621E+01,0.6846E+02,0.6907E+01,0.6239E+02,
   51,1994,   3,0.5391E-02,0.2328E+01,0.1117E+02,0.6289E+01,0.7123E+00,0.1378E+01,0.2235E+00,0.1173E+01,0.8379E+01,0.1397E+01,0.1536E+02,
   68,1994,   3,0.0000E+00,0.0000E+00,0.0000E+00,0.0000E+00,0.0000E+00,0.0000E+00,0.0000E+00,0.0000E+00,0.0000E+00,0.0000E+00,0.0000E+00,
   54,1994,   3,0.1866E+00,0.1208E+03,0.0000E+00,0.1917E+03,0.2207E+02,0.5478E+02,0.0000E+00,0.5687E+02,0.2686E+03,0.5687E+02,0.3383E+03,
   33,1994,   3,0.0000E+00,0.0000E+00,0.0000E+00,0.0000E+00,0.0000E+00,0.0000E+00,0.0000E+00,0.0000E+00,0.0000E+00,0.0000E+00,0.0000E+00,
   80,1994,   3,0.0000E+00,0.0000E+00,0.0000E+00,0.0000E+00,0.0000E+00,0.0000E+00,0.0000E+00,0.0000E+00,0.0000E+00,0.0000E+00,0.0000E+00,
   50,1994,   3,0.0000E+00,0.0000E+00,0.0000E+00,0.0000E+00,0.0000E+00,0.0000E+00,0.0000E+00,0.0000E+00,0.0000E+00,0.0000E+00,0.0000E+00,
   58,1994,   3,0.6725E-01,0.3912E+02,0.3756E+02,0.1789E+02,0.3279E+02,0.4608E+01,0.7762E+00,0.7904E+00,0.5528E+02,0.1567E+01,0.2856E+02,
   17,1994,   3,0.1795E+00,0.8214E+02,0.1672E+03,0.9830E+02,0.3626E+02,0.4464E+02,0.4879E+01,0.4327E+02,0.1792E+03,0.4815E+02,0.3371E+03,
   95,1994,   3,0.1500E-01,0.6479E+01,0.1424E+02,0.1749E+02,0.1988E+01,0.3832E+01,0.4702E+00,0.2463E+01,0.2331E+02,0.2934E+01,0.2767E+02,
   90,1994,   3,0.0000E+00,0.0000E+00,0.0000E+00,0.0000E+00,0.0000E+00,0.0000E+00,0.0000E+00,0.0000E+00,0.0000E+00,0.0000E+00,0.0000E+00,
   15,1994,   3,0.0000E+00,0.0000E+00,0.0000E+00,0.0000E+00,0.0000E+00,0.0000E+00,0.0000E+00,0.0000E+00,0.0000E+00,0.0000E+00,0.0000E+00,
   14,1994,   3,0.4299E-01,0.1846E+02,0.3093E+02,0.3784E+02,0.3902E+03,0.3792E+02,0.2146E+02,0.5249E+02,0.4659E+03,0.7395E+02,0.4377E+02,
   31,1994,   3,0.4914E+00,0.2061E+03,0.8210E+03,0.3550E+03,0.2733E+02,0.7654E+02,0.2135E+02,0.4825E+02,0.4589E+03,0.6959E+02,0.1061E+04,
   12,1994,   3,0.1690E-01,0.7452E+01,0.2648E+02,0.1462E+02,0.1300E+02,0.4253E+01,0.1379E+01,0.3376E+01,0.3187E+02,0.4754E+01,0.5674E+02,
   23,1994,   3,0.1408E-01,0.5501E+01,0.5148E+01,0.1000E+01,0.1646E+01,0.3380E+00,0.1118E+00,0.2669E+00,0.2984E+01,0.3788E+00,0.6522E+02,
   25,1994,   3,0.9967E+01,0.7112E+04,0.1773E+05,0.1378E+05,0.2327E+04,0.3259E+04,0.3492E+03,0.7183E+03,0.1936E+05,0.1067E+04,0.2774E+05,
   18,1994,   3,0.2154E-01,0.1055E+02,0.2092E+02,0.1606E+02,0.1266E+02,0.4339E+01,0.1146E+01,0.2753E+01,0.3306E+02,0.3899E+01,0.3986E+02,
    4,1994,   3,0.4394E-01,0.1717E+02,0.6114E+01,0.2989E+01,0.4110E+01,0.9423E+00,0.3407E+00,0.9045E+00,0.8041E+01,0.1245E+01,0.1329E+03,
   74,1994,   3,0.8505E+00,0.3680E+03,0.1578E+04,0.3829E+02,0.6889E+01,0.6719E+03,0.3561E+02,0.7301E+02,0.7171E+03,0.1086E+03,0.2168E+04,
   73,1994,   3,0.1227E-03,0.4769E-01,0.3179E+00,0.4993E+00,0.6062E+01,0.5706E+00,0.2257E+00,0.5267E+00,0.7132E+01,0.7524E+00,0.9481E+00,
   69,1994,   3,0.1812E-01,0.7040E+01,0.7445E+01,0.1999E+01,0.2408E+02,0.2270E+01,0.9261E+00,0.2161E+01,0.2835E+02,0.3087E+01,0.7344E+01,
   20,1994,   3,0.8817E+00,0.4441E+03,0.1466E+04,0.1169E+04,0.9429E+03,0.3172E+03,0.1165E+03,0.2723E+03,0.2429E+04,0.3888E+03,0.1845E+04,
   36,1994,   3,0.0000E+00,0.0000E+00,0.0000E+00,0.0000E+00,0.0000E+00,0.0000E+00,0.0000E+00,0.0000E+00,0.0000E+00,0.0000E+00,0.0000E+00,
   16,1994,   3,0.3897E-03,0.1552E+00,0.1009E+01,0.1600E+01,0.1806E+02,0.1724E+01,0.6772E+00,0.1581E+01,0.2139E+02,0.2258E+01,0.2562E+01,
   26,1994,   3,0.3283E-01,0.1626E+02,0.2068E+02,0.1193E+02,0.3973E+02,0.5649E+01,0.8206E+00,0.1991E+01,0.5731E+02,0.2812E+01,0.5013E+02,
   30,1994,   3,0.4152E-02,0.1959E+01,0.9242E+01,0.4946E+01,0.4033E+01,0.1404E+01,0.3738E+00,0.9151E+00,0.1038E+02,0.1289E+01,0.9324E+01,
   66,1994,   3,0.0000E+00,0.0000E+00,0.0000E+00,0.0000E+00,0.0000E+00,0.0000E+00,0.0000E+00,0.0000E+00,0.0000E+00,0.0000E+00,0.0000E+00,
   24,1994,   3,0.1796E-02,0.7756E+00,0.4653E+01,0.2320E+01,0.8702E-01,0.4930E+00,0.1125E+00,0.2753E+00,0.2901E+01,0.3878E+00,0.3878E+01,
   10,1994,   3,0.3681E+01,0.1576E+04,0.9894E+03,0.3816E+03,0.1209E+03,0.8928E+02,0.2874E+02,0.5859E+02,0.5918E+03,0.8733E+02,0.9494E+04,
   19,1994,   3,0.3289E+01,0.1293E+04,0.4829E+04,0.2987E+04,0.4145E+03,0.6624E+03,0.1200E+03,0.2523E+03,0.4064E+04,0.3723E+03,0.6335E+04,
   11,1994,   3,0.8566E+00,0.3401E+03,0.1448E+04,0.1336E+04,0.5352E+02,0.2841E+03,0.4373E+02,0.8885E+02,0.1674E+04,0.1326E+03,0.1821E+04,
    0,1994,   3,0.5957E-02,0.2315E+01,0.6498E+01,0.2479E+00,0.3010E+01,0.2832E+00,0.1417E+00,0.3305E+00,0.3541E+01,0.4722E+00,0.1301E-02,
   62,1994,   3,0.0000E+00,0.0000E+00,0.0000E+00,0.0000E+00,0.0000E+00,0.0000E+00,0.0000E+00,0.0000E+00,0.0000E+00,0.0000E+00,0.0000E+00,
   92,1994,   4,0.4392E-01,0.1934E+02,0.9376E+02,0.4747E+02,0.8300E+01,0.1273E+02,0.2368E+01,0.1061E+02,0.6851E+02,0.1298E+02,0.1074E+03,
   61,1994,   4,0.9222E+00,0.6765E+03,0.1037E+04,0.1042E+04,0.2415E+03,0.2134E+03,0.2120E+02,0.5282E+02,0.1497E+04,0.7403E+02,0.1080E+04,
   86,1994,   4,0.2138E+00,0.1501E+04,0.5265E+03,0.2797E+03,0.3030E+03,0.6336E+02,0.1424E+02,0.5124E+02,0.6461E+03,0.6549E+02,0.2237E+04,
   34,1994,   4,0.2320E+02,0.1318E+05,0.8711E+04,0.9649E+04,0.1301E+05,0.2800E+04,0.4379E+03,0.9197E+02,0.2546E+05,0.5299E+03,0.1773E+05,
   64,1994,   4,0.1369E+02,0.9457E+04,0.1200E+05,0.7176E+04,0.4537E+04,0.1993E+04,0.3318E+03,0.1743E+03,0.1371E+05,0.5061E+03,0.1531E+05,
   63,1994,   4,0.0000E+00,0.0000E+00,0.0000E+00,0.0000E+00,0.0000E+00,0.0000E+00,0.0000E+00,0.0000E+00,0.0000E+00,0.0000E+00,0.0000E+00,
   59,1994,   4,0.1696E+00,0.1230E+03,0.7031E+02,0.7470E+01,0.1889E+02,0.3896E+02,0.1494E+02,0.1142E+02,0.6532E+02,0.2636E+02,0.2036E+03,
   55,1994,   4,0.4013E-01,0.3208E+02,0.1203E+02,0.1589E+01,0.1376E+02,0.6753E+01,0.5058E+00,0.3080E+01,0.2210E+02,0.3586E+01,0.2093E+02,
   65,1994,   4,0.1282E+00,0.7251E+02,0.1510E+03,0.3957E+02,0.9804E+02,0.5358E+02,0.6487E+01,0.1466E+02,0.1912E+03,0.2114E+02,0.2101E+03,
   32,1994,   4,0.7802E+00,0.5653E+03,0.2841E+02,0.1940E+02,0.9578E+02,0.5170E+02,0.3296E+01,0.3352E+02,0.1669E+03,0.3681E+02,0.1857E+03,
   53,1994,   4,0.1896E-01,0.1393E+02,0.3324E+01,0.3098E+01,0.1868E+01,0.6815E+00,0.2060E+01,0.5959E+01,0.5647E+01,0.8019E+01,0.8044E+01,
   47,1994,   4,0.0000E+00,0.0000E+00,0.0000E+00,0.0000E+00,0.0000E+00,0.0000E+00,0.0000E+00,0.0000E+00,0.0000E+00,0.0000E+00,0.0000E+00,
   81,1994,   4,0.0000E+00,0.0000E+00,0.0000E+00,0.0000E+00,0.0000E+00,0.0000E+00,0.0000E+00,0.0000E+00,0.0000E+00,0.0000E+00,0.0000E+00,
   82,1994,   4,0.4383E-01,0.3028E+02,0.0000E+00,0.0000E+00,0.0000E+00,0.1892E+01,0.0000E+00,0.1892E+02,0.1892E+01,0.1892E+02,0.3028E+02,
   79,1994,   4,0.3454E-02,0.1789E+01,0.8947E+01,0.2672E+01,0.1002E+00,0.5677E+00,0.5190E+00,0.1270E+01,0.3340E+01,0.1789E+01,0.4474E+01,
   77,1994,   4,0.2837E+00,0.1517E+03,0.2065E+03,0.6579E+02,0.8511E+02,0.5929E+02,0.6844E+01,0.2489E+02,0.2102E+03,0.3173E+02,0.3393E+03,
   85,1994,   4,0.2286E+00,0.1518E+03,0.4619E+03,0.2562E+03,0.4597E+02,0.5742E+02,0.7478E+01,0.2362E+02,0.3596E+03,0.3110E+02,0.3828E+03,
   52,1994,   4,0.0000E+00,0.0000E+00,0.0000E+00,0.0000E+00,0.0000E+00,0.0000E+00,0.0000E+00,0.0000E+00,0.0000E+00,0.0000E+00,0.0000E+00,
   56,1994,   4,0.0000E+00,0.0000E+00,0.0000E+00,0.0000E+00,0.0000E+00,0.0000E+00,0.0000E+00,0.0000E+00,0.0000E+00,0.0000E+00,0.0000E+00,
   87,1994,   4,0.0000E+00,0.0000E+00,0.0000E+00,0.0000E+00,0.0000E+00,0.0000E+00,0.0000E+00,0.0000E+00,0.0000E+00,0.0000E+00,0.0000E+00,
   44,1994,   4,0.0000E+00,0.0000E+00,0.0000E+00,0.0000E+00,0.0000E+00,0.0000E+00,0.0000E+00,0.0000E+00,0.0000E+00,0.0000E+00,0.0000E+00,
   41,1994,   4,0.0000E+00,0.0000E+00,0.0000E+00,0.0000E+00,0.0000E+00,0.0000E+00,0.0000E+00,0.0000E+00,0.0000E+00,0.0000E+00,0.0000E+00,
   49,1994,   4,0.8767E-03,0.3785E+00,0.1680E+01,0.1023E+01,0.1158E+00,0.2240E+00,0.3634E-01,0.1908E+00,0.1362E+01,0.2271E+00,0.1771E+01,
   91,1994,   4,0.4394E-01,0.2139E+02,0.2170E+02,0.2109E+02,0.3216E+02,0.6906E+01,0.1064E+01,0.4458E+01,0.6015E+02,0.5522E+01,0.4754E+02,
   51,1994,   4,0.4953E-02,0.2138E+01,0.1240E+02,0.5778E+01,0.6543E+00,0.1266E+01,0.2053E+00,0.1078E+01,0.7698E+01,0.1283E+01,0.1582E+02,
   68,1994,   4,0.0000E+00,0.0000E+00,0.0000E+00,0.0000E+00,0.0000E+00,0.0000E+00,0.0000E+00,0.0000E+00,0.0000E+00,0.0000E+00,0.0000E+00,
   54,1994,   4,0.1500E+00,0.8550E+02,0.3109E+03,0.1321E+03,0.6387E+02,0.5959E+02,0.1231E+02,0.2513E+02,0.2556E+03,0.3744E+02,0.1943E+03,
   33,1994,   4,0.0000E+00,0.0000E+00,0.0000E+00,0.0000E+00,0.0000E+00,0.0000E+00,0.0000E+00,0.0000E+00,0.0000E+00,0.0000E+00,0.0000E+00,
   80,1994,   4,0.0000E+00,0.0000E+00,0.0000E+00,0.0000E+00,0.0000E+00,0.0000E+00,0.0000E+00,0.0000E+00,0.0000E+00,0.0000E+00,0.0000E+00,
   50,1994,   4,0.0000E+00,0.0000E+00,0.0000E+00,0.0000E+00,0.0000E+00,0.0000E+00,0.0000E+00,0.0000E+00,0.0000E+00,0.0000E+00,0.0000E+00,
   58,1994,   4,0.6212E-01,0.3208E+02,0.3510E+02,0.2023E+01,0.2033E+02,0.8244E+01,0.3064E+00,0.9169E+00,0.3060E+02,0.1223E+01,0.2248E+02,
   17,1994,   4,0.1005E+00,0.4707E+02,0.1207E+03,0.3876E+02,0.3941E+02,0.4228E+02,0.8101E+01,0.1648E+02,0.1205E+03,0.2458E+02,0.1881E+03,
   95,1994,   4,0.1408E-01,0.6082E+01,0.1406E+02,0.1641E+02,0.1866E+01,0.3597E+01,0.4434E+00,0.2332E+01,0.2188E+02,0.2775E+01,0.3195E+02,
   90,1994,   4,0.0000E+00,0.0000E+00,0.0000E+00,0.0000E+00,0.0000E+00,0.0000E+00,0.0000E+00,0.0000E+00,0.0000E+00,0.0000E+00,0.0000E+00,
   15,1994,   4,0.0000E+00,0.0000E+00,0.0000E+00,0.0000E+00,0.0000E+00,0.0000E+00,0.0000E+00,0.0000E+00,0.0000E+00,0.0000E+00,0.0000E+00,
   14,1994,   4,0.4299E-01,0.1846E+02,0.3292E+02,0.3784E+02,0.3902E+03,0.3792E+02,0.2146E+02,0.5249E+02,0.4659E+03,0.7395E+02,0.3395E+02,
   31,1994,   4,0.4914E+00,0.2061E+03,0.8210E+03,0.3550E+03,0.2733E+02,0.7654E+02,0.2135E+02,0.4825E+02,0.4589E+03,0.6959E+02,0.1061E+04,
   12,1994,   4,0.1786E-01,0.7868E+01,0.2856E+02,0.1608E+02,0.1305E+02,0.4565E+01,0.1536E+01,0.3760E+01,0.3370E+02,0.5296E+01,0.5924E+02,
   23,1994,   4,0.1408E-01,0.5501E+01,0.5148E+01,0.1000E+01,0.1646E+01,0.3380E+00,0.1118E+00,0.2669E+00,0.2984E+01,0.3788E+00,0.6522E+02,
   25,1994,   4,0.9759E+01,0.7011E+04,0.1683E+05,0.1375E+05,0.2307E+04,0.3160E+04,0.3348E+03,0.7147E+03,0.1922E+05,0.1050E+04,0.2540E+05,
   18,1994,   4,0.2154E-01,0.1055E+02,0.2092E+02,0.1606E+02,0.1266E+02,0.4339E+01,0.1146E+01,0.2753E+01,0.3306E+02,0.3899E+01,0.3986E+02,
    4,1994,   4,0.4394E-01,0.1717E+02,0.6114E+01,0.2989E+01,0.4110E+01,0.9423E+00,0.3407E+00,0.9045E+00,0.8041E+01,0.1245E+01,0.1329E+03,
   74,1994,   4,0.8505E+00,0.3680E+03,0.1578E+04,0.3829E+02,0.6889E+01,0.6719E+03,0.3561E+02,0.7301E+02,0.7171E+03,0.1086E+03,0.2168E+04,
   73,1994,   4,0.1227E-03,0.4769E-01,0.3179E+00,0.4993E+00,0.6062E+01,0.5706E+00,0.2257E+00,0.5267E+00,0.7132E+01,0.7524E+00,0.9481E+00,
   69,1994,   4,0.1812E-01,0.7040E+01,0.7445E+01,0.1999E+01,0.2408E+02,0.2270E+01,0.9261E+00,0.2161E+01,0.2835E+02,0.3087E+01,0.7344E+01,
   20,1994,   4,0.8817E+00,0.4441E+03,0.1512E+04,0.1169E+04,0.9429E+03,0.3172E+03,0.1165E+03,0.2723E+03,0.2429E+04,0.3888E+03,0.1887E+04,
   36,1994,   4,0.0000E+00,0.0000E+00,0.0000E+00,0.0000E+00,0.0000E+00,0.0000E+00,0.0000E+00,0.0000E+00,0.0000E+00,0.0000E+00,0.0000E+00,
   16,1994,   4,0.3897E-03,0.1552E+00,0.1009E+01,0.1600E+01,0.1806E+02,0.1724E+01,0.6772E+00,0.1581E+01,0.2139E+02,0.2258E+01,0.2562E+01,
   26,1994,   4,0.3283E-01,0.1626E+02,0.2068E+02,0.1193E+02,0.3973E+02,0.5649E+01,0.8206E+00,0.1991E+01,0.5731E+02,0.2812E+01,0.5013E+02,
   30,1994,   4,0.4152E-02,0.1959E+01,0.9242E+01,0.4946E+01,0.4033E+01,0.1404E+01,0.3738E+00,0.9151E+00,0.1038E+02,0.1289E+01,0.9324E+01,
   66,1994,   4,0.0000E+00,0.0000E+00,0.0000E+00,0.0000E+00,0.0000E+00,0.0000E+00,0.0000E+00,0.0000E+00,0.0000E+00,0.0000E+00,0.0000E+00,
   24,1994,   4,0.1796E-02,0.7756E+00,0.4653E+01,0.2320E+01,0.8702E-01,0.4930E+00,0.1125E+00,0.2753E+00,0.2901E+01,0.3878E+00,0.3878E+01,
   10,1994,   4,0.3681E+01,0.1576E+04,0.9894E+03,0.3816E+03,0.1209E+03,0.8928E+02,0.2874E+02,0.5859E+02,0.5918E+03,0.8733E+02,0.9494E+04,
   19,1994,   4,0.3288E+01,0.1293E+04,0.4820E+04,0.2978E+04,0.4081E+03,0.6607E+03,0.1195E+03,0.2511E+03,0.4046E+04,0.3706E+03,0.6323E+04,
   11,1994,   4,0.8566E+00,0.3401E+03,0.1448E+04,0.1336E+04,0.5352E+02,0.2841E+03,0.4373E+02,0.8885E+02,0.1674E+04,0.1326E+03,0.1821E+04,
    0,1994,   4,0.5957E-02,0.2315E+01,0.6498E+01,0.2479E+00,0.3010E+01,0.2832E+00,0.1417E+00,0.3305E+00,0.3541E+01,0.4722E+00,0.1301E-02,
   62,1994,   4,0.0000E+00,0.0000E+00,0.0000E+00,0.0000E+00,0.0000E+00,0.0000E+00,0.0000E+00,0.0000E+00,0.0000E+00,0.0000E+00,0.0000E+00,
   92,1994,   5,0.2928E-01,0.1302E+02,0.6055E+02,0.2997E+02,0.6579E+01,0.8116E+01,0.1736E+01,0.7275E+01,0.4467E+02,0.9011E+01,0.5046E+02,
   61,1994,   5,0.8230E+00,0.5613E+03,0.6295E+03,0.8852E+03,0.2294E+03,0.1068E+03,0.1960E+02,0.4733E+02,0.1221E+04,0.6693E+02,0.8255E+03,
   86,1994,   5,0.1574E+00,0.1360E+04,0.4850E+03,0.2133E+03,0.2724E+03,0.5498E+02,0.7818E+01,0.3420E+02,0.5408E+03,0.4202E+02,0.2346E+04,
   34,1994,   5,0.2134E+02,0.1274E+05,0.3661E+04,0.7699E+04,0.1563E+05,0.2495E+04,0.8417E+02,0.9693E+02,0.2582E+05,0.1811E+03,0.1628E+05,
   64,1994,   5,0.1243E+02,0.8104E+04,0.9865E+04,0.5943E+04,0.5049E+04,0.1774E+04,0.1819E+03,0.2074E+03,0.1277E+05,0.3893E+03,0.1142E+05,
   63,1994,   5,0.0000E+00,0.0000E+00,0.0000E+00,0.0000E+00,0.0000E+00,0.0000E+00,0.0000E+00,0.0000E+00,0.0000E+00,0.0000E+00,0.0000E+00,
   59,1994,   5,0.1828E+00,0.1278E+03,0.4577E+02,0.3156E+01,0.4261E+02,0.1894E+02,0.3157E+01,0.2525E+02,0.6471E+02,0.2841E+02,0.7418E+02,
   55,1994,   5,0.2775E-01,0.2121E+02,0.9349E+00,0.5901E+00,0.1427E+02,0.1550E+01,0.8537E-01,0.1960E+01,0.1641E+02,0.2046E+01,0.7217E+01,
   65,1994,   5,0.9420E-01,0.4906E+02,0.5684E+02,0.2428E+02,0.1082E+03,0.3280E+02,0.3954E+01,0.1056E+02,0.1653E+03,0.1452E+02,0.1198E+03,
   32,1994,   5,0.7579E+00,0.5260E+03,0.2795E+02,0.2055E+02,0.1659E+03,0.4560E+02,0.2841E+01,0.5052E+02,0.2320E+03,0.5336E+02,0.1292E+03,
   53,1994,   5,0.1652E-01,0.1229E+02,0.2995E+01,0.2808E+01,0.7437E+01,0.6226E+00,0.3450E+00,0.1082E+01,0.1087E+02,0.1427E+01,0.6077E+01,
   47,1994,   5,0.0000E+00,0.0000E+00,0.0000E+00,0.0000E+00,0.0000E+00,0.0000E+00,0.0000E+00,0.0000E+00,0.0000E+00,0.0000E+00,0.0000E+00,
   81,1994,   5,0.0000E+00,0.0000E+00,0.0000E+00,0.0000E+00,0.0000E+00,0.0000E+00,0.0000E+00,0.0000E+00,0.0000E+00,0.0000E+00,0.0000E+00,
   82,1994,   5,0.4383E-01,0.3028E+02,0.0000E+00,0.0000E+00,0.0000E+00,0.1892E+01,0.0000E+00,0.1892E+02,0.1892E+01,0.1892E+02,0.3028E+02,
   79,1994,   5,0.3454E-02,0.1789E+01,0.8947E+01,0.2672E+01,0.1002E+00,0.5677E+00,0.5190E+00,0.1270E+01,0.3340E+01,0.1789E+01,0.4474E+01,
   77,1994,   5,0.3221E+00,0.1591E+03,0.5431E+03,0.7129E+02,0.8185E+02,0.1232E+03,0.1506E+02,0.3031E+02,0.2763E+03,0.4537E+02,0.1359E+04,
   85,1994,   5,0.2547E+00,0.1603E+03,0.5693E+03,0.2473E+03,0.4803E+02,0.7236E+02,0.1045E+02,0.2474E+02,0.3677E+03,0.3519E+02,0.7726E+03,
   52,1994,   5,0.0000E+00,0.0000E+00,0.0000E+00,0.0000E+00,0.0000E+00,0.0000E+00,0.0000E+00,0.0000E+00,0.0000E+00,0.0000E+00,0.0000E+00,
   56,1994,   5,0.4861E-02,0.1889E+01,0.1805E+02,0.5876E+00,0.4617E+00,0.2308E+01,0.3358E+00,0.8394E-01,0.3358E+01,0.4198E+00,0.5456E+02,
   87,1994,   5,0.0000E+00,0.0000E+00,0.0000E+00,0.0000E+00,0.0000E+00,0.0000E+00,0.0000E+00,0.0000E+00,0.0000E+00,0.0000E+00,0.0000E+00,
   44,1994,   5,0.0000E+00,0.0000E+00,0.0000E+00,0.0000E+00,0.0000E+00,0.0000E+00,0.0000E+00,0.0000E+00,0.0000E+00,0.0000E+00,0.0000E+00,
   41,1994,   5,0.0000E+00,0.0000E+00,0.0000E+00,0.0000E+00,0.0000E+00,0.0000E+00,0.0000E+00,0.0000E+00,0.0000E+00,0.0000E+00,0.0000E+00,
   49,1994,   5,0.9205E-03,0.3974E+00,0.2146E+01,0.1074E+01,0.1216E+00,0.2352E+00,0.3815E-01,0.2003E+00,0.1431E+01,0.2384E+00,0.2581E+01,
   91,1994,   5,0.4109E-01,0.2016E+02,0.1253E+02,0.1776E+02,0.3178E+02,0.6178E+01,0.9459E+00,0.3838E+01,0.5572E+02,0.4784E+01,0.4310E+02,
   51,1994,   5,0.1666E-02,0.7191E+00,0.4458E+01,0.1943E+01,0.2200E+00,0.4256E+00,0.6904E-01,0.3624E+00,0.2589E+01,0.4315E+00,0.5609E+01,
   68,1994,   5,0.0000E+00,0.0000E+00,0.0000E+00,0.0000E+00,0.0000E+00,0.0000E+00,0.0000E+00,0.0000E+00,0.0000E+00,0.0000E+00,0.0000E+00,
   54,1994,   5,0.1262E+00,0.7194E+02,0.1744E+03,0.1123E+03,0.7477E+02,0.3597E+02,0.1014E+02,0.2725E+02,0.2230E+03,0.3739E+02,0.1635E+03,
   33,1994,   5,0.0000E+00,0.0000E+00,0.0000E+00,0.0000E+00,0.0000E+00,0.0000E+00,0.0000E+00,0.0000E+00,0.0000E+00,0.0000E+00,0.0000E+00,
   80,1994,   5,0.0000E+00,0.0000E+00,0.0000E+00,0.0000E+00,0.0000E+00,0.0000E+00,0.0000E+00,0.0000E+00,0.0000E+00,0.0000E+00,0.0000E+00,
   50,1994,   5,0.0000E+00,0.0000E+00,0.0000E+00,0.0000E+00,0.0000E+00,0.0000E+00,0.0000E+00,0.0000E+00,0.0000E+00,0.0000E+00,0.0000E+00,
   58,1994,   5,0.5428E-01,0.3187E+02,0.2472E+02,0.2930E+01,0.3040E+02,0.4456E+01,0.4693E+00,0.6632E+00,0.3779E+02,0.1132E+01,0.2291E+02,
   17,1994,   5,0.1587E+00,0.6939E+02,0.3435E+03,0.4596E+02,0.3639E+02,0.7972E+02,0.9583E+01,0.1616E+02,0.1621E+03,0.2575E+02,0.9645E+03,
   95,1994,   5,0.8956E-02,0.3868E+01,0.1035E+02,0.1043E+02,0.1189E+01,0.2286E+01,0.2803E+00,0.1465E+01,0.1391E+02,0.1745E+01,0.2770E+02,
   90,1994,   5,0.0000E+00,0.0000E+00,0.0000E+00,0.0000E+00,0.0000E+00,0.0000E+00,0.0000E+00,0.0000E+00,0.0000E+00,0.0000E+00,0.0000E+00,
   15,1994,   5,0.0000E+00,0.0000E+00,0.0000E+00,0.0000E+00,0.0000E+00,0.0000E+00,0.0000E+00,0.0000E+00,0.0000E+00,0.0000E+00,0.0000E+00,
   14,1994,   5,0.4299E-01,0.1846E+02,0.2971E+02,0.3784E+02,0.3902E+03,0.3792E+02,0.2146E+02,0.5249E+02,0.4659E+03,0.7395E+02,0.2370E+02,
   31,1994,   5,0.5372E+00,0.2298E+03,0.8210E+03,0.3579E+03,0.2744E+02,0.7716E+02,0.2135E+02,0.4825E+02,0.4625E+03,0.6959E+02,0.1120E+04,
   12,1994,   5,0.1690E-01,0.7452E+01,0.2648E+02,0.1462E+02,0.1300E+02,0.4253E+01,0.1379E+01,0.3376E+01,0.3187E+02,0.4754E+01,0.5674E+02,
   23,1994,   5,0.1408E-01,0.5501E+01,0.5148E+01,0.1000E+01,0.1646E+01,0.3380E+00,0.1118E+00,0.2669E+00,0.2984E+01,0.3788E+00,0.6522E+02,
   25,1994,   5,0.9807E+01,0.7034E+04,0.1704E+05,0.1376E+05,0.2312E+04,0.3183E+04,0.3381E+03,0.7155E+03,0.1925E+05,0.1054E+04,0.2594E+05,
   18,1994,   5,0.2154E-01,0.1055E+02,0.2092E+02,0.1606E+02,0.1266E+02,0.4339E+01,0.1146E+01,0.2753E+01,0.3306E+02,0.3899E+01,0.3986E+02,
    4,1994,   5,0.4394E-01,0.1717E+02,0.6114E+01,0.2989E+01,0.4110E+01,0.9423E+00,0.3407E+00,0.9045E+00,0.8041E+01,0.1245E+01,0.1329E+03,
   74,1994,   5,0.8505E+00,0.3680E+03,0.1578E+04,0.3829E+02,0.6889E+01,0.6719E+03,0.3561E+02,0.7301E+02,0.7171E+03,0.1086E+03,0.2168E+04,
   73,1994,   5,0.1227E-03,0.4769E-01,0.3179E+00,0.4993E+00,0.6062E+01,0.5706E+00,0.2257E+00,0.5267E+00,0.7132E+01,0.7524E+00,0.9481E+00,
   69,1994,   5,0.1812E-01,0.7040E+01,0.7445E+01,0.1999E+01,0.2408E+02,0.2270E+01,0.9261E+00,0.2161E+01,0.2835E+02,0.3087E+01,0.7344E+01,
   20,1994,   5,0.8817E+00,0.4441E+03,0.1490E+04,0.1169E+04,0.9429E+03,0.3172E+03,0.1165E+03,0.2723E+03,0.2429E+04,0.3888E+03,0.2038E+04,
   36,1994,   5,0.0000E+00,0.0000E+00,0.0000E+00,0.0000E+00,0.0000E+00,0.0000E+00,0.0000E+00,0.0000E+00,0.0000E+00,0.0000E+00,0.0000E+00,
   16,1994,   5,0.3897E-03,0.1552E+00,0.1009E+01,0.1600E+01,0.1806E+02,0.1724E+01,0.6772E+00,0.1581E+01,0.2139E+02,0.2258E+01,0.2562E+01,
   26,1994,   5,0.3283E-01,0.1626E+02,0.2068E+02,0.1193E+02,0.3973E+02,0.5649E+01,0.8206E+00,0.1991E+01,0.5731E+02,0.2812E+01,0.5013E+02,
   30,1994,   5,0.4152E-02,0.1959E+01,0.9242E+01,0.4946E+01,0.4033E+01,0.1404E+01,0.3738E+00,0.9151E+00,0.1038E+02,0.1289E+01,0.9324E+01,
   66,1994,   5,0.0000E+00,0.0000E+00,0.0000E+00,0.0000E+00,0.0000E+00,0.0000E+00,0.0000E+00,0.0000E+00,0.0000E+00,0.0000E+00,0.0000E+00,
   24,1994,   5,0.1796E-02,0.7756E+00,0.4653E+01,0.2320E+01,0.8702E-01,0.4930E+00,0.1125E+00,0.2753E+00,0.2901E+01,0.3878E+00,0.3878E+01,
   10,1994,   5,0.3681E+01,0.1576E+04,0.9894E+03,0.3816E+03,0.1209E+03,0.8928E+02,0.2874E+02,0.5859E+02,0.5918E+03,0.8733E+02,0.9494E+04,
   19,1994,   5,0.3288E+01,0.1293E+04,0.4819E+04,0.2977E+04,0.4076E+03,0.6606E+03,0.1194E+03,0.2510E+03,0.4045E+04,0.3705E+03,0.6323E+04,
   11,1994,   5,0.8566E+00,0.3401E+03,0.1448E+04,0.1336E+04,0.5352E+02,0.2841E+03,0.4373E+02,0.8885E+02,0.1674E+04,0.1326E+03,0.1821E+04,
    0,1994,   5,0.5957E-02,0.2315E+01,0.6498E+01,0.2479E+00,0.3010E+01,0.2832E+00,0.1417E+00,0.3305E+00,0.3541E+01,0.4722E+00,0.1301E-02,
   62,1994,   5,0.0000E+00,0.0000E+00,0.0000E+00,0.0000E+00,0.0000E+00,0.0000E+00,0.0000E+00,0.0000E+00,0.0000E+00,0.0000E+00,0.0000E+00,
   92,1994,   6,0.2275E-01,0.1020E+02,0.5076E+02,0.2223E+02,0.5778E+01,0.6188E+01,0.1458E+01,0.5811E+01,0.3420E+02,0.7269E+01,0.5323E+02,
   61,1994,   6,0.7574E+00,0.5065E+03,0.6162E+03,0.6536E+03,0.5120E+03,0.1253E+03,0.1431E+02,0.5061E+02,0.1291E+04,0.6491E+02,0.6382E+03,
   86,1994,   6,0.1586E+00,0.1985E+04,0.6197E+03,0.1645E+03,0.3967E+03,0.5564E+02,0.1002E+02,0.5145E+02,0.6168E+03,0.6148E+02,0.3230E+04,
   34,1994,   6,0.2133E+02,0.1152E+05,0.4109E+04,0.8575E+04,0.1348E+05,0.2348E+04,0.9153E+02,0.1586E+03,0.2440E+05,0.2501E+03,0.1629E+05,
   64,1994,   6,0.1214E+02,0.7225E+04,0.9356E+04,0.5178E+04,0.5769E+04,0.1566E+04,0.2174E+03,0.2866E+03,0.1251E+05,0.5040E+03,0.1294E+05,
   63,1994,   6,0.0000E+00,0.0000E+00,0.0000E+00,0.0000E+00,0.0000E+00,0.0000E+00,0.0000E+00,0.0000E+00,0.0000E+00,0.0000E+00,0.0000E+00,
   59,1994,   6,0.1468E+00,0.1014E+03,0.5072E+02,0.1002E+02,0.5072E+02,0.3398E+02,0.6340E+01,0.2282E+02,0.9471E+02,0.2916E+02,0.1395E+03,
   55,1994,   6,0.2360E-01,0.1653E+02,0.6230E+00,0.6691E+00,0.9810E+01,0.2310E+01,0.1048E+00,0.2697E+01,0.1279E+02,0.2802E+01,0.6567E+01,
   65,1994,   6,0.7601E-01,0.3876E+02,0.2491E+02,0.1628E+02,0.4925E+02,0.3003E+02,0.1037E+01,0.8799E+01,0.9556E+02,0.9837E+01,0.1235E+03,
   32,1994,   6,0.6989E+00,0.4620E+03,0.2709E+02,0.1835E+02,0.1296E+03,0.4114E+02,0.2701E+01,0.5823E+02,0.1891E+03,0.6093E+02,0.1501E+03,
   53,1994,   6,0.1397E-01,0.8902E+01,0.1883E+01,0.2088E+01,0.3304E+01,0.4553E+00,0.2915E+00,0.9129E+00,0.5848E+01,0.1204E+01,0.4537E+01,
   47,1994,   6,0.0000E+00,0.0000E+00,0.0000E+00,0.0000E+00,0.0000E+00,0.0000E+00,0.0000E+00,0.0000E+00,0.0000E+00,0.0000E+00,0.0000E+00,
   81,1994,   6,0.0000E+00,0.0000E+00,0.0000E+00,0.0000E+00,0.0000E+00,0.0000E+00,0.0000E+00,0.0000E+00,0.0000E+00,0.0000E+00,0.0000E+00,
   82,1994,   6,0.4383E-01,0.3028E+02,0.0000E+00,0.0000E+00,0.0000E+00,0.1892E+01,0.0000E+00,0.1892E+02,0.1892E+01,0.1892E+02,0.3028E+02,
   79,1994,   6,0.3454E-02,0.1789E+01,0.8947E+01,0.2672E+01,0.1002E+00,0.5677E+00,0.5190E+00,0.1270E+01,0.3340E+01,0.1789E+01,0.4474E+01,
   77,1994,   6,0.2552E+00,0.1216E+03,0.4260E+03,0.6153E+02,0.9955E+02,0.6329E+02,0.7737E+01,0.3768E+02,0.2244E+03,0.4542E+02,0.1230E+04,
   85,1994,   6,0.2773E+00,0.1700E+03,0.5294E+03,0.2736E+03,0.5101E+02,0.7814E+02,0.1136E+02,0.2680E+02,0.4027E+03,0.3816E+02,0.7454E+03,
   52,1994,   6,0.0000E+00,0.0000E+00,0.0000E+00,0.0000E+00,0.0000E+00,0.0000E+00,0.0000E+00,0.0000E+00,0.0000E+00,0.0000E+00,0.0000E+00,
   56,1994,   6,0.4871E-02,0.1893E+01,0.1809E+02,0.5889E+00,0.4627E+00,0.2313E+01,0.3365E+00,0.8412E-01,0.3365E+01,0.4207E+00,0.5468E+02,
   87,1994,   6,0.0000E+00,0.0000E+00,0.0000E+00,0.0000E+00,0.0000E+00,0.0000E+00,0.0000E+00,0.0000E+00,0.0000E+00,0.0000E+00,0.0000E+00,
   44,1994,   6,0.0000E+00,0.0000E+00,0.0000E+00,0.0000E+00,0.0000E+00,0.0000E+00,0.0000E+00,0.0000E+00,0.0000E+00,0.0000E+00,0.0000E+00,
   41,1994,   6,0.0000E+00,0.0000E+00,0.0000E+00,0.0000E+00,0.0000E+00,0.0000E+00,0.0000E+00,0.0000E+00,0.0000E+00,0.0000E+00,0.0000E+00,
   49,1994,   6,0.7890E-03,0.3406E+00,0.1964E+01,0.9204E+00,0.1042E+00,0.2016E+00,0.3270E-01,0.1717E+00,0.1226E+01,0.2044E+00,0.1094E+01,
   91,1994,   6,0.4022E-01,0.1978E+02,0.1401E+02,0.1674E+02,0.3166E+02,0.5953E+01,0.9096E+00,0.3647E+01,0.5436E+02,0.4557E+01,0.4481E+02,
   51,1994,   6,0.2542E-02,0.1098E+01,0.5049E+01,0.2966E+01,0.3359E+00,0.6497E+00,0.1054E+00,0.5532E+00,0.3951E+01,0.6586E+00,0.8342E+01,
   68,1994,   6,0.0000E+00,0.0000E+00,0.0000E+00,0.0000E+00,0.0000E+00,0.0000E+00,0.0000E+00,0.0000E+00,0.0000E+00,0.0000E+00,0.0000E+00,
   54,1994,   6,0.1154E+00,0.6477E+02,0.1694E+03,0.7534E+02,0.5670E+02,0.1833E+02,0.7973E+01,0.2830E+02,0.1504E+03,0.3627E+02,0.1495E+03,
   33,1994,   6,0.0000E+00,0.0000E+00,0.0000E+00,0.0000E+00,0.0000E+00,0.0000E+00,0.0000E+00,0.0000E+00,0.0000E+00,0.0000E+00,0.0000E+00,
   80,1994,   6,0.0000E+00,0.0000E+00,0.0000E+00,0.0000E+00,0.0000E+00,0.0000E+00,0.0000E+00,0.0000E+00,0.0000E+00,0.0000E+00,0.0000E+00,
   50,1994,   6,0.0000E+00,0.0000E+00,0.0000E+00,0.0000E+00,0.0000E+00,0.0000E+00,0.0000E+00,0.0000E+00,0.0000E+00,0.0000E+00,0.0000E+00,
   58,1994,   6,0.4845E-01,0.2868E+02,0.2349E+02,0.2420E+01,0.1551E+02,0.1241E+01,0.3957E+00,0.6430E+00,0.1917E+02,0.1039E+01,0.1842E+02,
   17,1994,   6,0.1390E+00,0.6166E+02,0.3354E+03,0.3368E+02,0.2916E+02,0.5194E+02,0.6416E+01,0.1445E+02,0.1148E+03,0.2087E+02,0.9515E+03,
   95,1994,   6,0.6282E-02,0.2713E+01,0.5254E+01,0.7312E+01,0.8354E+00,0.1603E+01,0.2201E+00,0.1150E+01,0.9751E+01,0.1370E+01,0.1734E+02,
   90,1994,   6,0.0000E+00,0.0000E+00,0.0000E+00,0.0000E+00,0.0000E+00,0.0000E+00,0.0000E+00,0.0000E+00,0.0000E+00,0.0000E+00,0.0000E+00,
   15,1994,   6,0.0000E+00,0.0000E+00,0.0000E+00,0.0000E+00,0.0000E+00,0.0000E+00,0.0000E+00,0.0000E+00,0.0000E+00,0.0000E+00,0.0000E+00,
   14,1994,   6,0.4299E-01,0.1846E+02,0.3320E+02,0.3784E+02,0.3902E+03,0.3792E+02,0.2146E+02,0.5249E+02,0.4659E+03,0.7395E+02,0.4726E+02,
   31,1994,   6,0.5372E+00,0.2298E+03,0.8210E+03,0.3579E+03,0.2744E+02,0.7716E+02,0.2135E+02,0.4825E+02,0.4625E+03,0.6959E+02,0.1120E+04,
   12,1994,   6,0.1655E-01,0.7301E+01,0.2572E+02,0.1409E+02,0.1298E+02,0.4140E+01,0.1322E+01,0.3236E+01,0.3120E+02,0.4557E+01,0.5583E+02,
   23,1994,   6,0.1408E-01,0.5501E+01,0.5148E+01,0.1000E+01,0.1646E+01,0.3380E+00,0.1118E+00,0.2669E+00,0.2984E+01,0.3788E+00,0.6522E+02,
   25,1994,   6,0.9663E+01,0.6964E+04,0.1642E+05,0.1374E+05,0.2298E+04,0.3114E+04,0.3282E+03,0.7131E+03,0.1915E+05,0.1041E+04,0.2432E+05,
   18,1994,   6,0.2154E-01,0.7790E+02,0.3446E+03,0.1107E+03,0.6361E+02,0.3662E+02,0.3098E+01,0.8609E+01,0.2109E+03,0.1171E+02,0.2734E+03,
    4,1994,   6,0.4394E-01,0.1717E+02,0.6114E+01,0.2989E+01,0.4110E+01,0.9423E+00,0.3407E+00,0.9045E+00,0.8041E+01,0.1245E+01,0.1329E+03,
   74,1994,   6,0.8505E+00,0.3680E+03,0.1578E+04,0.3829E+02,0.6889E+01,0.6719E+03,0.3561E+02,0.7301E+02,0.7171E+03,0.1086E+03,0.2168E+04,
   73,1994,   6,0.1227E-03,0.4769E-01,0.3179E+00,0.4993E+00,0.6062E+01,0.5706E+00,0.2257E+00,0.5267E+00,0.7132E+01,0.7524E+00,0.9481E+00,
   69,1994,   6,0.1812E-01,0.7040E+01,0.7445E+01,0.1999E+01,0.2408E+02,0.2270E+01,0.9261E+00,0.2161E+01,0.2835E+02,0.3087E+01,0.7344E+01,
   20,1994,   6,0.8817E+00,0.4441E+03,0.1524E+04,0.1169E+04,0.9429E+03,0.3172E+03,0.1165E+03,0.2723E+03,0.2429E+04,0.3888E+03,0.2026E+04,
   36,1994,   6,0.0000E+00,0.0000E+00,0.0000E+00,0.0000E+00,0.0000E+00,0.0000E+00,0.0000E+00,0.0000E+00,0.0000E+00,0.0000E+00,0.0000E+00,
   16,1994,   6,0.3897E-03,0.1552E+00,0.1009E+01,0.1600E+01,0.1806E+02,0.1724E+01,0.6772E+00,0.1581E+01,0.2139E+02,0.2258E+01,0.2562E+01,
   26,1994,   6,0.3283E-01,0.1626E+02,0.2068E+02,0.1193E+02,0.3973E+02,0.5649E+01,0.8206E+00,0.1991E+01,0.5731E+02,0.2812E+01,0.5013E+02,
   30,1994,   6,0.4152E-02,0.1959E+01,0.9242E+01,0.4946E+01,0.4033E+01,0.1404E+01,0.3738E+00,0.9151E+00,0.1038E+02,0.1289E+01,0.9324E+01,
   66,1994,   6,0.0000E+00,0.0000E+00,0.0000E+00,0.0000E+00,0.0000E+00,0.0000E+00,0.0000E+00,0.0000E+00,0.0000E+00,0.0000E+00,0.0000E+00,
   24,1994,   6,0.1796E-02,0.7756E+00,0.4653E+01,0.2320E+01,0.8702E-01,0.4930E+00,0.1125E+00,0.2753E+00,0.2901E+01,0.3878E+00,0.3878E+01,
   10,1994,   6,0.3681E+01,0.1576E+04,0.9894E+03,0.3816E+03,0.1209E+03,0.8928E+02,0.2874E+02,0.5859E+02,0.5918E+03,0.8733E+02,0.9494E+04,
   19,1994,   6,0.3288E+01,0.1293E+04,0.4819E+04,0.2977E+04,0.4074E+03,0.6605E+03,0.1194E+03,0.2510E+03,0.4044E+04,0.3704E+03,0.6322E+04,
   11,1994,   6,0.8566E+00,0.3401E+03,0.1448E+04,0.1336E+04,0.5352E+02,0.2841E+03,0.4373E+02,0.8885E+02,0.1674E+04,0.1326E+03,0.1821E+04,
    0,1994,   6,0.5957E-02,0.2315E+01,0.6498E+01,0.2479E+00,0.3010E+01,0.2832E+00,0.1417E+00,0.3305E+00,0.3541E+01,0.4722E+00,0.1301E-02,
   62,1994,   6,0.0000E+00,0.0000E+00,0.0000E+00,0.0000E+00,0.0000E+00,0.0000E+00,0.0000E+00,0.0000E+00,0.0000E+00,0.0000E+00,0.0000E+00,
   92,1994,   7,0.2143E-01,0.9636E+01,0.4560E+02,0.2069E+02,0.5609E+01,0.5834E+01,0.1403E+01,0.5521E+01,0.3213E+02,0.6924E+01,0.5852E+02,
   61,1994,   7,0.7976E+00,0.4833E+03,0.5793E+03,0.6107E+03,0.5798E+03,0.1320E+03,0.1297E+02,0.5225E+02,0.1322E+04,0.6521E+02,0.6105E+03,
   86,1994,   7,0.1605E+00,0.2078E+04,0.6019E+03,0.1082E+03,0.4613E+03,0.6139E+02,0.9006E+01,0.4892E+02,0.6308E+03,0.5792E+02,0.3350E+04,
   34,1994,   7,0.2145E+02,0.1268E+05,0.3618E+04,0.6635E+04,0.1495E+05,0.2308E+04,0.6812E+02,0.2244E+03,0.2389E+05,0.2926E+03,0.1475E+05,
   64,1994,   7,0.1249E+02,0.7138E+04,0.1076E+05,0.5064E+04,0.5058E+04,0.1533E+04,0.2918E+03,0.2709E+03,0.1166E+05,0.5627E+03,0.1383E+05,
   63,1994,   7,0.0000E+00,0.0000E+00,0.0000E+00,0.0000E+00,0.0000E+00,0.0000E+00,0.0000E+00,0.0000E+00,0.0000E+00,0.0000E+00,0.0000E+00,
   59,1994,   7,0.1556E+00,0.1061E+03,0.2553E+02,0.1344E+01,0.7255E+02,0.1209E+02,0.3225E+01,0.2687E+02,0.8599E+02,0.3010E+02,0.5240E+02,
   55,1994,   7,0.2671E-01,0.1795E+02,0.5000E+00,0.6748E+00,0.1375E+02,0.2018E+01,0.1315E+00,0.5375E+01,0.1644E+02,0.5506E+01,0.1354E+02,
   65,1994,   7,0.6400E-01,0.3280E+02,0.3011E+02,0.1735E+02,0.4870E+02,0.2008E+02,0.2368E+01,0.6939E+01,0.8612E+02,0.9307E+01,0.8740E+02,
   32,1994,   7,0.7409E+00,0.4718E+03,0.1198E+03,0.1837E+02,0.1239E+03,0.4895E+02,0.8815E+01,0.4935E+02,0.1912E+03,0.5817E+02,0.1815E+03,
   53,1994,   7,0.1686E-01,0.1024E+02,0.2252E+01,0.2122E+01,0.3313E+01,0.4587E+00,0.4590E+00,0.1370E+01,0.5894E+01,0.1828E+01,0.6837E+01,
   47,1994,   7,0.0000E+00,0.0000E+00,0.0000E+00,0.0000E+00,0.0000E+00,0.0000E+00,0.0000E+00,0.0000E+00,0.0000E+00,0.0000E+00,0.0000E+00,
   81,1994,   7,0.0000E+00,0.0000E+00,0.0000E+00,0.0000E+00,0.0000E+00,0.0000E+00,0.0000E+00,0.0000E+00,0.0000E+00,0.0000E+00,0.0000E+00,
   82,1994,   7,0.4383E-01,0.3028E+02,0.0000E+00,0.0000E+00,0.0000E+00,0.1892E+01,0.0000E+00,0.1892E+02,0.1892E+01,0.1892E+02,0.3028E+02,
   79,1994,   7,0.3454E-02,0.1789E+01,0.8947E+01,0.2672E+01,0.1002E+00,0.5677E+00,0.5190E+00,0.1270E+01,0.3340E+01,0.1789E+01,0.4474E+01,
   77,1994,   7,0.2813E+00,0.1280E+03,0.4887E+03,0.7673E+02,0.9195E+02,0.8766E+02,0.4517E+02,0.4635E+02,0.2563E+03,0.9152E+02,0.1278E+04,
   85,1994,   7,0.2908E+00,0.1867E+03,0.6178E+03,0.2890E+03,0.5278E+02,0.8167E+02,0.1223E+02,0.2907E+02,0.4235E+03,0.4130E+02,0.7778E+03,
   52,1994,   7,0.0000E+00,0.0000E+00,0.0000E+00,0.0000E+00,0.0000E+00,0.0000E+00,0.0000E+00,0.0000E+00,0.0000E+00,0.0000E+00,0.0000E+00,
   56,1994,   7,0.4910E-02,0.1908E+01,0.1823E+02,0.5935E+00,0.4663E+00,0.2331E+01,0.3392E+00,0.8478E-01,0.3391E+01,0.4239E+00,0.5511E+02,
   87,1994,   7,0.0000E+00,0.0000E+00,0.0000E+00,0.0000E+00,0.0000E+00,0.0000E+00,0.0000E+00,0.0000E+00,0.0000E+00,0.0000E+00,0.0000E+00,
   44,1994,   7,0.0000E+00,0.0000E+00,0.0000E+00,0.0000E+00,0.0000E+00,0.0000E+00,0.0000E+00,0.0000E+00,0.0000E+00,0.0000E+00,0.0000E+00,
   41,1994,   7,0.0000E+00,0.0000E+00,0.0000E+00,0.0000E+00,0.0000E+00,0.0000E+00,0.0000E+00,0.0000E+00,0.0000E+00,0.0000E+00,0.0000E+00,
   49,1994,   7,0.1008E-02,0.4352E+00,0.7418E+00,0.1176E+01,0.1332E+00,0.2577E+00,0.4179E-01,0.2194E+00,0.1567E+01,0.2611E+00,0.5337E+00,
   91,1994,   7,0.4039E-01,0.1986E+02,0.1949E+02,0.1694E+02,0.3169E+02,0.5998E+01,0.9169E+00,0.3685E+01,0.5463E+02,0.4602E+01,0.4267E+02,
   51,1994,   7,0.3463E-02,0.1495E+01,0.5382E+01,0.4039E+01,0.4575E+00,0.8849E+00,0.1435E+00,0.7535E+00,0.5382E+01,0.8970E+00,0.6279E+01,
   68,1994,   7,0.0000E+00,0.0000E+00,0.0000E+00,0.0000E+00,0.0000E+00,0.0000E+00,0.0000E+00,0.0000E+00,0.0000E+00,0.0000E+00,0.0000E+00,
   54,1994,   7,0.1256E+00,0.7593E+02,0.0000E+00,0.1454E+03,0.1811E+02,0.2061E+02,0.0000E+00,0.2799E+02,0.1841E+03,0.2799E+02,0.1193E+03,
   33,1994,   7,0.0000E+00,0.0000E+00,0.0000E+00,0.0000E+00,0.0000E+00,0.0000E+00,0.0000E+00,0.0000E+00,0.0000E+00,0.0000E+00,0.0000E+00,
   80,1994,   7,0.0000E+00,0.0000E+00,0.0000E+00,0.0000E+00,0.0000E+00,0.0000E+00,0.0000E+00,0.0000E+00,0.0000E+00,0.0000E+00,0.0000E+00,
   50,1994,   7,0.0000E+00,0.0000E+00,0.0000E+00,0.0000E+00,0.0000E+00,0.0000E+00,0.0000E+00,0.0000E+00,0.0000E+00,0.0000E+00,0.0000E+00,
   58,1994,   7,0.4906E-01,0.2869E+02,0.2264E+02,0.3427E+01,0.3760E+02,0.2765E+01,0.4378E+00,0.8082E+00,0.4379E+02,0.1246E+01,0.1733E+02,
   17,1994,   7,0.1597E+00,0.7037E+02,0.3331E+03,0.5153E+02,0.4364E+02,0.5391E+02,0.6868E+01,0.2096E+02,0.1491E+03,0.2783E+02,0.1069E+04,
   95,1994,   7,0.7553E-02,0.3262E+01,0.7744E+01,0.8795E+01,0.1003E+01,0.1927E+01,0.2343E+00,0.1235E+01,0.1173E+02,0.1469E+01,0.1205E+02,
   90,1994,   7,0.0000E+00,0.0000E+00,0.0000E+00,0.0000E+00,0.0000E+00,0.0000E+00,0.0000E+00,0.0000E+00,0.0000E+00,0.0000E+00,0.0000E+00,
   15,1994,   7,0.0000E+00,0.0000E+00,0.0000E+00,0.0000E+00,0.0000E+00,0.0000E+00,0.0000E+00,0.0000E+00,0.0000E+00,0.0000E+00,0.0000E+00,
   14,1994,   7,0.4299E-01,0.1846E+02,0.2869E+02,0.3784E+02,0.3902E+03,0.3792E+02,0.2146E+02,0.5249E+02,0.4659E+03,0.7395E+02,0.4901E+02,
   31,1994,   7,0.5372E+00,0.2298E+03,0.8210E+03,0.3579E+03,0.2744E+02,0.7716E+02,0.2135E+02,0.4825E+02,0.4625E+03,0.6959E+02,0.1120E+04,
   12,1994,   7,0.1685E-01,0.7433E+01,0.2638E+02,0.1455E+02,0.1300E+02,0.4239E+01,0.1371E+01,0.3358E+01,0.3179E+02,0.4730E+01,0.5663E+02,
   23,1994,   7,0.1408E-01,0.5501E+01,0.5148E+01,0.1000E+01,0.1646E+01,0.3380E+00,0.1118E+00,0.2669E+00,0.2984E+01,0.3788E+00,0.6522E+02,
   25,1994,   7,0.9663E+01,0.6964E+04,0.1642E+05,0.1374E+05,0.2298E+04,0.3114E+04,0.3282E+03,0.7131E+03,0.1915E+05,0.1041E+04,0.2432E+05,
   18,1994,   7,0.2154E-01,0.7790E+02,0.3446E+03,0.1107E+03,0.6361E+02,0.3662E+02,0.3098E+01,0.8609E+01,0.2109E+03,0.1171E+02,0.2734E+03,
    4,1994,   7,0.4394E-01,0.1717E+02,0.6114E+01,0.2989E+01,0.4110E+01,0.9423E+00,0.3407E+00,0.9045E+00,0.8041E+01,0.1245E+01,0.1329E+03,
   74,1994,   7,0.8505E+00,0.3680E+03,0.1578E+04,0.3829E+02,0.6889E+01,0.6719E+03,0.3561E+02,0.7301E+02,0.7171E+03,0.1086E+03,0.2168E+04,
   73,1994,   7,0.1227E-03,0.4769E-01,0.3179E+00,0.4993E+00,0.6062E+01,0.5706E+00,0.2257E+00,0.5267E+00,0.7132E+01,0.7524E+00,0.9481E+00,
   69,1994,   7,0.1812E-01,0.7040E+01,0.7445E+01,0.1999E+01,0.2408E+02,0.2270E+01,0.9261E+00,0.2161E+01,0.2835E+02,0.3087E+01,0.7344E+01,
   20,1994,   7,0.8817E+00,0.4441E+03,0.1414E+04,0.1169E+04,0.9429E+03,0.3172E+03,0.1165E+03,0.2723E+03,0.2429E+04,0.3888E+03,0.1830E+04,
   36,1994,   7,0.0000E+00,0.0000E+00,0.0000E+00,0.0000E+00,0.0000E+00,0.0000E+00,0.0000E+00,0.0000E+00,0.0000E+00,0.0000E+00,0.0000E+00,
   16,1994,   7,0.3897E-03,0.1552E+00,0.1009E+01,0.1600E+01,0.1806E+02,0.1724E+01,0.6772E+00,0.1581E+01,0.2139E+02,0.2258E+01,0.2562E+01,
   26,1994,   7,0.3283E-01,0.1626E+02,0.2068E+02,0.1193E+02,0.3973E+02,0.5649E+01,0.8206E+00,0.1991E+01,0.5731E+02,0.2812E+01,0.5013E+02,
   30,1994,   7,0.4152E-02,0.1959E+01,0.9242E+01,0.4946E+01,0.4033E+01,0.1404E+01,0.3738E+00,0.9151E+00,0.1038E+02,0.1289E+01,0.9324E+01,
   66,1994,   7,0.0000E+00,0.0000E+00,0.0000E+00,0.0000E+00,0.0000E+00,0.0000E+00,0.0000E+00,0.0000E+00,0.0000E+00,0.0000E+00,0.0000E+00,
   24,1994,   7,0.1796E-02,0.7756E+00,0.4653E+01,0.2320E+01,0.8702E-01,0.4930E+00,0.1125E+00,0.2753E+00,0.2901E+01,0.3878E+00,0.3878E+01,
   10,1994,   7,0.3681E+01,0.1576E+04,0.9894E+03,0.3816E+03,0.1209E+03,0.8928E+02,0.2874E+02,0.5859E+02,0.5918E+03,0.8733E+02,0.9494E+04,
   19,1994,   7,0.3289E+01,0.1293E+04,0.4832E+04,0.2989E+04,0.4160E+03,0.6629E+03,0.1201E+03,0.2526E+03,0.4068E+04,0.3727E+03,0.6338E+04,
   11,1994,   7,0.8566E+00,0.3401E+03,0.1448E+04,0.1336E+04,0.5352E+02,0.2841E+03,0.4373E+02,0.8885E+02,0.1674E+04,0.1326E+03,0.1821E+04,
    0,1994,   7,0.5957E-02,0.2315E+01,0.6498E+01,0.2479E+00,0.3010E+01,0.2832E+00,0.1417E+00,0.3305E+00,0.3541E+01,0.4722E+00,0.1301E-02,
   62,1994,   7,0.0000E+00,0.0000E+00,0.0000E+00,0.0000E+00,0.0000E+00,0.0000E+00,0.0000E+00,0.0000E+00,0.0000E+00,0.0000E+00,0.0000E+00,
   92,1994,   8,0.2086E-01,0.9390E+01,0.4777E+02,0.2000E+02,0.5547E+01,0.5633E+01,0.1378E+01,0.5388E+01,0.3118E+02,0.6766E+01,0.5224E+02,
   61,1994,   8,0.7719E+00,0.4924E+03,0.6860E+03,0.5732E+03,0.5716E+03,0.1179E+03,0.1360E+02,0.5421E+02,0.1263E+04,0.6780E+02,0.5961E+03,
   86,1994,   8,0.1959E+00,0.1905E+04,0.5406E+03,0.1139E+03,0.4228E+03,0.9709E+02,0.7176E+01,0.5564E+02,0.6338E+03,0.6282E+02,0.3145E+04,
   34,1994,   8,0.2170E+02,0.1444E+05,0.3935E+04,0.6454E+04,0.1703E+05,0.2147E+04,0.6034E+02,0.2663E+03,0.2563E+05,0.3267E+03,0.1439E+05,
   64,1994,   8,0.1308E+02,0.7688E+04,0.8518E+04,0.3985E+04,0.6800E+04,0.1224E+04,0.2803E+03,0.2787E+03,0.1201E+05,0.5590E+03,0.1570E+05,
   63,1994,   8,0.0000E+00,0.0000E+00,0.0000E+00,0.0000E+00,0.0000E+00,0.0000E+00,0.0000E+00,0.0000E+00,0.0000E+00,0.0000E+00,0.0000E+00,
   59,1994,   8,0.1591E+00,0.1072E+03,0.2610E+02,0.4122E+00,0.1236E+02,0.1649E+02,0.5496E+01,0.2198E+02,0.2926E+02,0.2748E+02,0.7007E+02,
   55,1994,   8,0.3127E-01,0.2079E+02,0.8442E+01,0.7097E+00,0.1612E+02,0.4631E+01,0.3813E+00,0.7425E+01,0.2146E+02,0.7807E+01,0.7797E+01,
   65,1994,   8,0.1056E+00,0.5750E+02,0.5929E+02,0.1872E+02,0.1303E+03,0.3406E+02,0.6548E+01,0.7577E+01,0.1830E+03,0.1413E+02,0.1369E+03,
   32,1994,   8,0.7532E+00,0.4736E+03,0.2301E+02,0.1844E+02,0.1068E+03,0.3734E+02,0.2766E+01,0.4401E+02,0.1626E+03,0.4678E+02,0.1779E+03,
   53,1994,   8,0.1655E-01,0.1020E+02,0.2100E+01,0.1811E+01,0.3393E+01,0.4007E+00,0.6304E+00,0.1853E+01,0.5605E+01,0.2483E+01,0.5473E+01,
   47,1994,   8,0.0000E+00,0.0000E+00,0.0000E+00,0.0000E+00,0.0000E+00,0.0000E+00,0.0000E+00,0.0000E+00,0.0000E+00,0.0000E+00,0.0000E+00,
   81,1994,   8,0.0000E+00,0.0000E+00,0.0000E+00,0.0000E+00,0.0000E+00,0.0000E+00,0.0000E+00,0.0000E+00,0.0000E+00,0.0000E+00,0.0000E+00,
   82,1994,   8,0.4383E-01,0.3028E+02,0.0000E+00,0.0000E+00,0.0000E+00,0.1892E+01,0.0000E+00,0.1892E+02,0.1892E+01,0.1892E+02,0.3028E+02,
   79,1994,   8,0.3454E-02,0.1789E+01,0.8947E+01,0.2672E+01,0.1002E+00,0.5677E+00,0.5190E+00,0.1270E+01,0.3340E+01,0.1789E+01,0.4474E+01,
   77,1994,   8,0.3188E+00,0.1512E+03,0.5174E+03,0.5199E+02,0.7483E+02,0.8694E+02,0.2529E+02,0.6139E+02,0.2138E+03,0.8668E+02,0.1295E+04,
   85,1994,   8,0.2848E+00,0.1817E+03,0.5941E+03,0.2827E+03,0.5201E+02,0.7997E+02,0.1145E+02,0.2761E+02,0.4147E+03,0.3906E+02,0.8665E+03,
   52,1994,   8,0.0000E+00,0.0000E+00,0.0000E+00,0.0000E+00,0.0000E+00,0.0000E+00,0.0000E+00,0.0000E+00,0.0000E+00,0.0000E+00,0.0000E+00,
   56,1994,   8,0.4819E-02,0.1873E+01,0.1789E+02,0.5826E+00,0.4578E+00,0.2289E+01,0.3329E+00,0.8323E-01,0.3329E+01,0.4162E+00,0.5410E+02,
   87,1994,   8,0.0000E+00,0.0000E+00,0.0000E+00,0.0000E+00,0.0000E+00,0.0000E+00,0.0000E+00,0.0000E+00,0.0000E+00,0.0000E+00,0.0000E+00,
   44,1994,   8,0.0000E+00,0.0000E+00,0.0000E+00,0.0000E+00,0.0000E+00,0.0000E+00,0.0000E+00,0.0000E+00,0.0000E+00,0.0000E+00,0.0000E+00,
   41,1994,   8,0.0000E+00,0.0000E+00,0.0000E+00,0.0000E+00,0.0000E+00,0.0000E+00,0.0000E+00,0.0000E+00,0.0000E+00,0.0000E+00,0.0000E+00,
   49,1994,   8,0.9643E-03,0.4163E+00,0.1048E+01,0.1125E+01,0.1274E+00,0.2464E+00,0.3997E-01,0.2098E+00,0.1499E+01,0.2498E+00,0.9046E+00,
   91,1994,   8,0.4109E-01,0.2016E+02,0.1366E+02,0.1776E+02,0.3178E+02,0.6177E+01,0.9459E+00,0.3838E+01,0.5572E+02,0.4784E+01,0.4646E+02,
   51,1994,   8,0.3550E-02,0.1533E+01,0.5518E+01,0.4142E+01,0.4690E+00,0.9074E+00,0.1472E+00,0.7725E+00,0.5518E+01,0.9197E+00,0.7971E+01,
   68,1994,   8,0.0000E+00,0.0000E+00,0.0000E+00,0.0000E+00,0.0000E+00,0.0000E+00,0.0000E+00,0.0000E+00,0.0000E+00,0.0000E+00,0.0000E+00,
   54,1994,   8,0.1217E+00,0.7670E+02,0.1996E+03,0.1723E+03,0.1818E+02,0.1891E+02,0.1975E+02,0.2648E+02,0.2094E+03,0.4623E+02,0.1366E+03,
   33,1994,   8,0.0000E+00,0.0000E+00,0.0000E+00,0.0000E+00,0.0000E+00,0.0000E+00,0.0000E+00,0.0000E+00,0.0000E+00,0.0000E+00,0.0000E+00,
   80,1994,   8,0.0000E+00,0.0000E+00,0.0000E+00,0.0000E+00,0.0000E+00,0.0000E+00,0.0000E+00,0.0000E+00,0.0000E+00,0.0000E+00,0.0000E+00,
   50,1994,   8,0.0000E+00,0.0000E+00,0.0000E+00,0.0000E+00,0.0000E+00,0.0000E+00,0.0000E+00,0.0000E+00,0.0000E+00,0.0000E+00,0.0000E+00,
   58,1994,   8,0.4503E-01,0.2597E+02,0.2202E+02,0.4004E+01,0.5869E+02,0.2151E+01,0.2553E+00,0.8528E+00,0.6484E+02,0.1108E+01,0.1555E+02,
   17,1994,   8,0.1574E+00,0.6942E+02,0.3029E+03,0.5118E+02,0.4374E+02,0.7756E+02,0.8639E+01,0.2141E+02,0.1725E+03,0.3005E+02,0.9585E+03,
   95,1994,   8,0.8956E-02,0.3868E+01,0.6299E+01,0.1043E+02,0.1189E+01,0.2286E+01,0.2199E+00,0.1162E+01,0.1391E+02,0.1382E+01,0.2103E+02,
   90,1994,   8,0.0000E+00,0.0000E+00,0.0000E+00,0.0000E+00,0.0000E+00,0.0000E+00,0.0000E+00,0.0000E+00,0.0000E+00,0.0000E+00,0.0000E+00,
   15,1994,   8,0.0000E+00,0.0000E+00,0.0000E+00,0.0000E+00,0.0000E+00,0.0000E+00,0.0000E+00,0.0000E+00,0.0000E+00,0.0000E+00,0.0000E+00,
   14,1994,   8,0.4299E-01,0.1846E+02,0.3445E+02,0.3784E+02,0.3902E+03,0.3792E+02,0.2146E+02,0.5249E+02,0.4659E+03,0.7395E+02,0.6511E+02,
   31,1994,   8,0.5372E+00,0.2298E+03,0.8210E+03,0.3579E+03,0.2744E+02,0.7716E+02,0.2135E+02,0.4825E+02,0.4625E+03,0.6959E+02,0.1120E+04,
   12,1994,   8,0.1747E-01,0.7698E+01,0.2771E+02,0.1548E+02,0.1303E+02,0.4437E+01,0.1471E+01,0.3603E+01,0.3295E+02,0.5074E+01,0.5822E+02,
   23,1994,   8,0.1408E-01,0.5501E+01,0.5148E+01,0.1000E+01,0.1646E+01,0.3380E+00,0.1118E+00,0.2669E+00,0.2984E+01,0.3788E+00,0.6522E+02,
   25,1994,   8,0.9663E+01,0.6964E+04,0.1642E+05,0.1374E+05,0.2298E+04,0.3114E+04,0.3282E+03,0.7131E+03,0.1915E+05,0.1041E+04,0.2432E+05,
   18,1994,   8,0.2154E-01,0.7790E+02,0.3446E+03,0.1107E+03,0.6361E+02,0.3662E+02,0.3098E+01,0.8609E+01,0.2109E+03,0.1171E+02,0.2734E+03,
    4,1994,   8,0.4394E-01,0.1717E+02,0.6114E+01,0.2989E+01,0.4110E+01,0.9423E+00,0.3407E+00,0.9045E+00,0.8041E+01,0.1245E+01,0.1329E+03,
   74,1994,   8,0.8505E+00,0.3680E+03,0.1578E+04,0.3829E+02,0.6889E+01,0.6719E+03,0.3561E+02,0.7301E+02,0.7171E+03,0.1086E+03,0.2168E+04,
   73,1994,   8,0.1227E-03,0.4769E-01,0.3179E+00,0.4993E+00,0.6062E+01,0.5706E+00,0.2257E+00,0.5267E+00,0.7132E+01,0.7524E+00,0.9481E+00,
   69,1994,   8,0.1812E-01,0.7040E+01,0.7445E+01,0.1999E+01,0.2408E+02,0.2270E+01,0.9261E+00,0.2161E+01,0.2835E+02,0.3087E+01,0.7344E+01,
   20,1994,   8,0.8817E+00,0.4441E+03,0.1383E+04,0.1169E+04,0.9429E+03,0.3172E+03,0.1165E+03,0.2723E+03,0.2429E+04,0.3888E+03,0.2004E+04,
   36,1994,   8,0.0000E+00,0.0000E+00,0.0000E+00,0.0000E+00,0.0000E+00,0.0000E+00,0.0000E+00,0.0000E+00,0.0000E+00,0.0000E+00,0.0000E+00,
   16,1994,   8,0.3897E-03,0.1552E+00,0.1009E+01,0.1600E+01,0.1806E+02,0.1724E+01,0.6772E+00,0.1581E+01,0.2139E+02,0.2258E+01,0.2562E+01,
   26,1994,   8,0.3283E-01,0.1626E+02,0.2068E+02,0.1193E+02,0.3973E+02,0.5649E+01,0.8206E+00,0.1991E+01,0.5731E+02,0.2812E+01,0.5013E+02,
   30,1994,   8,0.4152E-02,0.1959E+01,0.9242E+01,0.4946E+01,0.4033E+01,0.1404E+01,0.3738E+00,0.9151E+00,0.1038E+02,0.1289E+01,0.9324E+01,
   66,1994,   8,0.0000E+00,0.0000E+00,0.0000E+00,0.0000E+00,0.0000E+00,0.0000E+00,0.0000E+00,0.0000E+00,0.0000E+00,0.0000E+00,0.0000E+00,
   24,1994,   8,0.1796E-02,0.7756E+00,0.4653E+01,0.2320E+01,0.8702E-01,0.4930E+00,0.1125E+00,0.2753E+00,0.2901E+01,0.3878E+00,0.3878E+01,
   10,1994,   8,0.3681E+01,0.1576E+04,0.9894E+03,0.3816E+03,0.1209E+03,0.8928E+02,0.2874E+02,0.5859E+02,0.5918E+03,0.8733E+02,0.9494E+04,
   19,1994,   8,0.3288E+01,0.1293E+04,0.4822E+04,0.2980E+04,0.4095E+03,0.6611E+03,0.1196E+03,0.2514E+03,0.4050E+04,0.3710E+03,0.6326E+04,
   11,1994,   8,0.8566E+00,0.3401E+03,0.1448E+04,0.1336E+04,0.5352E+02,0.2841E+03,0.4373E+02,0.8885E+02,0.1674E+04,0.1326E+03,0.1821E+04,
    0,1994,   8,0.5957E-02,0.2315E+01,0.6498E+01,0.2479E+00,0.3010E+01,0.2832E+00,0.1417E+00,0.3305E+00,0.3541E+01,0.4722E+00,0.1301E-02,
   62,1994,   8,0.0000E+00,0.0000E+00,0.0000E+00,0.0000E+00,0.0000E+00,0.0000E+00,0.0000E+00,0.0000E+00,0.0000E+00,0.0000E+00,0.0000E+00,
   92,1994,   9,0.2301E-01,0.1032E+02,0.4985E+02,0.2252E+02,0.5824E+01,0.6209E+01,0.1468E+01,0.5860E+01,0.3455E+02,0.7328E+01,0.8701E+02,
   61,1994,   9,0.7038E+00,0.4460E+03,0.3868E+03,0.7061E+03,0.3385E+03,0.1226E+03,0.1848E+02,0.4924E+02,0.1167E+04,0.6772E+02,0.4670E+03,
   86,1994,   9,0.1432E+00,0.1729E+04,0.4139E+03,0.1499E+03,0.3503E+03,0.6691E+02,0.1852E+02,0.4712E+02,0.5671E+03,0.6564E+02,0.2434E+04,
   34,1994,   9,0.2059E+02,0.1376E+05,0.4128E+04,0.6485E+04,0.1780E+05,0.2006E+04,0.1042E+03,0.1428E+03,0.2629E+05,0.2469E+03,0.1591E+05,
   64,1994,   9,0.1187E+02,0.7089E+04,0.6268E+04,0.4232E+04,0.6284E+04,0.1694E+04,0.2579E+03,0.2275E+03,0.1221E+05,0.4854E+03,0.1148E+05,
   63,1994,   9,0.0000E+00,0.0000E+00,0.0000E+00,0.0000E+00,0.0000E+00,0.0000E+00,0.0000E+00,0.0000E+00,0.0000E+00,0.0000E+00,0.0000E+00,
   59,1994,   9,0.1517E+00,0.1021E+03,0.2488E+02,0.6548E+00,0.1440E+02,0.1179E+02,0.6286E+01,0.1571E+02,0.2684E+02,0.2200E+02,0.5631E+02,
   55,1994,   9,0.2844E-01,0.1896E+02,0.5264E+00,0.7055E+00,0.1559E+02,0.2119E+01,0.2472E+00,0.7042E+01,0.1842E+02,0.7290E+01,0.1514E+02,
   65,1994,   9,0.1091E+00,0.6162E+02,0.7643E+02,0.3953E+02,0.1514E+03,0.2257E+02,0.2082E+01,0.1331E+02,0.2135E+03,0.1540E+02,0.1246E+03,
   32,1994,   9,0.6880E+00,0.4317E+03,0.2339E+02,0.1798E+02,0.1197E+03,0.4587E+02,0.2848E+01,0.5758E+02,0.1835E+03,0.6043E+02,0.1718E+03,
   53,1994,   9,0.1746E-01,0.1120E+02,0.1875E+01,0.2248E+01,0.2409E+01,0.4896E+00,0.1119E+01,0.3256E+01,0.5146E+01,0.4375E+01,0.5971E+01,
   47,1994,   9,0.0000E+00,0.0000E+00,0.0000E+00,0.0000E+00,0.0000E+00,0.0000E+00,0.0000E+00,0.0000E+00,0.0000E+00,0.0000E+00,0.0000E+00,
   81,1994,   9,0.0000E+00,0.0000E+00,0.0000E+00,0.0000E+00,0.0000E+00,0.0000E+00,0.0000E+00,0.0000E+00,0.0000E+00,0.0000E+00,0.0000E+00,
   82,1994,   9,0.4383E-01,0.3028E+02,0.0000E+00,0.0000E+00,0.0000E+00,0.1892E+01,0.0000E+00,0.1892E+02,0.1892E+01,0.1892E+02,0.3028E+02,
   79,1994,   9,0.3454E-02,0.1789E+01,0.8947E+01,0.2672E+01,0.1002E+00,0.5677E+00,0.5190E+00,0.1270E+01,0.3340E+01,0.1789E+01,0.4474E+01,
   77,1994,   9,0.2581E+00,0.1355E+03,0.5517E+02,0.4211E+02,0.1349E+03,0.4101E+02,0.2360E+01,0.6199E+02,0.2181E+03,0.6435E+02,0.2899E+03,
   85,1994,   9,0.2361E+00,0.1599E+03,0.4439E+03,0.2650E+03,0.4697E+02,0.5936E+02,0.9003E+01,0.2682E+02,0.3714E+03,0.3582E+02,0.3445E+03,
   52,1994,   9,0.0000E+00,0.0000E+00,0.0000E+00,0.0000E+00,0.0000E+00,0.0000E+00,0.0000E+00,0.0000E+00,0.0000E+00,0.0000E+00,0.0000E+00,
   56,1994,   9,0.0000E+00,0.0000E+00,0.0000E+00,0.0000E+00,0.0000E+00,0.0000E+00,0.0000E+00,0.0000E+00,0.0000E+00,0.0000E+00,0.0000E+00,
   87,1994,   9,0.0000E+00,0.0000E+00,0.0000E+00,0.0000E+00,0.0000E+00,0.0000E+00,0.0000E+00,0.0000E+00,0.0000E+00,0.0000E+00,0.0000E+00,
   44,1994,   9,0.0000E+00,0.0000E+00,0.0000E+00,0.0000E+00,0.0000E+00,0.0000E+00,0.0000E+00,0.0000E+00,0.0000E+00,0.0000E+00,0.0000E+00,
   41,1994,   9,0.0000E+00,0.0000E+00,0.0000E+00,0.0000E+00,0.0000E+00,0.0000E+00,0.0000E+00,0.0000E+00,0.0000E+00,0.0000E+00,0.0000E+00,
   49,1994,   9,0.1271E-02,0.5488E+00,0.1207E+01,0.1483E+01,0.1679E+00,0.3249E+00,0.5269E-01,0.2766E+00,0.1976E+01,0.3293E+00,0.1786E+01,
   91,1994,   9,0.4066E-01,0.1997E+02,0.1001E+02,0.1725E+02,0.3172E+02,0.6066E+01,0.9277E+00,0.3742E+01,0.5504E+02,0.4670E+01,0.4272E+02,
   51,1994,   9,0.2761E-02,0.1192E+01,0.2861E+01,0.3221E+01,0.3648E+00,0.7057E+00,0.1145E+00,0.6009E+00,0.4292E+01,0.7153E+00,0.4053E+01,
   68,1994,   9,0.0000E+00,0.0000E+00,0.0000E+00,0.0000E+00,0.0000E+00,0.0000E+00,0.0000E+00,0.0000E+00,0.0000E+00,0.0000E+00,0.0000E+00,
   54,1994,   9,0.1193E+00,0.7005E+02,0.2163E+03,0.1628E+03,0.3132E+02,0.3708E+02,0.7830E+01,0.2864E+02,0.2312E+03,0.3647E+02,0.1442E+03,
   33,1994,   9,0.0000E+00,0.0000E+00,0.0000E+00,0.0000E+00,0.0000E+00,0.0000E+00,0.0000E+00,0.0000E+00,0.0000E+00,0.0000E+00,0.0000E+00,
   80,1994,   9,0.0000E+00,0.0000E+00,0.0000E+00,0.0000E+00,0.0000E+00,0.0000E+00,0.0000E+00,0.0000E+00,0.0000E+00,0.0000E+00,0.0000E+00,
   50,1994,   9,0.0000E+00,0.0000E+00,0.0000E+00,0.0000E+00,0.0000E+00,0.0000E+00,0.0000E+00,0.0000E+00,0.0000E+00,0.0000E+00,0.0000E+00,
   58,1994,   9,0.4796E-01,0.2674E+02,0.2071E+02,0.2081E+01,0.4341E+02,0.3077E+01,0.2283E+00,0.8716E+00,0.4857E+02,0.1100E+01,0.1551E+02,
   17,1994,   9,0.8750E-01,0.4209E+02,0.7158E+02,0.3640E+02,0.3581E+02,0.4171E+02,0.5655E+01,0.2240E+02,0.1139E+03,0.2806E+02,0.1814E+03,
   95,1994,   9,0.8649E-02,0.3735E+01,0.7513E+01,0.1007E+02,0.1148E+01,0.2208E+01,0.2103E+00,0.1112E+01,0.1343E+02,0.1323E+01,0.2450E+02,
   90,1994,   9,0.0000E+00,0.0000E+00,0.0000E+00,0.0000E+00,0.0000E+00,0.0000E+00,0.0000E+00,0.0000E+00,0.0000E+00,0.0000E+00,0.0000E+00,
   15,1994,   9,0.0000E+00,0.0000E+00,0.0000E+00,0.0000E+00,0.0000E+00,0.0000E+00,0.0000E+00,0.0000E+00,0.0000E+00,0.0000E+00,0.0000E+00,
   14,1994,   9,0.4299E-01,0.1846E+02,0.2570E+02,0.3784E+02,0.3902E+03,0.3792E+02,0.2146E+02,0.5249E+02,0.4659E+03,0.7395E+02,0.3391E+02,
   31,1994,   9,0.5372E+00,0.2298E+03,0.8210E+03,0.3579E+03,0.2744E+02,0.7716E+02,0.2135E+02,0.4825E+02,0.4625E+03,0.6959E+02,0.1120E+04,
   12,1994,   9,0.1681E-01,0.7414E+01,0.2629E+02,0.1448E+02,0.1299E+02,0.4225E+01,0.1364E+01,0.3341E+01,0.3170E+02,0.4705E+01,0.5651E+02,
   23,1994,   9,0.1408E-01,0.5501E+01,0.5148E+01,0.1000E+01,0.1646E+01,0.3380E+00,0.1118E+00,0.2669E+00,0.2984E+01,0.3788E+00,0.6522E+02,
   25,1994,   9,0.9663E+01,0.6964E+04,0.1642E+05,0.1374E+05,0.2298E+04,0.3114E+04,0.3282E+03,0.7131E+03,0.1915E+05,0.1041E+04,0.2432E+05,
   18,1994,   9,0.2154E-01,0.7790E+02,0.3446E+03,0.1107E+03,0.6361E+02,0.3662E+02,0.3098E+01,0.8609E+01,0.2109E+03,0.1171E+02,0.2734E+03,
    4,1994,   9,0.4394E-01,0.1717E+02,0.6114E+01,0.2989E+01,0.4110E+01,0.9423E+00,0.3407E+00,0.9045E+00,0.8041E+01,0.1245E+01,0.1329E+03,
   74,1994,   9,0.8505E+00,0.3680E+03,0.1578E+04,0.3829E+02,0.6889E+01,0.6719E+03,0.3561E+02,0.7301E+02,0.7171E+03,0.1086E+03,0.2168E+04,
   73,1994,   9,0.1227E-03,0.4769E-01,0.3179E+00,0.4993E+00,0.6062E+01,0.5706E+00,0.2257E+00,0.5267E+00,0.7132E+01,0.7524E+00,0.9481E+00,
   69,1994,   9,0.1812E-01,0.7040E+01,0.7445E+01,0.1999E+01,0.2408E+02,0.2270E+01,0.9261E+00,0.2161E+01,0.2835E+02,0.3087E+01,0.7344E+01,
   20,1994,   9,0.8817E+00,0.4441E+03,0.1412E+04,0.1169E+04,0.9429E+03,0.3172E+03,0.1165E+03,0.2723E+03,0.2429E+04,0.3888E+03,0.1874E+04,
   36,1994,   9,0.0000E+00,0.0000E+00,0.0000E+00,0.0000E+00,0.0000E+00,0.0000E+00,0.0000E+00,0.0000E+00,0.0000E+00,0.0000E+00,0.0000E+00,
   16,1994,   9,0.3897E-03,0.1552E+00,0.1009E+01,0.1600E+01,0.1806E+02,0.1724E+01,0.6772E+00,0.1581E+01,0.2139E+02,0.2258E+01,0.2562E+01,
   26,1994,   9,0.3283E-01,0.1626E+02,0.2068E+02,0.1193E+02,0.3973E+02,0.5649E+01,0.8206E+00,0.1991E+01,0.5731E+02,0.2812E+01,0.5013E+02,
   30,1994,   9,0.4152E-02,0.1959E+01,0.9242E+01,0.4946E+01,0.4033E+01,0.1404E+01,0.3738E+00,0.9151E+00,0.1038E+02,0.1289E+01,0.9324E+01,
   66,1994,   9,0.0000E+00,0.0000E+00,0.0000E+00,0.0000E+00,0.0000E+00,0.0000E+00,0.0000E+00,0.0000E+00,0.0000E+00,0.0000E+00,0.0000E+00,
   24,1994,   9,0.1796E-02,0.7756E+00,0.4653E+01,0.2320E+01,0.8702E-01,0.4930E+00,0.1125E+00,0.2753E+00,0.2901E+01,0.3878E+00,0.3878E+01,
   10,1994,   9,0.3681E+01,0.1576E+04,0.9894E+03,0.3816E+03,0.1209E+03,0.8928E+02,0.2874E+02,0.5859E+02,0.5918E+03,0.8733E+02,0.9494E+04,
   19,1994,   9,0.3287E+01,0.1292E+04,0.4812E+04,0.2970E+04,0.4028E+03,0.6593E+03,0.1191E+03,0.2501E+03,0.4032E+04,0.3691E+03,0.6314E+04,
   11,1994,   9,0.8566E+00,0.3401E+03,0.1448E+04,0.1336E+04,0.5352E+02,0.2841E+03,0.4373E+02,0.8885E+02,0.1674E+04,0.1326E+03,0.1821E+04,
    0,1994,   9,0.5957E-02,0.2315E+01,0.6498E+01,0.2479E+00,0.3010E+01,0.2832E+00,0.1417E+00,0.3305E+00,0.3541E+01,0.4722E+00,0.1301E-02,
   62,1994,   9,0.0000E+00,0.0000E+00,0.0000E+00,0.0000E+00,0.0000E+00,0.0000E+00,0.0000E+00,0.0000E+00,0.0000E+00,0.0000E+00,0.0000E+00,
   92,1994,  10,0.2744E-01,0.1223E+02,0.7651E+02,0.2764E+02,0.6431E+01,0.7248E+01,0.1648E+01,0.6808E+01,0.4131E+02,0.8456E+01,0.1405E+03,
   61,1994,  10,0.6744E+00,0.4326E+03,0.4864E+03,0.8971E+03,0.2668E+03,0.1677E+03,0.9268E+01,0.4917E+02,0.1332E+04,0.5844E+02,0.3861E+03,
   86,1994,  10,0.1050E+00,0.1022E+04,0.2567E+03,0.9720E+02,0.2552E+03,0.2890E+02,0.4664E+01,0.3151E+02,0.3813E+03,0.3617E+02,0.1445E+04,
   34,1994,  10,0.1998E+02,0.1335E+05,0.3611E+04,0.7221E+04,0.1755E+05,0.1890E+04,0.5123E+02,0.1072E+03,0.2666E+05,0.1585E+03,0.1390E+05,
   64,1994,  10,0.1148E+02,0.7363E+04,0.5086E+04,0.4193E+04,0.6228E+04,0.1483E+04,0.1256E+03,0.3361E+03,0.1190E+05,0.4617E+03,0.1087E+05,
   63,1994,  10,0.0000E+00,0.0000E+00,0.0000E+00,0.0000E+00,0.0000E+00,0.0000E+00,0.0000E+00,0.0000E+00,0.0000E+00,0.0000E+00,0.0000E+00,
   59,1994,  10,0.1547E+00,0.1055E+03,0.2939E+02,0.8684E+01,0.1470E+02,0.1470E+02,0.1336E+01,0.1737E+02,0.3808E+02,0.1870E+02,0.5745E+02,
   55,1994,  10,0.3194E-01,0.2272E+02,0.7063E+01,0.8365E+00,0.3123E+02,0.2478E+01,0.2293E+00,0.8298E+01,0.3454E+02,0.8527E+01,0.1183E+02,
   65,1994,  10,0.1009E+00,0.5725E+02,0.7024E+02,0.2050E+02,0.1193E+03,0.2539E+02,0.1177E+01,0.1109E+02,0.1652E+03,0.1226E+02,0.1715E+03,
   32,1994,  10,0.6817E+00,0.4335E+03,0.2574E+02,0.1703E+02,0.1289E+03,0.4016E+02,0.2790E+01,0.5130E+02,0.1861E+03,0.5409E+02,0.1446E+03,
   53,1994,  10,0.1553E-01,0.1021E+02,0.1428E+01,0.2000E+01,0.1884E+01,0.4325E+00,0.6309E+00,0.1838E+01,0.4317E+01,0.2469E+01,0.6539E+01,
   47,1994,  10,0.0000E+00,0.0000E+00,0.0000E+00,0.0000E+00,0.0000E+00,0.0000E+00,0.0000E+00,0.0000E+00,0.0000E+00,0.0000E+00,0.0000E+00,
   81,1994,  10,0.0000E+00,0.0000E+00,0.0000E+00,0.0000E+00,0.0000E+00,0.0000E+00,0.0000E+00,0.0000E+00,0.0000E+00,0.0000E+00,0.0000E+00,
   82,1994,  10,0.4383E-01,0.3028E+02,0.0000E+00,0.0000E+00,0.0000E+00,0.1892E+01,0.0000E+00,0.1892E+02,0.1892E+01,0.1892E+02,0.3028E+02,
   79,1994,  10,0.3454E-02,0.1789E+01,0.8947E+01,0.2672E+01,0.1002E+00,0.5677E+00,0.5190E+00,0.1270E+01,0.3340E+01,0.1789E+01,0.4474E+01,
   77,1994,  10,0.2374E+00,0.1508E+03,0.1082E+03,0.2875E+02,0.1518E+03,0.2522E+02,0.5691E+01,0.5087E+02,0.2058E+03,0.5656E+02,0.2756E+03,
   85,1994,  10,0.2036E+00,0.1374E+03,0.4036E+03,0.2271E+03,0.4268E+02,0.5105E+02,0.7814E+01,0.2375E+02,0.3208E+03,0.3156E+02,0.3285E+03,
   52,1994,  10,0.0000E+00,0.0000E+00,0.0000E+00,0.0000E+00,0.0000E+00,0.0000E+00,0.0000E+00,0.0000E+00,0.0000E+00,0.0000E+00,0.0000E+00,
   56,1994,  10,0.0000E+00,0.0000E+00,0.0000E+00,0.0000E+00,0.0000E+00,0.0000E+00,0.0000E+00,0.0000E+00,0.0000E+00,0.0000E+00,0.0000E+00,
   87,1994,  10,0.0000E+00,0.0000E+00,0.0000E+00,0.0000E+00,0.0000E+00,0.0000E+00,0.0000E+00,0.0000E+00,0.0000E+00,0.0000E+00,0.0000E+00,
   44,1994,  10,0.0000E+00,0.0000E+00,0.0000E+00,0.0000E+00,0.0000E+00,0.0000E+00,0.0000E+00,0.0000E+00,0.0000E+00,0.0000E+00,0.0000E+00,
   41,1994,  10,0.0000E+00,0.0000E+00,0.0000E+00,0.0000E+00,0.0000E+00,0.0000E+00,0.0000E+00,0.0000E+00,0.0000E+00,0.0000E+00,0.0000E+00,
   49,1994,  10,0.1140E-02,0.4920E+00,0.6434E+00,0.1329E+01,0.1506E+00,0.2913E+00,0.4723E-01,0.2480E+00,0.1771E+01,0.2952E+00,0.1294E+01,
   91,1994,  10,0.3973E-01,0.1957E+02,0.1443E+02,0.1618E+02,0.3160E+02,0.5830E+01,0.8896E+00,0.3542E+01,0.5361E+02,0.4432E+01,0.4330E+02,
   51,1994,  10,0.2586E-02,0.1117E+01,0.6699E+00,0.3017E+01,0.3416E+00,0.6610E+00,0.1072E+00,0.5627E+00,0.4019E+01,0.6699E+00,0.1117E+01,
   68,1994,  10,0.0000E+00,0.0000E+00,0.0000E+00,0.0000E+00,0.0000E+00,0.0000E+00,0.0000E+00,0.0000E+00,0.0000E+00,0.0000E+00,0.0000E+00,
   54,1994,  10,0.1087E+00,0.6101E+02,0.2347E+03,0.9762E+02,0.3088E+02,0.3848E+02,0.6477E+01,0.3032E+02,0.1670E+03,0.3679E+02,0.1408E+03,
   33,1994,  10,0.0000E+00,0.0000E+00,0.0000E+00,0.0000E+00,0.0000E+00,0.0000E+00,0.0000E+00,0.0000E+00,0.0000E+00,0.0000E+00,0.0000E+00,
   80,1994,  10,0.0000E+00,0.0000E+00,0.0000E+00,0.0000E+00,0.0000E+00,0.0000E+00,0.0000E+00,0.0000E+00,0.0000E+00,0.0000E+00,0.0000E+00,
   50,1994,  10,0.0000E+00,0.0000E+00,0.0000E+00,0.0000E+00,0.0000E+00,0.0000E+00,0.0000E+00,0.0000E+00,0.0000E+00,0.0000E+00,0.0000E+00,
   58,1994,  10,0.4774E-01,0.2661E+02,0.1226E+02,0.1639E+01,0.2411E+02,0.2158E+01,0.1643E+00,0.9440E+00,0.2791E+02,0.1108E+01,0.1571E+02,
   17,1994,  10,0.8404E-01,0.3942E+02,0.7128E+02,0.2745E+02,0.3492E+02,0.4866E+02,0.5497E+01,0.2593E+02,0.1110E+03,0.3143E+02,0.1777E+03,
   95,1994,  10,0.6764E-02,0.2922E+01,0.5114E+01,0.7875E+01,0.8991E+00,0.1726E+01,0.1863E+00,0.9826E+00,0.1050E+02,0.1169E+01,0.2229E+02,
   90,1994,  10,0.0000E+00,0.0000E+00,0.0000E+00,0.0000E+00,0.0000E+00,0.0000E+00,0.0000E+00,0.0000E+00,0.0000E+00,0.0000E+00,0.0000E+00,
   15,1994,  10,0.0000E+00,0.0000E+00,0.0000E+00,0.0000E+00,0.0000E+00,0.0000E+00,0.0000E+00,0.0000E+00,0.0000E+00,0.0000E+00,0.0000E+00,
   14,1994,  10,0.4299E-01,0.1846E+02,0.2734E+02,0.3784E+02,0.3902E+03,0.3792E+02,0.2146E+02,0.5249E+02,0.4659E+03,0.7395E+02,0.3522E+02,
   31,1994,  10,0.5372E+00,0.2298E+03,0.8210E+03,0.3579E+03,0.2744E+02,0.7716E+02,0.2135E+02,0.4825E+02,0.4625E+03,0.6959E+02,0.1120E+04,
   12,1994,  10,0.1642E-01,0.7244E+01,0.2544E+02,0.1389E+02,0.1297E+02,0.4098E+01,0.1300E+01,0.3184E+01,0.3095E+02,0.4484E+01,0.5549E+02,
   23,1994,  10,0.1408E-01,0.5501E+01,0.5148E+01,0.1000E+01,0.1646E+01,0.3380E+00,0.1118E+00,0.2669E+00,0.2984E+01,0.3788E+00,0.6522E+02,
   25,1994,  10,0.9663E+01,0.6964E+04,0.1642E+05,0.1374E+05,0.2298E+04,0.3114E+04,0.3282E+03,0.7131E+03,0.1915E+05,0.1041E+04,0.2432E+05,
   18,1994,  10,0.2154E-01,0.1055E+02,0.2092E+02,0.1606E+02,0.1266E+02,0.4339E+01,0.1146E+01,0.2753E+01,0.3306E+02,0.3899E+01,0.3986E+02,
    4,1994,  10,0.4394E-01,0.1717E+02,0.6114E+01,0.2989E+01,0.4110E+01,0.9423E+00,0.3407E+00,0.9045E+00,0.8041E+01,0.1245E+01,0.1329E+03,
   74,1994,  10,0.8505E+00,0.3680E+03,0.1578E+04,0.3829E+02,0.6889E+01,0.6719E+03,0.3561E+02,0.7301E+02,0.7171E+03,0.1086E+03,0.2168E+04,
   73,1994,  10,0.1227E-03,0.4769E-01,0.3179E+00,0.4993E+00,0.6062E+01,0.5706E+00,0.2257E+00,0.5267E+00,0.7132E+01,0.7524E+00,0.9481E+00,
   69,1994,  10,0.1812E-01,0.7040E+01,0.7445E+01,0.1999E+01,0.2408E+02,0.2270E+01,0.9261E+00,0.2161E+01,0.2835E+02,0.3087E+01,0.7344E+01,
   20,1994,  10,0.8817E+00,0.4441E+03,0.1521E+04,0.1169E+04,0.9429E+03,0.3172E+03,0.1165E+03,0.2723E+03,0.2429E+04,0.3888E+03,0.1923E+04,
   36,1994,  10,0.0000E+00,0.0000E+00,0.0000E+00,0.0000E+00,0.0000E+00,0.0000E+00,0.0000E+00,0.0000E+00,0.0000E+00,0.0000E+00,0.0000E+00,
   16,1994,  10,0.3897E-03,0.1552E+00,0.1009E+01,0.1600E+01,0.1806E+02,0.1724E+01,0.6772E+00,0.1581E+01,0.2139E+02,0.2258E+01,0.2562E+01,
   26,1994,  10,0.3283E-01,0.1626E+02,0.2068E+02,0.1193E+02,0.3973E+02,0.5649E+01,0.8206E+00,0.1991E+01,0.5731E+02,0.2812E+01,0.5013E+02,
   30,1994,  10,0.4152E-02,0.1959E+01,0.9242E+01,0.4946E+01,0.4033E+01,0.1404E+01,0.3738E+00,0.9151E+00,0.1038E+02,0.1289E+01,0.9324E+01,
   66,1994,  10,0.0000E+00,0.0000E+00,0.0000E+00,0.0000E+00,0.0000E+00,0.0000E+00,0.0000E+00,0.0000E+00,0.0000E+00,0.0000E+00,0.0000E+00,
   24,1994,  10,0.1796E-02,0.7756E+00,0.4653E+01,0.2320E+01,0.8702E-01,0.4930E+00,0.1125E+00,0.2753E+00,0.2901E+01,0.3878E+00,0.3878E+01,
   10,1994,  10,0.3681E+01,0.1576E+04,0.9894E+03,0.3816E+03,0.1209E+03,0.8928E+02,0.2874E+02,0.5859E+02,0.5918E+03,0.8733E+02,0.9494E+04,
   19,1994,  10,0.3289E+01,0.1293E+04,0.4830E+04,0.2987E+04,0.4150E+03,0.6626E+03,0.1200E+03,0.2524E+03,0.4065E+04,0.3725E+03,0.6336E+04,
   11,1994,  10,0.8566E+00,0.3401E+03,0.1448E+04,0.1336E+04,0.5352E+02,0.2841E+03,0.4373E+02,0.8885E+02,0.1674E+04,0.1326E+03,0.1821E+04,
    0,1994,  10,0.5957E-02,0.2315E+01,0.6498E+01,0.2479E+00,0.3010E+01,0.2832E+00,0.1417E+00,0.3305E+00,0.3541E+01,0.4722E+00,0.1301E-02,
   62,1994,  10,0.0000E+00,0.0000E+00,0.0000E+00,0.0000E+00,0.0000E+00,0.0000E+00,0.0000E+00,0.0000E+00,0.0000E+00,0.0000E+00,0.0000E+00,
   92,1994,  11,0.2384E-01,0.1068E+02,0.5741E+02,0.2346E+02,0.5950E+01,0.6357E+01,0.1500E+01,0.6030E+01,0.3576E+02,0.7531E+01,0.7784E+02,
   61,1994,  11,0.6888E+00,0.4645E+03,0.5401E+03,0.8764E+03,0.3954E+03,0.1292E+03,0.1131E+02,0.5401E+02,0.1401E+04,0.6532E+02,0.6724E+03,
   86,1994,  11,0.1739E+00,0.1138E+04,0.4141E+03,0.1002E+03,0.2917E+03,0.6190E+02,0.7211E+01,0.3963E+02,0.4538E+03,0.4684E+02,0.2118E+04,
   34,1994,  11,0.1959E+02,0.1407E+05,0.3694E+04,0.6586E+04,0.1810E+05,0.1940E+04,0.5489E+02,0.9452E+02,0.2662E+05,0.1494E+03,0.1509E+05,
   64,1994,  11,0.1161E+02,0.7880E+04,0.8721E+04,0.5176E+04,0.6151E+04,0.1799E+04,0.2501E+03,0.2689E+03,0.1313E+05,0.5189E+03,0.1440E+05,
   63,1994,  11,0.0000E+00,0.0000E+00,0.0000E+00,0.0000E+00,0.0000E+00,0.0000E+00,0.0000E+00,0.0000E+00,0.0000E+00,0.0000E+00,0.0000E+00,
   59,1994,  11,0.1600E+00,0.1119E+03,0.7183E+02,0.1598E+03,0.2625E+01,0.4075E+02,0.1478E+02,0.1381E+02,0.2032E+03,0.2860E+02,0.6355E+02,
   55,1994,  11,0.3565E-01,0.2600E+02,0.6569E+01,0.8400E+00,0.2102E+02,0.3090E+01,0.6982E+00,0.7996E+01,0.2495E+02,0.8694E+01,0.6202E+01,
   65,1994,  11,0.9775E-01,0.5472E+02,0.1418E+03,0.3283E+02,0.1100E+03,0.3517E+02,0.3779E+01,0.1280E+02,0.1780E+03,0.1657E+02,0.1654E+03,
   32,1994,  11,0.6775E+00,0.4530E+03,0.2718E+02,0.1718E+02,0.9121E+03,0.5079E+02,0.2786E+01,0.5646E+02,0.9801E+03,0.5925E+02,0.1828E+03,
   53,1994,  11,0.1488E-01,0.9967E+01,0.2018E+01,0.2371E+01,0.1686E+01,0.5201E+00,0.5681E+00,0.1700E+01,0.4577E+01,0.2269E+01,0.7113E+01,
   47,1994,  11,0.0000E+00,0.0000E+00,0.0000E+00,0.0000E+00,0.0000E+00,0.0000E+00,0.0000E+00,0.0000E+00,0.0000E+00,0.0000E+00,0.0000E+00,
   81,1994,  11,0.0000E+00,0.0000E+00,0.0000E+00,0.0000E+00,0.0000E+00,0.0000E+00,0.0000E+00,0.0000E+00,0.0000E+00,0.0000E+00,0.0000E+00,
   82,1994,  11,0.4383E-01,0.3028E+02,0.0000E+00,0.0000E+00,0.0000E+00,0.1892E+01,0.0000E+00,0.1892E+02,0.1892E+01,0.1892E+02,0.3028E+02,
   79,1994,  11,0.3454E-02,0.1789E+01,0.8947E+01,0.2672E+01,0.1002E+00,0.5677E+00,0.5190E+00,0.1270E+01,0.3340E+01,0.1789E+01,0.4474E+01,
   77,1994,  11,0.3749E+00,0.2156E+03,0.5351E+03,0.5289E+02,0.7381E+02,0.1081E+03,0.2813E+02,0.3835E+02,0.2348E+03,0.6649E+02,0.1374E+04,
   85,1994,  11,0.2408E+00,0.1518E+03,0.4824E+03,0.2304E+03,0.4617E+02,0.6893E+02,0.1117E+02,0.2599E+02,0.3455E+03,0.3715E+02,0.7410E+03,
   52,1994,  11,0.0000E+00,0.0000E+00,0.0000E+00,0.0000E+00,0.0000E+00,0.0000E+00,0.0000E+00,0.0000E+00,0.0000E+00,0.0000E+00,0.0000E+00,
   56,1994,  11,0.4941E-02,0.1920E+01,0.1834E+02,0.5972E+00,0.4693E+00,0.2346E+01,0.3413E+00,0.8532E-01,0.3413E+01,0.4266E+00,0.5546E+02,
   87,1994,  11,0.0000E+00,0.0000E+00,0.0000E+00,0.0000E+00,0.0000E+00,0.0000E+00,0.0000E+00,0.0000E+00,0.0000E+00,0.0000E+00,0.0000E+00,
   44,1994,  11,0.0000E+00,0.0000E+00,0.0000E+00,0.0000E+00,0.0000E+00,0.0000E+00,0.0000E+00,0.0000E+00,0.0000E+00,0.0000E+00,0.0000E+00,
   41,1994,  11,0.0000E+00,0.0000E+00,0.0000E+00,0.0000E+00,0.0000E+00,0.0000E+00,0.0000E+00,0.0000E+00,0.0000E+00,0.0000E+00,0.0000E+00,
   49,1994,  11,0.1403E-02,0.6056E+00,0.7040E+00,0.1636E+01,0.1853E+00,0.3585E+00,0.5814E-01,0.3052E+00,0.2180E+01,0.3633E+00,0.1635E+01,
   91,1994,  11,0.3925E-01,0.1936E+02,0.1206E+02,0.1562E+02,0.3154E+02,0.5707E+01,0.8696E+00,0.3437E+01,0.5286E+02,0.4307E+01,0.4303E+02,
   51,1994,  11,0.2411E-02,0.1041E+01,0.8326E+00,0.2812E+01,0.3185E+00,0.6161E+00,0.9992E-01,0.5246E+00,0.3747E+01,0.6245E+00,0.1041E+01,
   68,1994,  11,0.0000E+00,0.0000E+00,0.0000E+00,0.0000E+00,0.0000E+00,0.0000E+00,0.0000E+00,0.0000E+00,0.0000E+00,0.0000E+00,0.0000E+00,
   54,1994,  11,0.1086E+00,0.5812E+02,0.2062E+03,0.1247E+03,0.3150E+02,0.3937E+02,0.1444E+02,0.2728E+02,0.1956E+03,0.4172E+02,0.1500E+03,
   33,1994,  11,0.0000E+00,0.0000E+00,0.0000E+00,0.0000E+00,0.0000E+00,0.0000E+00,0.0000E+00,0.0000E+00,0.0000E+00,0.0000E+00,0.0000E+00,
   80,1994,  11,0.0000E+00,0.0000E+00,0.0000E+00,0.0000E+00,0.0000E+00,0.0000E+00,0.0000E+00,0.0000E+00,0.0000E+00,0.0000E+00,0.0000E+00,
   50,1994,  11,0.0000E+00,0.0000E+00,0.0000E+00,0.0000E+00,0.0000E+00,0.0000E+00,0.0000E+00,0.0000E+00,0.0000E+00,0.0000E+00,0.0000E+00,
   58,1994,  11,0.6269E-01,0.3817E+02,0.1422E+02,0.3705E+01,0.3462E+02,0.9898E+01,0.1790E+00,0.1509E+01,0.4822E+02,0.1688E+01,0.2150E+02,
   17,1994,  11,0.1431E+00,0.6181E+02,0.3243E+03,0.3433E+02,0.4506E+02,0.7045E+02,0.7980E+01,0.2555E+02,0.1498E+03,0.3353E+02,0.9339E+03,
   95,1994,  11,0.4704E-02,0.2032E+01,0.4514E+01,0.5472E+01,0.6269E+00,0.1199E+01,0.1755E+00,0.9196E+00,0.7298E+01,0.1095E+01,0.1040E+02,
   90,1994,  11,0.0000E+00,0.0000E+00,0.0000E+00,0.0000E+00,0.0000E+00,0.0000E+00,0.0000E+00,0.0000E+00,0.0000E+00,0.0000E+00,0.0000E+00,
   15,1994,  11,0.0000E+00,0.0000E+00,0.0000E+00,0.0000E+00,0.0000E+00,0.0000E+00,0.0000E+00,0.0000E+00,0.0000E+00,0.0000E+00,0.0000E+00,
   14,1994,  11,0.4299E-01,0.1846E+02,0.2498E+02,0.3784E+02,0.3902E+03,0.3792E+02,0.2146E+02,0.5249E+02,0.4659E+03,0.7395E+02,0.1860E+02,
   31,1994,  11,0.5372E+00,0.2298E+03,0.8210E+03,0.3579E+03,0.2744E+02,0.7716E+02,0.2135E+02,0.4825E+02,0.4625E+03,0.6959E+02,0.1120E+04,
   12,1994,  11,0.1633E-01,0.7206E+01,0.2525E+02,0.1375E+02,0.1297E+02,0.4069E+01,0.1286E+01,0.3149E+01,0.3079E+02,0.4434E+01,0.5527E+02,
   23,1994,  11,0.1408E-01,0.5501E+01,0.5148E+01,0.1000E+01,0.1646E+01,0.3380E+00,0.1118E+00,0.2669E+00,0.2984E+01,0.3788E+00,0.6522E+02,
   25,1994,  11,0.1006E+02,0.7155E+04,0.1812E+05,0.1379E+05,0.2335E+04,0.3302E+04,0.3554E+03,0.7199E+03,0.1942E+05,0.1075E+04,0.2874E+05,
   18,1994,  11,0.2154E-01,0.1055E+02,0.2092E+02,0.1606E+02,0.1266E+02,0.4339E+01,0.1146E+01,0.2753E+01,0.3306E+02,0.3899E+01,0.3986E+02,
    4,1994,  11,0.4394E-01,0.1717E+02,0.6114E+01,0.2989E+01,0.4110E+01,0.9423E+00,0.3407E+00,0.9045E+00,0.8041E+01,0.1245E+01,0.1329E+03,
   74,1994,  11,0.8560E+00,0.3704E+03,0.1580E+04,0.3876E+02,0.1226E+02,0.6728E+03,0.3566E+02,0.7311E+02,0.7238E+03,0.1088E+03,0.2170E+04,
   73,1994,  11,0.1227E-03,0.4769E-01,0.3179E+00,0.4993E+00,0.6062E+01,0.5706E+00,0.2257E+00,0.5267E+00,0.7132E+01,0.7524E+00,0.9481E+00,
   69,1994,  11,0.1812E-01,0.7040E+01,0.7445E+01,0.1999E+01,0.2408E+02,0.2270E+01,0.9261E+00,0.2161E+01,0.2835E+02,0.3087E+01,0.7344E+01,
   20,1994,  11,0.8817E+00,0.4441E+03,0.1417E+04,0.1169E+04,0.9429E+03,0.3172E+03,0.1165E+03,0.2723E+03,0.2429E+04,0.3888E+03,0.1952E+04,
   36,1994,  11,0.0000E+00,0.0000E+00,0.0000E+00,0.0000E+00,0.0000E+00,0.0000E+00,0.0000E+00,0.0000E+00,0.0000E+00,0.0000E+00,0.0000E+00,
   16,1994,  11,0.3897E-03,0.1552E+00,0.1009E+01,0.1600E+01,0.1806E+02,0.1724E+01,0.6772E+00,0.1581E+01,0.2139E+02,0.2258E+01,0.2562E+01,
   26,1994,  11,0.3283E-01,0.1626E+02,0.2068E+02,0.1193E+02,0.3973E+02,0.5649E+01,0.8206E+00,0.1991E+01,0.5731E+02,0.2812E+01,0.5013E+02,
   30,1994,  11,0.4152E-02,0.1959E+01,0.9242E+01,0.4946E+01,0.4033E+01,0.1404E+01,0.3738E+00,0.9151E+00,0.1038E+02,0.1289E+01,0.9324E+01,
   66,1994,  11,0.0000E+00,0.0000E+00,0.0000E+00,0.0000E+00,0.0000E+00,0.0000E+00,0.0000E+00,0.0000E+00,0.0000E+00,0.0000E+00,0.0000E+00,
   24,1994,  11,0.1796E-02,0.7756E+00,0.4653E+01,0.2320E+01,0.8702E-01,0.4930E+00,0.1125E+00,0.2753E+00,0.2901E+01,0.3878E+00,0.3878E+01,
   10,1994,  11,0.3681E+01,0.1576E+04,0.9894E+03,0.3816E+03,0.1209E+03,0.8928E+02,0.2874E+02,0.5859E+02,0.5918E+03,0.8733E+02,0.9494E+04,
   19,1994,  11,0.3287E+01,0.1292E+04,0.4809E+04,0.2967E+04,0.4008E+03,0.6588E+03,0.1189E+03,0.2497E+03,0.4027E+04,0.3686E+03,0.6310E+04,
   11,1994,  11,0.8566E+00,0.3401E+03,0.1448E+04,0.1336E+04,0.5352E+02,0.2841E+03,0.4373E+02,0.8885E+02,0.1674E+04,0.1326E+03,0.1821E+04,
    0,1994,  11,0.5957E-02,0.2315E+01,0.6498E+01,0.2479E+00,0.3010E+01,0.2832E+00,0.1417E+00,0.3305E+00,0.3541E+01,0.4722E+00,0.1301E-02,
   62,1994,  11,0.0000E+00,0.0000E+00,0.0000E+00,0.0000E+00,0.0000E+00,0.0000E+00,0.0000E+00,0.0000E+00,0.0000E+00,0.0000E+00,0.0000E+00,
   92,1994,  12,0.2472E-01,0.1106E+02,0.6952E+02,0.2448E+02,0.6063E+01,0.6590E+01,0.1537E+01,0.6223E+01,0.3714E+02,0.7760E+01,0.9174E+02,
   61,1994,  12,0.7243E+00,0.5197E+03,0.6875E+03,0.9729E+03,0.3219E+03,0.1678E+03,0.1995E+02,0.4112E+02,0.1463E+04,0.6107E+02,0.7377E+03,
   86,1994,  12,0.1338E+00,0.9751E+03,0.2593E+03,0.1077E+03,0.2592E+03,0.3436E+02,0.6376E+01,0.3931E+02,0.4012E+03,0.4568E+02,0.1386E+04,
   34,1994,  12,0.1988E+02,0.1462E+05,0.3591E+04,0.6555E+04,0.1823E+05,0.1968E+04,0.5114E+02,0.1394E+03,0.2675E+05,0.1905E+03,0.1471E+05,
   64,1994,  12,0.1118E+02,0.7367E+04,0.1043E+05,0.5100E+04,0.5917E+04,0.1376E+04,0.2255E+03,0.1855E+03,0.1239E+05,0.4111E+03,0.1494E+05,
   63,1994,  12,0.0000E+00,0.0000E+00,0.0000E+00,0.0000E+00,0.0000E+00,0.0000E+00,0.0000E+00,0.0000E+00,0.0000E+00,0.0000E+00,0.0000E+00,
   59,1994,  12,0.1613E+00,0.1128E+03,0.1170E+03,0.4735E+02,0.2228E+02,0.3482E+02,0.4179E+01,0.1671E+02,0.1045E+03,0.2089E+02,0.4875E+02,
   55,1994,  12,0.4063E-01,0.3202E+02,0.7234E+01,0.9724E+00,0.3309E+02,0.7341E+01,0.3966E+00,0.7023E+01,0.4141E+02,0.7420E+01,0.6737E+01,
   65,1994,  12,0.1028E+00,0.5931E+02,0.1676E+02,0.3327E+02,0.1146E+03,0.3183E+02,0.1063E+01,0.1349E+02,0.1797E+03,0.1455E+02,0.1743E+03,
   32,1994,  12,0.6712E+00,0.4716E+03,0.3094E+02,0.1630E+02,0.9661E+03,0.5034E+02,0.2505E+01,0.5014E+02,0.1033E+04,0.5265E+02,0.2180E+03,
   53,1994,  12,0.1465E-01,0.1043E+02,0.1925E+01,0.2555E+01,0.2623E+01,0.5545E+00,0.1843E+00,0.5900E+00,0.5732E+01,0.7742E+00,0.5054E+01,
   47,1994,  12,0.0000E+00,0.0000E+00,0.0000E+00,0.0000E+00,0.0000E+00,0.0000E+00,0.0000E+00,0.0000E+00,0.0000E+00,0.0000E+00,0.0000E+00,
   81,1994,  12,0.0000E+00,0.0000E+00,0.0000E+00,0.0000E+00,0.0000E+00,0.0000E+00,0.0000E+00,0.0000E+00,0.0000E+00,0.0000E+00,0.0000E+00,
   82,1994,  12,0.4383E-01,0.3028E+02,0.0000E+00,0.0000E+00,0.0000E+00,0.1892E+01,0.0000E+00,0.1892E+02,0.1892E+01,0.1892E+02,0.3028E+02,
   79,1994,  12,0.3454E-02,0.1789E+01,0.8947E+01,0.2672E+01,0.1002E+00,0.5677E+00,0.5190E+00,0.1270E+01,0.3340E+01,0.1789E+01,0.4474E+01,
   77,1994,  12,0.2016E+00,0.1159E+03,0.7931E+02,0.2707E+02,0.4891E+02,0.4183E+02,0.1706E+01,0.5034E+02,0.1178E+03,0.5204E+02,0.2362E+03,
   85,1994,  12,0.1891E+00,0.1331E+03,0.3803E+03,0.2101E+03,0.4075E+02,0.4733E+02,0.7699E+01,0.2291E+02,0.2982E+03,0.3061E+02,0.3174E+03,
   52,1994,  12,0.0000E+00,0.0000E+00,0.0000E+00,0.0000E+00,0.0000E+00,0.0000E+00,0.0000E+00,0.0000E+00,0.0000E+00,0.0000E+00,0.0000E+00,
   56,1994,  12,0.0000E+00,0.0000E+00,0.0000E+00,0.0000E+00,0.0000E+00,0.0000E+00,0.0000E+00,0.0000E+00,0.0000E+00,0.0000E+00,0.0000E+00,
   87,1994,  12,0.0000E+00,0.0000E+00,0.0000E+00,0.0000E+00,0.0000E+00,0.0000E+00,0.0000E+00,0.0000E+00,0.0000E+00,0.0000E+00,0.0000E+00,
   44,1994,  12,0.0000E+00,0.0000E+00,0.0000E+00,0.0000E+00,0.0000E+00,0.0000E+00,0.0000E+00,0.0000E+00,0.0000E+00,0.0000E+00,0.0000E+00,
   41,1994,  12,0.0000E+00,0.0000E+00,0.0000E+00,0.0000E+00,0.0000E+00,0.0000E+00,0.0000E+00,0.0000E+00,0.0000E+00,0.0000E+00,0.0000E+00,
   49,1994,  12,0.1008E-02,0.4352E+00,0.1590E+00,0.1176E+01,0.1332E+00,0.2577E+00,0.4178E-01,0.2194E+00,0.1567E+01,0.2611E+00,0.8667E+00,
   91,1994,  12,0.3895E-01,0.1923E+02,0.1282E+02,0.1526E+02,0.3150E+02,0.5629E+01,0.8569E+00,0.3370E+01,0.5238E+02,0.4227E+01,0.4467E+02,
   51,1994,  12,0.2323E-02,0.1003E+01,0.8024E+00,0.2710E+01,0.3069E+00,0.5937E+00,0.9629E-01,0.5055E+00,0.3611E+01,0.6018E+00,0.1204E+01,
   68,1994,  12,0.0000E+00,0.0000E+00,0.0000E+00,0.0000E+00,0.0000E+00,0.0000E+00,0.0000E+00,0.0000E+00,0.0000E+00,0.0000E+00,0.0000E+00,
   54,1994,  12,0.1089E+00,0.6017E+02,0.2444E+03,0.1260E+03,0.4108E+02,0.3008E+02,0.7051E+01,0.2576E+02,0.1971E+03,0.3281E+02,0.1786E+03,
   33,1994,  12,0.0000E+00,0.0000E+00,0.0000E+00,0.0000E+00,0.0000E+00,0.0000E+00,0.0000E+00,0.0000E+00,0.0000E+00,0.0000E+00,0.0000E+00,
   80,1994,  12,0.0000E+00,0.0000E+00,0.0000E+00,0.0000E+00,0.0000E+00,0.0000E+00,0.0000E+00,0.0000E+00,0.0000E+00,0.0000E+00,0.0000E+00,
   50,1994,  12,0.0000E+00,0.0000E+00,0.0000E+00,0.0000E+00,0.0000E+00,0.0000E+00,0.0000E+00,0.0000E+00,0.0000E+00,0.0000E+00,0.0000E+00,
   58,1994,  12,0.6348E-01,0.4100E+02,0.1731E+02,0.2673E+01,0.2661E+02,0.2090E+01,0.2782E+00,0.7730E+00,0.3137E+02,0.1051E+01,0.1771E+02,
   17,1994,  12,0.8224E-01,0.3933E+02,0.7419E+02,0.2932E+02,0.4269E+02,0.2338E+02,0.1942E+01,0.2635E+02,0.9539E+02,0.2829E+02,0.1980E+03,
   95,1994,  12,0.5975E-02,0.2581E+01,0.9069E+01,0.6955E+01,0.7949E+00,0.1524E+01,0.1732E+00,0.9057E+00,0.9274E+01,0.1079E+01,0.1573E+02,
   90,1994,  12,0.0000E+00,0.0000E+00,0.0000E+00,0.0000E+00,0.0000E+00,0.0000E+00,0.0000E+00,0.0000E+00,0.0000E+00,0.0000E+00,0.0000E+00,
   15,1994,  12,0.0000E+00,0.0000E+00,0.0000E+00,0.0000E+00,0.0000E+00,0.0000E+00,0.0000E+00,0.0000E+00,0.0000E+00,0.0000E+00,0.0000E+00,
   14,1994,  12,0.4299E-01,0.1846E+02,0.2168E+02,0.3784E+02,0.3902E+03,0.3792E+02,0.2146E+02,0.5249E+02,0.4659E+03,0.7395E+02,0.2931E+02,
   31,1994,  12,0.5372E+00,0.2298E+03,0.8210E+03,0.3579E+03,0.2744E+02,0.7716E+02,0.2135E+02,0.4825E+02,0.4625E+03,0.6959E+02,0.1120E+04,
   12,1994,  12,0.1659E-01,0.7320E+01,0.2581E+02,0.1415E+02,0.1298E+02,0.4154E+01,0.1329E+01,0.3253E+01,0.3129E+02,0.4582E+01,0.5595E+02,
   23,1994,  12,0.1408E-01,0.5501E+01,0.5148E+01,0.1000E+01,0.1646E+01,0.3380E+00,0.1118E+00,0.2669E+00,0.2984E+01,0.3788E+00,0.6522E+02,
   25,1994,  12,0.9663E+01,0.6964E+04,0.1642E+05,0.1374E+05,0.2298E+04,0.3114E+04,0.3282E+03,0.7131E+03,0.1915E+05,0.1041E+04,0.2432E+05,
   18,1994,  12,0.2154E-01,0.1055E+02,0.2092E+02,0.1606E+02,0.1266E+02,0.4339E+01,0.1146E+01,0.2753E+01,0.3306E+02,0.3899E+01,0.3986E+02,
    4,1994,  12,0.4394E-01,0.1717E+02,0.6114E+01,0.2989E+01,0.4110E+01,0.9423E+00,0.3407E+00,0.9045E+00,0.8041E+01,0.1245E+01,0.1329E+03,
   74,1994,  12,0.8537E+00,0.3694E+03,0.1579E+04,0.3857E+02,0.1018E+02,0.6725E+03,0.3564E+02,0.7306E+02,0.7212E+03,0.1087E+03,0.2169E+04,
   73,1994,  12,0.1227E-03,0.4769E-01,0.3179E+00,0.4993E+00,0.6062E+01,0.5706E+00,0.2257E+00,0.5267E+00,0.7132E+01,0.7524E+00,0.9481E+00,
   69,1994,  12,0.1812E-01,0.7040E+01,0.7445E+01,0.1999E+01,0.2408E+02,0.2270E+01,0.9261E+00,0.2161E+01,0.2835E+02,0.3087E+01,0.7344E+01,
   20,1994,  12,0.8817E+00,0.4441E+03,0.1365E+04,0.1169E+04,0.9429E+03,0.3172E+03,0.1165E+03,0.2723E+03,0.2429E+04,0.3888E+03,0.1807E+04,
   36,1994,  12,0.0000E+00,0.0000E+00,0.0000E+00,0.0000E+00,0.0000E+00,0.0000E+00,0.0000E+00,0.0000E+00,0.0000E+00,0.0000E+00,0.0000E+00,
   16,1994,  12,0.3897E-03,0.1552E+00,0.1009E+01,0.1600E+01,0.1806E+02,0.1724E+01,0.6772E+00,0.1581E+01,0.2139E+02,0.2258E+01,0.2562E+01,
   26,1994,  12,0.3283E-01,0.1626E+02,0.2068E+02,0.1193E+02,0.3973E+02,0.5649E+01,0.8206E+00,0.1991E+01,0.5731E+02,0.2812E+01,0.5013E+02,
   30,1994,  12,0.4152E-02,0.1959E+01,0.9242E+01,0.4946E+01,0.4033E+01,0.1404E+01,0.3738E+00,0.9151E+00,0.1038E+02,0.1289E+01,0.9324E+01,
   66,1994,  12,0.0000E+00,0.0000E+00,0.0000E+00,0.0000E+00,0.0000E+00,0.0000E+00,0.0000E+00,0.0000E+00,0.0000E+00,0.0000E+00,0.0000E+00,
   24,1994,  12,0.1796E-02,0.7756E+00,0.4653E+01,0.2320E+01,0.8702E-01,0.4930E+00,0.1125E+00,0.2753E+00,0.2901E+01,0.3878E+00,0.3878E+01,
   10,1994,  12,0.3681E+01,0.1576E+04,0.9894E+03,0.3816E+03,0.1209E+03,0.8928E+02,0.2874E+02,0.5859E+02,0.5918E+03,0.8733E+02,0.9494E+04,
   19,1994,  12,0.3287E+01,0.1292E+04,0.4814E+04,0.2972E+04,0.4041E+03,0.6597E+03,0.1192E+03,0.2503E+03,0.4036E+04,0.3695E+03,0.6316E+04,
   11,1994,  12,0.8566E+00,0.3401E+03,0.1448E+04,0.1336E+04,0.5352E+02,0.2841E+03,0.4373E+02,0.8885E+02,0.1674E+04,0.1326E+03,0.1821E+04,
    0,1994,  12,0.5957E-02,0.2315E+01,0.6498E+01,0.2479E+00,0.3010E+01,0.2832E+00,0.1417E+00,0.3305E+00,0.3541E+01,0.4722E+00,0.1301E-02,
   62,1994,  12,0.0000E+00,0.0000E+00,0.0000E+00,0.0000E+00,0.0000E+00,0.0000E+00,0.0000E+00,0.0000E+00,0.0000E+00,0.0000E+00,0.0000E+00,
