   92,1995,   1,0.2591E-01,0.1339E+02,0.7436E+02,0.2535E+02,0.6477E+01,0.5831E+01,0.1555E+01,0.6302E+01,0.3766E+02,0.7857E+01,0.9872E+02,
   61,1995,   1,0.8062E+00,0.6520E+03,0.7375E+03,0.1222E+04,0.2313E+03,0.2001E+03,0.1570E+02,0.5679E+02,0.1654E+04,0.7249E+02,0.9772E+03,
   86,1995,   1,0.1917E+00,0.9797E+03,0.4073E+03,0.1665E+03,0.2258E+03,0.7198E+02,0.7339E+01,0.4237E+02,0.4643E+03,0.4971E+02,0.1879E+04,
   34,1995,   1,0.2077E+02,0.1546E+05,0.4369E+04,0.7566E+04,0.1716E+05,0.2137E+04,0.6963E+02,0.1404E+03,0.2687E+05,0.2100E+03,0.1528E+05,
   64,1995,   1,0.1159E+02,0.7948E+04,0.1158E+05,0.5795E+04,0.5622E+04,0.1561E+04,0.2681E+03,0.1716E+03,0.1298E+05,0.4397E+03,0.1739E+05,
   63,1995,   1,0.0000E+00,0.0000E+00,0.0000E+00,0.0000E+00,0.0000E+00,0.0000E+00,0.0000E+00,0.0000E+00,0.0000E+00,0.0000E+00,0.0000E+00,
   59,1995,   1,0.1775E+00,0.1272E+03,0.1150E+03,0.1701E+02,0.1778E+02,0.2851E+02,0.4599E+01,0.1226E+02,0.6330E+02,0.1686E+02,0.6285E+02,
   55,1995,   1,0.5696E-01,0.4842E+02,0.1723E+02,0.6609E+01,0.1820E+02,0.8254E+01,0.2128E+01,0.4544E+01,0.3306E+02,0.6672E+01,0.1658E+02,
   65,1995,   1,0.1035E+00,0.9713E+02,0.1125E+03,0.4213E+02,0.1266E+03,0.2453E+02,0.3219E+01,0.1041E+02,0.1933E+03,0.1363E+02,0.1485E+03,
   32,1995,   1,0.7016E+00,0.5128E+03,0.8181E+02,0.2230E+02,0.9908E+03,0.5832E+02,0.1368E+02,0.3675E+02,0.1071E+04,0.5043E+02,0.2654E+03,
   53,1995,   1,0.1711E-01,0.1230E+02,0.2988E+01,0.4346E+01,0.4339E+01,0.9537E+00,0.1727E+01,0.1293E+01,0.9639E+01,0.3020E+01,0.5911E+01,
   47,1995,   1,0.0000E+00,0.0000E+00,0.0000E+00,0.0000E+00,0.0000E+00,0.0000E+00,0.0000E+00,0.0000E+00,0.0000E+00,0.0000E+00,0.0000E+00,
   81,1995,   1,0.0000E+00,0.0000E+00,0.0000E+00,0.0000E+00,0.0000E+00,0.0000E+00,0.0000E+00,0.0000E+00,0.0000E+00,0.0000E+00,0.0000E+00,
   82,1995,   1,0.4383E-01,0.3028E+02,0.0000E+00,0.0000E+00,0.0000E+00,0.1892E+01,0.0000E+00,0.1892E+02,0.1892E+01,0.1892E+02,0.3028E+02,
   79,1995,   1,0.3454E-02,0.1789E+01,0.8947E+01,0.2672E+01,0.1002E+00,0.5677E+00,0.5190E+00,0.1270E+01,0.3340E+01,0.1789E+01,0.4474E+01,
   77,1995,   1,0.3362E+00,0.2344E+03,0.4536E+03,0.6863E+02,0.1229E+03,0.1182E+03,0.8978E+01,0.4204E+02,0.3097E+03,0.5102E+02,0.1349E+04,
   85,1995,   1,0.2253E+00,0.1549E+03,0.5190E+03,0.2131E+03,0.4415E+02,0.6485E+02,0.1010E+02,0.2306E+02,0.3221E+03,0.3316E+02,0.7306E+03,
   52,1995,   1,0.0000E+00,0.0000E+00,0.0000E+00,0.0000E+00,0.0000E+00,0.0000E+00,0.0000E+00,0.0000E+00,0.0000E+00,0.0000E+00,0.0000E+00,
   56,1995,   1,0.4861E-02,0.1889E+01,0.1805E+02,0.5876E+00,0.4617E+00,0.2308E+01,0.3358E+00,0.8394E-01,0.3358E+01,0.4198E+00,0.5456E+02,
   87,1995,   1,0.0000E+00,0.0000E+00,0.0000E+00,0.0000E+00,0.0000E+00,0.0000E+00,0.0000E+00,0.0000E+00,0.0000E+00,0.0000E+00,0.0000E+00,
   44,1995,   1,0.0000E+00,0.0000E+00,0.0000E+00,0.0000E+00,0.0000E+00,0.0000E+00,0.0000E+00,0.0000E+00,0.0000E+00,0.0000E+00,0.0000E+00,
   41,1995,   1,0.0000E+00,0.0000E+00,0.0000E+00,0.0000E+00,0.0000E+00,0.0000E+00,0.0000E+00,0.0000E+00,0.0000E+00,0.0000E+00,0.0000E+00,
   49,1995,   1,0.1096E-02,0.1092E+01,0.7191E+00,0.1278E+01,0.1448E+00,0.2801E+00,0.4542E-01,0.2384E+00,0.1703E+01,0.2839E+00,0.2138E+01,
   91,1995,   1,0.3960E-01,0.2357E+02,0.1237E+02,0.1602E+02,0.3158E+02,0.5797E+01,0.8841E+00,0.3513E+01,0.5340E+02,0.4398E+01,0.4330E+02,
   51,1995,   1,0.2455E-02,0.1823E+01,0.1272E+01,0.2863E+01,0.3243E+00,0.6273E+00,0.1017E+00,0.5341E+00,0.3815E+01,0.6358E+00,0.1272E+01,
   68,1995,   1,0.0000E+00,0.0000E+00,0.0000E+00,0.0000E+00,0.0000E+00,0.0000E+00,0.0000E+00,0.0000E+00,0.0000E+00,0.0000E+00,0.0000E+00,
   54,1995,   1,0.1182E+00,0.7041E+02,0.2041E+03,0.1561E+03,0.3867E+02,0.3979E+02,0.5714E+01,0.2653E+02,0.2346E+03,0.3224E+02,0.1735E+03,
   33,1995,   1,0.0000E+00,0.0000E+00,0.0000E+00,0.0000E+00,0.0000E+00,0.0000E+00,0.0000E+00,0.0000E+00,0.0000E+00,0.0000E+00,0.0000E+00,
   80,1995,   1,0.0000E+00,0.0000E+00,0.0000E+00,0.0000E+00,0.0000E+00,0.0000E+00,0.0000E+00,0.0000E+00,0.0000E+00,0.0000E+00,0.0000E+00,
   50,1995,   1,0.0000E+00,0.0000E+00,0.0000E+00,0.0000E+00,0.0000E+00,0.0000E+00,0.0000E+00,0.0000E+00,0.0000E+00,0.0000E+00,0.0000E+00,
   58,1995,   1,0.5428E-01,0.3603E+02,0.1907E+02,0.4683E+01,0.3956E+02,0.7453E+01,0.3374E+00,0.6947E+00,0.5170E+02,0.1032E+01,0.2260E+02,
   17,1995,   1,0.1439E+00,0.8897E+02,0.3204E+03,0.3386E+02,0.4119E+02,0.6685E+02,0.6793E+01,0.2480E+02,0.1419E+03,0.3159E+02,0.9443E+03,
   95,1995,   1,0.8255E-02,0.7898E+01,0.1369E+02,0.9613E+01,0.1096E+01,0.2107E+01,0.2337E+00,0.1234E+01,0.1282E+02,0.1468E+01,0.2598E+02,
   90,1995,   1,0.0000E+00,0.0000E+00,0.0000E+00,0.0000E+00,0.0000E+00,0.0000E+00,0.0000E+00,0.0000E+00,0.0000E+00,0.0000E+00,0.0000E+00,
   15,1995,   1,0.0000E+00,0.0000E+00,0.0000E+00,0.0000E+00,0.0000E+00,0.0000E+00,0.0000E+00,0.0000E+00,0.0000E+00,0.0000E+00,0.0000E+00,
   14,1995,   1,0.4300E-01,0.1829E+02,0.2527E+02,0.3448E+02,0.3450E+03,0.3374E+02,0.2113E+02,0.5170E+02,0.4132E+03,0.7283E+02,0.2941E+02,
   31,1995,   1,0.5216E+00,0.2292E+03,0.7954E+03,0.2958E+03,0.2511E+02,0.6397E+02,0.1865E+02,0.3986E+02,0.3849E+03,0.5851E+02,0.1087E+04,
   12,1995,   1,0.1471E-01,0.7303E+01,0.2251E+02,0.1165E+02,0.1289E+02,0.3622E+01,0.1195E+01,0.2925E+01,0.2816E+02,0.4119E+01,0.5183E+02,
   23,1995,   1,0.1409E-01,0.5504E+01,0.5166E+01,0.1009E+01,0.1646E+01,0.3398E+00,0.1123E+00,0.2679E+00,0.2995E+01,0.3802E+00,0.6524E+02,
   25,1995,   1,0.9009E+01,0.7106E+04,0.1569E+05,0.1067E+05,0.2572E+04,0.2481E+04,0.2686E+03,0.5528E+03,0.1573E+05,0.8214E+03,0.2316E+05,
   18,1995,   1,0.2199E-01,0.1054E+02,0.2172E+02,0.1143E+02,0.1248E+02,0.3354E+01,0.1235E+01,0.2971E+01,0.2726E+02,0.4205E+01,0.4084E+02,
    4,1995,   1,0.4350E-01,0.1718E+02,0.5357E+01,0.1582E+01,0.4057E+01,0.6433E+00,0.3226E+00,0.8602E+00,0.6283E+01,0.1183E+01,0.1320E+03,
   74,1995,   1,0.8740E+00,0.3761E+03,0.1613E+04,0.4361E+02,0.7697E+01,0.5842E+03,0.3473E+02,0.7134E+02,0.6355E+03,0.1061E+03,0.2224E+04,
   73,1995,   1,0.1227E-03,0.4769E-01,0.3179E+00,0.4993E+00,0.6062E+01,0.5706E+00,0.2257E+00,0.5267E+00,0.7132E+01,0.7524E+00,0.9481E+00,
   69,1995,   1,0.1812E-01,0.7040E+01,0.7445E+01,0.2000E+01,0.2408E+02,0.2270E+01,0.9262E+00,0.2161E+01,0.2835E+02,0.3087E+01,0.7344E+01,
   20,1995,   1,0.8195E+00,0.4477E+03,0.1317E+04,0.1221E+04,0.7912E+03,0.3164E+03,0.1170E+03,0.2771E+03,0.2328E+04,0.3941E+03,0.1755E+04,
   36,1995,   1,0.0000E+00,0.0000E+00,0.0000E+00,0.0000E+00,0.0000E+00,0.0000E+00,0.0000E+00,0.0000E+00,0.0000E+00,0.0000E+00,0.0000E+00,
   16,1995,   1,0.3905E-03,0.1555E+00,0.1012E+01,0.1601E+01,0.1806E+02,0.1724E+01,0.6773E+00,0.1581E+01,0.2139E+02,0.2258E+01,0.2564E+01,
   26,1995,   1,0.3288E-01,0.1629E+02,0.2081E+02,0.1199E+02,0.3973E+02,0.5662E+01,0.8237E+00,0.1999E+01,0.5739E+02,0.2823E+01,0.5024E+02,
   30,1995,   1,0.4176E-02,0.1969E+01,0.9303E+01,0.4802E+01,0.4027E+01,0.1373E+01,0.3665E+00,0.8972E+00,0.1020E+02,0.1264E+01,0.9375E+01,
   66,1995,   1,0.0000E+00,0.0000E+00,0.0000E+00,0.0000E+00,0.0000E+00,0.0000E+00,0.0000E+00,0.0000E+00,0.0000E+00,0.0000E+00,0.0000E+00,
   24,1995,   1,0.1816E-02,0.7838E+00,0.4703E+01,0.2345E+01,0.8795E-01,0.4983E+00,0.1137E+00,0.2783E+00,0.2931E+01,0.3919E+00,0.3919E+01,
   10,1995,   1,0.3676E+01,0.1587E+04,0.9242E+03,0.3941E+03,0.1182E+03,0.9169E+02,0.3021E+02,0.6157E+02,0.6040E+03,0.9179E+02,0.9496E+04,
   19,1995,   1,0.3150E+01,0.1298E+04,0.4594E+04,0.3513E+04,0.4256E+03,0.7737E+03,0.1340E+03,0.2808E+03,0.4712E+04,0.4148E+03,0.6034E+04,
   11,1995,   1,0.8159E+00,0.3376E+03,0.1378E+04,0.1380E+04,0.5518E+02,0.2936E+03,0.3595E+02,0.7305E+02,0.1729E+04,0.1090E+03,0.1733E+04,
    0,1995,   1,0.5957E-02,0.2315E+01,0.6498E+01,0.2479E+00,0.3010E+01,0.2832E+00,0.1417E+00,0.3305E+00,0.3541E+01,0.4722E+00,0.1301E-02,
   62,1995,   1,0.0000E+00,0.0000E+00,0.0000E+00,0.0000E+00,0.0000E+00,0.0000E+00,0.0000E+00,0.0000E+00,0.0000E+00,0.0000E+00,0.0000E+00,
   92,1995,   2,0.2555E-01,0.1402E+02,0.7133E+02,0.2495E+02,0.6430E+01,0.5741E+01,0.1541E+01,0.6226E+01,0.3712E+02,0.7766E+01,0.8008E+02,
   61,1995,   2,0.7533E+00,0.6213E+03,0.7520E+03,0.1194E+04,0.2002E+03,0.1335E+03,0.1684E+02,0.5735E+02,0.1528E+04,0.7420E+02,0.9425E+03,
   86,1995,   2,0.1581E+00,0.9667E+03,0.2378E+03,0.1883E+03,0.2153E+03,0.4834E+02,0.4327E+01,0.4467E+02,0.4519E+03,0.4900E+02,0.1411E+04,
   34,1995,   2,0.2031E+02,0.1553E+05,0.3887E+04,0.6760E+04,0.1836E+05,0.2085E+04,0.8112E+02,0.1354E+03,0.2721E+05,0.2165E+03,0.1448E+05,
   64,1995,   2,0.1133E+02,0.8029E+04,0.1130E+05,0.6333E+04,0.5346E+04,0.1416E+04,0.2929E+03,0.1569E+03,0.1310E+05,0.4498E+03,0.1317E+05,
   63,1995,   2,0.0000E+00,0.0000E+00,0.0000E+00,0.0000E+00,0.0000E+00,0.0000E+00,0.0000E+00,0.0000E+00,0.0000E+00,0.0000E+00,0.0000E+00,
   59,1995,   2,0.1888E+00,0.1451E+03,0.1826E+03,0.1370E+03,0.1304E+02,0.4891E+02,0.4892E+01,0.1794E+02,0.1989E+03,0.2283E+02,0.8315E+02,
   55,1995,   2,0.5652E-01,0.5100E+02,0.1589E+02,0.4576E+01,0.3322E+02,0.7062E+01,0.6304E+00,0.3490E+01,0.4486E+02,0.4120E+01,0.1082E+02,
   65,1995,   2,0.1136E+00,0.9573E+02,0.7857E+02,0.4140E+02,0.1141E+03,0.2004E+02,0.5105E+01,0.1301E+02,0.1755E+03,0.1811E+02,0.1623E+03,
   32,1995,   2,0.6970E+00,0.5438E+03,0.8181E+02,0.2317E+02,0.9035E+03,0.6383E+02,0.7905E+01,0.4239E+02,0.9905E+03,0.5029E+02,0.2024E+03,
   53,1995,   2,0.1716E-01,0.1394E+02,0.4835E+01,0.4511E+01,0.5051E+01,0.9931E+00,0.8808E+00,0.8784E+00,0.1056E+02,0.1759E+01,0.7272E+01,
   47,1995,   2,0.0000E+00,0.0000E+00,0.0000E+00,0.0000E+00,0.0000E+00,0.0000E+00,0.0000E+00,0.0000E+00,0.0000E+00,0.0000E+00,0.0000E+00,
   81,1995,   2,0.0000E+00,0.0000E+00,0.0000E+00,0.0000E+00,0.0000E+00,0.0000E+00,0.0000E+00,0.0000E+00,0.0000E+00,0.0000E+00,0.0000E+00,
   82,1995,   2,0.4383E-01,0.3028E+02,0.0000E+00,0.0000E+00,0.0000E+00,0.1892E+01,0.0000E+00,0.1892E+02,0.1892E+01,0.1892E+02,0.3028E+02,
   79,1995,   2,0.3454E-02,0.1789E+01,0.8947E+01,0.2672E+01,0.1002E+00,0.5677E+00,0.5190E+00,0.1270E+01,0.3340E+01,0.1789E+01,0.4474E+01,
   77,1995,   2,0.2337E+00,0.2255E+03,0.2454E+03,0.6935E+02,0.1183E+03,0.6817E+02,0.1522E+02,0.3061E+02,0.2558E+03,0.4583E+02,0.2627E+03,
   85,1995,   2,0.1900E+00,0.1522E+03,0.4482E+03,0.2112E+03,0.4088E+02,0.4757E+02,0.7446E+01,0.2221E+02,0.2997E+03,0.2966E+02,0.3657E+03,
   52,1995,   2,0.0000E+00,0.0000E+00,0.0000E+00,0.0000E+00,0.0000E+00,0.0000E+00,0.0000E+00,0.0000E+00,0.0000E+00,0.0000E+00,0.0000E+00,
   56,1995,   2,0.0000E+00,0.0000E+00,0.0000E+00,0.0000E+00,0.0000E+00,0.0000E+00,0.0000E+00,0.0000E+00,0.0000E+00,0.0000E+00,0.0000E+00,
   87,1995,   2,0.0000E+00,0.0000E+00,0.0000E+00,0.0000E+00,0.0000E+00,0.0000E+00,0.0000E+00,0.0000E+00,0.0000E+00,0.0000E+00,0.0000E+00,
   44,1995,   2,0.0000E+00,0.0000E+00,0.0000E+00,0.0000E+00,0.0000E+00,0.0000E+00,0.0000E+00,0.0000E+00,0.0000E+00,0.0000E+00,0.0000E+00,
   41,1995,   2,0.0000E+00,0.0000E+00,0.0000E+00,0.0000E+00,0.0000E+00,0.0000E+00,0.0000E+00,0.0000E+00,0.0000E+00,0.0000E+00,0.0000E+00,
   49,1995,   2,0.1271E-02,0.1234E+01,0.2059E+01,0.1483E+01,0.1679E+00,0.3249E+00,0.5269E-01,0.2766E+00,0.1976E+01,0.3293E+00,0.2812E+01,
   91,1995,   2,0.3829E-01,0.2270E+02,0.1218E+02,0.1449E+02,0.3141E+02,0.5461E+01,0.8296E+00,0.3227E+01,0.5136E+02,0.4057E+01,0.4186E+02,
   51,1995,   2,0.2630E-02,0.2180E+01,0.3406E+01,0.3068E+01,0.3474E+00,0.6721E+00,0.1090E+00,0.5723E+00,0.4087E+01,0.6813E+00,0.2044E+01,
   68,1995,   2,0.0000E+00,0.0000E+00,0.0000E+00,0.0000E+00,0.0000E+00,0.0000E+00,0.0000E+00,0.0000E+00,0.0000E+00,0.0000E+00,0.0000E+00,
   54,1995,   2,0.1237E+00,0.8010E+02,0.2243E+03,0.1730E+03,0.3770E+02,0.1709E+02,0.1068E+02,0.2702E+02,0.2278E+03,0.3770E+02,0.1602E+03,
   33,1995,   2,0.0000E+00,0.0000E+00,0.0000E+00,0.0000E+00,0.0000E+00,0.0000E+00,0.0000E+00,0.0000E+00,0.0000E+00,0.0000E+00,0.0000E+00,
   80,1995,   2,0.0000E+00,0.0000E+00,0.0000E+00,0.0000E+00,0.0000E+00,0.0000E+00,0.0000E+00,0.0000E+00,0.0000E+00,0.0000E+00,0.0000E+00,
   50,1995,   2,0.0000E+00,0.0000E+00,0.0000E+00,0.0000E+00,0.0000E+00,0.0000E+00,0.0000E+00,0.0000E+00,0.0000E+00,0.0000E+00,0.0000E+00,
   58,1995,   2,0.6734E-01,0.4356E+02,0.2461E+02,0.7516E+01,0.2596E+02,0.2705E+02,0.4469E+00,0.7554E+00,0.6053E+02,0.1202E+01,0.2277E+02,
   17,1995,   2,0.7376E-01,0.6789E+02,0.6094E+02,0.2311E+02,0.3274E+02,0.3258E+02,0.2414E+01,0.1862E+02,0.8843E+02,0.2103E+02,0.1794E+03,
   95,1995,   2,0.7597E-02,0.7588E+01,0.1332E+02,0.8846E+01,0.1009E+01,0.1939E+01,0.2038E+00,0.1062E+01,0.1179E+02,0.1266E+01,0.2541E+02,
   90,1995,   2,0.0000E+00,0.0000E+00,0.0000E+00,0.0000E+00,0.0000E+00,0.0000E+00,0.0000E+00,0.0000E+00,0.0000E+00,0.0000E+00,0.0000E+00,
   15,1995,   2,0.0000E+00,0.0000E+00,0.0000E+00,0.0000E+00,0.0000E+00,0.0000E+00,0.0000E+00,0.0000E+00,0.0000E+00,0.0000E+00,0.0000E+00,
   14,1995,   2,0.4300E-01,0.1829E+02,0.2461E+02,0.3448E+02,0.3450E+03,0.3374E+02,0.2113E+02,0.5170E+02,0.4132E+03,0.7283E+02,0.2939E+02,
   31,1995,   2,0.5216E+00,0.2292E+03,0.7954E+03,0.2958E+03,0.2511E+02,0.6397E+02,0.1865E+02,0.3986E+02,0.3849E+03,0.5851E+02,0.1087E+04,
   12,1995,   2,0.1502E-01,0.7435E+01,0.2318E+02,0.1211E+02,0.1290E+02,0.3721E+01,0.1244E+01,0.3047E+01,0.2874E+02,0.4292E+01,0.5263E+02,
   23,1995,   2,0.1409E-01,0.5504E+01,0.5166E+01,0.1009E+01,0.1646E+01,0.3398E+00,0.1123E+00,0.2679E+00,0.2995E+01,0.3802E+00,0.6524E+02,
   25,1995,   2,0.9009E+01,0.7106E+04,0.1569E+05,0.1067E+05,0.2572E+04,0.2481E+04,0.2686E+03,0.5528E+03,0.1573E+05,0.8214E+03,0.2316E+05,
   18,1995,   2,0.2199E-01,0.1054E+02,0.2172E+02,0.1143E+02,0.1248E+02,0.3354E+01,0.1235E+01,0.2971E+01,0.2726E+02,0.4205E+01,0.4084E+02,
    4,1995,   2,0.4350E-01,0.1718E+02,0.5357E+01,0.1582E+01,0.4057E+01,0.6433E+00,0.3226E+00,0.8602E+00,0.6283E+01,0.1183E+01,0.1320E+03,
   74,1995,   2,0.8701E+00,0.3744E+03,0.1611E+04,0.4374E+02,0.9112E+01,0.5844E+03,0.3468E+02,0.7124E+02,0.6373E+03,0.1059E+03,0.2211E+04,
   73,1995,   2,0.1227E-03,0.4769E-01,0.3179E+00,0.4993E+00,0.6062E+01,0.5706E+00,0.2257E+00,0.5267E+00,0.7132E+01,0.7524E+00,0.9481E+00,
   69,1995,   2,0.1812E-01,0.7040E+01,0.7445E+01,0.2000E+01,0.2408E+02,0.2270E+01,0.9262E+00,0.2161E+01,0.2835E+02,0.3087E+01,0.7344E+01,
   20,1995,   2,0.8195E+00,0.4477E+03,0.1228E+04,0.1221E+04,0.7912E+03,0.3164E+03,0.1170E+03,0.2771E+03,0.2328E+04,0.3941E+03,0.1671E+04,
   36,1995,   2,0.0000E+00,0.0000E+00,0.0000E+00,0.0000E+00,0.0000E+00,0.0000E+00,0.0000E+00,0.0000E+00,0.0000E+00,0.0000E+00,0.0000E+00,
   16,1995,   2,0.3905E-03,0.1555E+00,0.1012E+01,0.1601E+01,0.1806E+02,0.1724E+01,0.6773E+00,0.1581E+01,0.2139E+02,0.2258E+01,0.2564E+01,
   26,1995,   2,0.3288E-01,0.1629E+02,0.2081E+02,0.1199E+02,0.3973E+02,0.5662E+01,0.8237E+00,0.1999E+01,0.5739E+02,0.2823E+01,0.5024E+02,
   30,1995,   2,0.4176E-02,0.1969E+01,0.9303E+01,0.4802E+01,0.4027E+01,0.1373E+01,0.3665E+00,0.8972E+00,0.1020E+02,0.1264E+01,0.9375E+01,
   66,1995,   2,0.0000E+00,0.0000E+00,0.0000E+00,0.0000E+00,0.0000E+00,0.0000E+00,0.0000E+00,0.0000E+00,0.0000E+00,0.0000E+00,0.0000E+00,
   24,1995,   2,0.1816E-02,0.7838E+00,0.4703E+01,0.2345E+01,0.8795E-01,0.4983E+00,0.1137E+00,0.2783E+00,0.2931E+01,0.3919E+00,0.3919E+01,
   10,1995,   2,0.3676E+01,0.1587E+04,0.9242E+03,0.3941E+03,0.1182E+03,0.9169E+02,0.3021E+02,0.6157E+02,0.6040E+03,0.9179E+02,0.9496E+04,
   19,1995,   2,0.3165E+01,0.1306E+04,0.4631E+04,0.3522E+04,0.4240E+03,0.7757E+03,0.1362E+03,0.2860E+03,0.4722E+04,0.4222E+03,0.6050E+04,
   11,1995,   2,0.8159E+00,0.3376E+03,0.1378E+04,0.1380E+04,0.5518E+02,0.2936E+03,0.3595E+02,0.7305E+02,0.1729E+04,0.1090E+03,0.1733E+04,
    0,1995,   2,0.5957E-02,0.2315E+01,0.6498E+01,0.2479E+00,0.3010E+01,0.2832E+00,0.1417E+00,0.3305E+00,0.3541E+01,0.4722E+00,0.1301E-02,
   62,1995,   2,0.0000E+00,0.0000E+00,0.0000E+00,0.0000E+00,0.0000E+00,0.0000E+00,0.0000E+00,0.0000E+00,0.0000E+00,0.0000E+00,0.0000E+00,
   92,1995,   3,0.3042E-01,0.1546E+02,0.6700E+02,0.3062E+02,0.7073E+01,0.6985E+01,0.1743E+01,0.7284E+01,0.4468E+02,0.9027E+01,0.5944E+02,
   61,1995,   3,0.7901E+00,0.6102E+03,0.8139E+03,0.1276E+04,0.1392E+03,0.1453E+03,0.2299E+02,0.4417E+02,0.1561E+04,0.6716E+02,0.9354E+03,
   86,1995,   3,0.2109E+00,0.1507E+04,0.6650E+03,0.1659E+03,0.3259E+03,0.1187E+03,0.1304E+02,0.4293E+02,0.6105E+03,0.5598E+02,0.2819E+04,
   34,1995,   3,0.2050E+02,0.1541E+05,0.4214E+04,0.6922E+04,0.1752E+05,0.2275E+04,0.6105E+02,0.9690E+02,0.2672E+05,0.1580E+03,0.1432E+05,
   64,1995,   3,0.1247E+02,0.9277E+04,0.1198E+05,0.7080E+04,0.5547E+04,0.1969E+04,0.3935E+03,0.1529E+03,0.1460E+05,0.5465E+03,0.1892E+05,
   63,1995,   3,0.0000E+00,0.0000E+00,0.0000E+00,0.0000E+00,0.0000E+00,0.0000E+00,0.0000E+00,0.0000E+00,0.0000E+00,0.0000E+00,0.0000E+00,
   59,1995,   3,0.2034E+00,0.1545E+03,0.1932E+03,0.2157E+03,0.1264E+02,0.4653E+02,0.7025E+01,0.2107E+02,0.2748E+03,0.2810E+02,0.1106E+03,
   55,1995,   3,0.5652E-01,0.4964E+02,0.2469E+02,0.4042E+01,0.1848E+02,0.3045E+01,0.1547E+01,0.3154E+01,0.2556E+02,0.4701E+01,0.1714E+02,
   65,1995,   3,0.1170E+00,0.1037E+03,0.1237E+03,0.4147E+02,0.1097E+03,0.4070E+02,0.5065E+01,0.1318E+02,0.1918E+03,0.1824E+02,0.1785E+03,
   32,1995,   3,0.7389E+00,0.5158E+03,0.2039E+03,0.3487E+02,0.4057E+03,0.6119E+02,0.8270E+01,0.3850E+02,0.5018E+03,0.4677E+02,0.2128E+03,
   53,1995,   3,0.1747E-01,0.1294E+02,0.4438E+01,0.4031E+01,0.4419E+01,0.8879E+00,0.8963E+00,0.7557E+00,0.9338E+01,0.1652E+01,0.5918E+01,
   47,1995,   3,0.0000E+00,0.0000E+00,0.0000E+00,0.0000E+00,0.0000E+00,0.0000E+00,0.0000E+00,0.0000E+00,0.0000E+00,0.0000E+00,0.0000E+00,
   81,1995,   3,0.0000E+00,0.0000E+00,0.0000E+00,0.0000E+00,0.0000E+00,0.0000E+00,0.0000E+00,0.0000E+00,0.0000E+00,0.0000E+00,0.0000E+00,
   82,1995,   3,0.4383E-01,0.3028E+02,0.0000E+00,0.0000E+00,0.0000E+00,0.1892E+01,0.0000E+00,0.1892E+02,0.1892E+01,0.1892E+02,0.3028E+02,
   79,1995,   3,0.3454E-02,0.1789E+01,0.8947E+01,0.2672E+01,0.1002E+00,0.5677E+00,0.5190E+00,0.1270E+01,0.3340E+01,0.1789E+01,0.4474E+01,
   77,1995,   3,0.3667E+00,0.2672E+03,0.5444E+03,0.6488E+02,0.1233E+03,0.8771E+02,0.9072E+01,0.5655E+02,0.2759E+03,0.6562E+02,0.1492E+04,
   85,1995,   3,0.2429E+00,0.1679E+03,0.5547E+03,0.2270E+03,0.4624E+02,0.7072E+02,0.1067E+02,0.2340E+02,0.3439E+03,0.3407E+02,0.7905E+03,
   52,1995,   3,0.0000E+00,0.0000E+00,0.0000E+00,0.0000E+00,0.0000E+00,0.0000E+00,0.0000E+00,0.0000E+00,0.0000E+00,0.0000E+00,0.0000E+00,
   56,1995,   3,0.5674E-02,0.2205E+01,0.2107E+02,0.6859E+00,0.5389E+00,0.2694E+01,0.3920E+00,0.9799E-01,0.3919E+01,0.4900E+00,0.6369E+02,
   87,1995,   3,0.0000E+00,0.0000E+00,0.0000E+00,0.0000E+00,0.0000E+00,0.0000E+00,0.0000E+00,0.0000E+00,0.0000E+00,0.0000E+00,0.0000E+00,
   44,1995,   3,0.0000E+00,0.0000E+00,0.0000E+00,0.0000E+00,0.0000E+00,0.0000E+00,0.0000E+00,0.0000E+00,0.0000E+00,0.0000E+00,0.0000E+00,
   41,1995,   3,0.0000E+00,0.0000E+00,0.0000E+00,0.0000E+00,0.0000E+00,0.0000E+00,0.0000E+00,0.0000E+00,0.0000E+00,0.0000E+00,0.0000E+00,
   49,1995,   3,0.8767E-03,0.7827E+00,0.1378E+01,0.1023E+01,0.1158E+00,0.2240E+00,0.3634E-01,0.1908E+00,0.1362E+01,0.2271E+00,0.1696E+01,
   91,1995,   3,0.4057E-01,0.2410E+02,0.1645E+02,0.1715E+02,0.3171E+02,0.6043E+01,0.9241E+00,0.3723E+01,0.5490E+02,0.4647E+01,0.4389E+02,
   51,1995,   3,0.4515E-02,0.3976E+01,0.4288E+01,0.5267E+01,0.5964E+00,0.1154E+01,0.1871E+00,0.9824E+00,0.7017E+01,0.1169E+01,0.4288E+01,
   68,1995,   3,0.0000E+00,0.0000E+00,0.0000E+00,0.0000E+00,0.0000E+00,0.0000E+00,0.0000E+00,0.0000E+00,0.0000E+00,0.0000E+00,0.0000E+00,
   54,1995,   3,0.1262E+00,0.7625E+02,0.2505E+03,0.1351E+03,0.4270E+02,0.1742E+02,0.2179E+01,0.2930E+02,0.1952E+03,0.3148E+02,0.1852E+03,
   33,1995,   3,0.0000E+00,0.0000E+00,0.0000E+00,0.0000E+00,0.0000E+00,0.0000E+00,0.0000E+00,0.0000E+00,0.0000E+00,0.0000E+00,0.0000E+00,
   80,1995,   3,0.0000E+00,0.0000E+00,0.0000E+00,0.0000E+00,0.0000E+00,0.0000E+00,0.0000E+00,0.0000E+00,0.0000E+00,0.0000E+00,0.0000E+00,
   50,1995,   3,0.0000E+00,0.0000E+00,0.0000E+00,0.0000E+00,0.0000E+00,0.0000E+00,0.0000E+00,0.0000E+00,0.0000E+00,0.0000E+00,0.0000E+00,
   58,1995,   3,0.6624E-01,0.3919E+02,0.2528E+02,0.6461E+01,0.2964E+02,0.4439E+02,0.4349E+00,0.7911E+00,0.8049E+02,0.1226E+01,0.2418E+02,
   17,1995,   3,0.1309E+00,0.7501E+02,0.3714E+03,0.3259E+02,0.3213E+02,0.6167E+02,0.1019E+02,0.1312E+02,0.1264E+03,0.2331E+02,0.1018E+04,
   95,1995,   3,0.8079E-02,0.7174E+01,0.8183E+01,0.9409E+01,0.1073E+01,0.2062E+01,0.2407E+00,0.1266E+01,0.1254E+02,0.1507E+01,0.1692E+02,
   90,1995,   3,0.0000E+00,0.0000E+00,0.0000E+00,0.0000E+00,0.0000E+00,0.0000E+00,0.0000E+00,0.0000E+00,0.0000E+00,0.0000E+00,0.0000E+00,
   15,1995,   3,0.0000E+00,0.0000E+00,0.0000E+00,0.0000E+00,0.0000E+00,0.0000E+00,0.0000E+00,0.0000E+00,0.0000E+00,0.0000E+00,0.0000E+00,
   14,1995,   3,0.4300E-01,0.1829E+02,0.3317E+02,0.3448E+02,0.3450E+03,0.3374E+02,0.2113E+02,0.5170E+02,0.4132E+03,0.7283E+02,0.3238E+02,
   31,1995,   3,0.5216E+00,0.2292E+03,0.7954E+03,0.2958E+03,0.2511E+02,0.6397E+02,0.1865E+02,0.3986E+02,0.3849E+03,0.5851E+02,0.1087E+04,
   12,1995,   3,0.1489E-01,0.7379E+01,0.2289E+02,0.1191E+02,0.1290E+02,0.3679E+01,0.1223E+01,0.2995E+01,0.2849E+02,0.4218E+01,0.5229E+02,
   23,1995,   3,0.1409E-01,0.5504E+01,0.5166E+01,0.1009E+01,0.1646E+01,0.3398E+00,0.1123E+00,0.2679E+00,0.2995E+01,0.3802E+00,0.6524E+02,
   25,1995,   3,0.9531E+01,0.7359E+04,0.1794E+05,0.1074E+05,0.2622E+04,0.2729E+04,0.3047E+03,0.5618E+03,0.1609E+05,0.8665E+03,0.2902E+05,
   18,1995,   3,0.2199E-01,0.1054E+02,0.2172E+02,0.1143E+02,0.1248E+02,0.3354E+01,0.1235E+01,0.2971E+01,0.2726E+02,0.4205E+01,0.4084E+02,
    4,1995,   3,0.4350E-01,0.1718E+02,0.5357E+01,0.1582E+01,0.4057E+01,0.6433E+00,0.3226E+00,0.8602E+00,0.6283E+01,0.1183E+01,0.1320E+03,
   74,1995,   3,0.8700E+00,0.3743E+03,0.1611E+04,0.4372E+02,0.8972E+01,0.5844E+03,0.3465E+02,0.7118E+02,0.6371E+03,0.1058E+03,0.2211E+04,
   73,1995,   3,0.1227E-03,0.4769E-01,0.3179E+00,0.4993E+00,0.6062E+01,0.5706E+00,0.2257E+00,0.5267E+00,0.7132E+01,0.7524E+00,0.9481E+00,
   69,1995,   3,0.1812E-01,0.7040E+01,0.7445E+01,0.2000E+01,0.2408E+02,0.2270E+01,0.9262E+00,0.2161E+01,0.2835E+02,0.3087E+01,0.7344E+01,
   20,1995,   3,0.8195E+00,0.4477E+03,0.1221E+04,0.1221E+04,0.7912E+03,0.3164E+03,0.1170E+03,0.2771E+03,0.2328E+04,0.3941E+03,0.1695E+04,
   36,1995,   3,0.0000E+00,0.0000E+00,0.0000E+00,0.0000E+00,0.0000E+00,0.0000E+00,0.0000E+00,0.0000E+00,0.0000E+00,0.0000E+00,0.0000E+00,
   16,1995,   3,0.3905E-03,0.1555E+00,0.1012E+01,0.1601E+01,0.1806E+02,0.1724E+01,0.6773E+00,0.1581E+01,0.2139E+02,0.2258E+01,0.2564E+01,
   26,1995,   3,0.3288E-01,0.1629E+02,0.2081E+02,0.1199E+02,0.3973E+02,0.5662E+01,0.8237E+00,0.1999E+01,0.5739E+02,0.2823E+01,0.5024E+02,
   30,1995,   3,0.4176E-02,0.1969E+01,0.9303E+01,0.4802E+01,0.4027E+01,0.1373E+01,0.3665E+00,0.8972E+00,0.1020E+02,0.1264E+01,0.9375E+01,
   66,1995,   3,0.0000E+00,0.0000E+00,0.0000E+00,0.0000E+00,0.0000E+00,0.0000E+00,0.0000E+00,0.0000E+00,0.0000E+00,0.0000E+00,0.0000E+00,
   24,1995,   3,0.1816E-02,0.7838E+00,0.4703E+01,0.2345E+01,0.8795E-01,0.4983E+00,0.1137E+00,0.2783E+00,0.2931E+01,0.3919E+00,0.3919E+01,
   10,1995,   3,0.3676E+01,0.1587E+04,0.9242E+03,0.3941E+03,0.1182E+03,0.9169E+02,0.3021E+02,0.6157E+02,0.6040E+03,0.9179E+02,0.9496E+04,
   19,1995,   3,0.3165E+01,0.1306E+04,0.4634E+04,0.3526E+04,0.4266E+03,0.7764E+03,0.1364E+03,0.2865E+03,0.4729E+04,0.4229E+03,0.6054E+04,
   11,1995,   3,0.8159E+00,0.3376E+03,0.1378E+04,0.1380E+04,0.5518E+02,0.2936E+03,0.3595E+02,0.7305E+02,0.1729E+04,0.1090E+03,0.1733E+04,
    0,1995,   3,0.5957E-02,0.2315E+01,0.6498E+01,0.2479E+00,0.3010E+01,0.2832E+00,0.1417E+00,0.3305E+00,0.3541E+01,0.4722E+00,0.1301E-02,
   62,1995,   3,0.0000E+00,0.0000E+00,0.0000E+00,0.0000E+00,0.0000E+00,0.0000E+00,0.0000E+00,0.0000E+00,0.0000E+00,0.0000E+00,0.0000E+00,
   92,1995,   4,0.2669E-01,0.1360E+02,0.8220E+02,0.2627E+02,0.6581E+01,0.6032E+01,0.1588E+01,0.6474E+01,0.3889E+02,0.8062E+01,0.1055E+03,
   61,1995,   4,0.7567E+00,0.5456E+03,0.5213E+03,0.1140E+04,0.2152E+03,0.2158E+03,0.1533E+02,0.4819E+02,0.1571E+04,0.6352E+02,0.6802E+03,
   86,1995,   4,0.1059E+00,0.1169E+04,0.2885E+03,0.1131E+03,0.2690E+03,0.3116E+02,0.3998E+01,0.3315E+02,0.4132E+03,0.3715E+02,0.1654E+04,
   34,1995,   4,0.1981E+02,0.1415E+05,0.3857E+04,0.7878E+04,0.1459E+05,0.2393E+04,0.6471E+02,0.1213E+03,0.2486E+05,0.1860E+03,0.1382E+05,
   64,1995,   4,0.1133E+02,0.8053E+04,0.1038E+05,0.6192E+04,0.5651E+04,0.1496E+04,0.2485E+03,0.2527E+03,0.1334E+05,0.5012E+03,0.1371E+05,
   63,1995,   4,0.0000E+00,0.0000E+00,0.0000E+00,0.0000E+00,0.0000E+00,0.0000E+00,0.0000E+00,0.0000E+00,0.0000E+00,0.0000E+00,0.0000E+00,
   59,1995,   4,0.1999E+00,0.1501E+03,0.2313E+03,0.2059E+03,0.2761E+02,0.1222E+03,0.4660E+01,0.1243E+02,0.3557E+03,0.1709E+02,0.6731E+02,
   55,1995,   4,0.4503E-01,0.3845E+02,0.8647E+01,0.1220E+01,0.1689E+02,0.1516E+01,0.8658E+00,0.3844E+01,0.1962E+02,0.4709E+01,0.7000E+01,
   65,1995,   4,0.1069E+00,0.8545E+02,0.1032E+03,0.4721E+02,0.9876E+02,0.3382E+02,0.5510E+01,0.9983E+01,0.1798E+03,0.1549E+02,0.1475E+03,
   32,1995,   4,0.6828E+00,0.4874E+03,0.7887E+02,0.2080E+02,0.9127E+02,0.3977E+02,0.7768E+01,0.4158E+02,0.1518E+03,0.4935E+02,0.1433E+03,
   53,1995,   4,0.1516E-01,0.1086E+02,0.2576E+01,0.2955E+01,0.2585E+01,0.6482E+00,0.7770E+00,0.7919E+00,0.6188E+01,0.1569E+01,0.7579E+01,
   47,1995,   4,0.0000E+00,0.0000E+00,0.0000E+00,0.0000E+00,0.0000E+00,0.0000E+00,0.0000E+00,0.0000E+00,0.0000E+00,0.0000E+00,0.0000E+00,
   81,1995,   4,0.0000E+00,0.0000E+00,0.0000E+00,0.0000E+00,0.0000E+00,0.0000E+00,0.0000E+00,0.0000E+00,0.0000E+00,0.0000E+00,0.0000E+00,
   82,1995,   4,0.4383E-01,0.3028E+02,0.0000E+00,0.0000E+00,0.0000E+00,0.1892E+01,0.0000E+00,0.1892E+02,0.1892E+01,0.1892E+02,0.3028E+02,
   79,1995,   4,0.3454E-02,0.1789E+01,0.8947E+01,0.2672E+01,0.1002E+00,0.5677E+00,0.5190E+00,0.1270E+01,0.3340E+01,0.1789E+01,0.4474E+01,
   77,1995,   4,0.2082E+00,0.1661E+03,0.1949E+03,0.3518E+02,0.9280E+02,0.2886E+02,0.1602E+02,0.4230E+02,0.1568E+03,0.5831E+02,0.2631E+03,
   85,1995,   4,0.1966E+00,0.1393E+03,0.3845E+03,0.2188E+03,0.4174E+02,0.4924E+02,0.7853E+01,0.2388E+02,0.3098E+03,0.3173E+02,0.3303E+03,
   52,1995,   4,0.0000E+00,0.0000E+00,0.0000E+00,0.0000E+00,0.0000E+00,0.0000E+00,0.0000E+00,0.0000E+00,0.0000E+00,0.0000E+00,0.0000E+00,
   56,1995,   4,0.0000E+00,0.0000E+00,0.0000E+00,0.0000E+00,0.0000E+00,0.0000E+00,0.0000E+00,0.0000E+00,0.0000E+00,0.0000E+00,0.0000E+00,
   87,1995,   4,0.0000E+00,0.0000E+00,0.0000E+00,0.0000E+00,0.0000E+00,0.0000E+00,0.0000E+00,0.0000E+00,0.0000E+00,0.0000E+00,0.0000E+00,
   44,1995,   4,0.0000E+00,0.0000E+00,0.0000E+00,0.0000E+00,0.0000E+00,0.0000E+00,0.0000E+00,0.0000E+00,0.0000E+00,0.0000E+00,0.0000E+00,
   41,1995,   4,0.0000E+00,0.0000E+00,0.0000E+00,0.0000E+00,0.0000E+00,0.0000E+00,0.0000E+00,0.0000E+00,0.0000E+00,0.0000E+00,0.0000E+00,
   49,1995,   4,0.7890E-03,0.6563E+00,0.1930E+00,0.9204E+00,0.1042E+00,0.2016E+00,0.3270E-01,0.1717E+00,0.1226E+01,0.2044E+00,0.1476E+01,
   91,1995,   4,0.3960E-01,0.2315E+02,0.1534E+02,0.1602E+02,0.3158E+02,0.5797E+01,0.8842E+00,0.3513E+01,0.5340E+02,0.4398E+01,0.4429E+02,
   51,1995,   4,0.1885E-02,0.1660E+01,0.3418E+01,0.2199E+01,0.2490E+00,0.4817E+00,0.7812E-01,0.4101E+00,0.2929E+01,0.4882E+00,0.4069E+01,
   68,1995,   4,0.0000E+00,0.0000E+00,0.0000E+00,0.0000E+00,0.0000E+00,0.0000E+00,0.0000E+00,0.0000E+00,0.0000E+00,0.0000E+00,0.0000E+00,
   54,1995,   4,0.1129E+00,0.7117E+02,0.2437E+03,0.1209E+03,0.3802E+01,0.3217E+02,0.2730E+01,0.3188E+02,0.1569E+03,0.3461E+02,0.2047E+03,
   33,1995,   4,0.0000E+00,0.0000E+00,0.0000E+00,0.0000E+00,0.0000E+00,0.0000E+00,0.0000E+00,0.0000E+00,0.0000E+00,0.0000E+00,0.0000E+00,
   80,1995,   4,0.0000E+00,0.0000E+00,0.0000E+00,0.0000E+00,0.0000E+00,0.0000E+00,0.0000E+00,0.0000E+00,0.0000E+00,0.0000E+00,0.0000E+00,
   50,1995,   4,0.0000E+00,0.0000E+00,0.0000E+00,0.0000E+00,0.0000E+00,0.0000E+00,0.0000E+00,0.0000E+00,0.0000E+00,0.0000E+00,0.0000E+00,
   58,1995,   4,0.6063E-01,0.3737E+02,0.1901E+02,0.7440E+01,0.1851E+02,0.1385E+02,0.5143E+00,0.7621E+00,0.3980E+02,0.1276E+01,0.2566E+02,
   17,1995,   4,0.6683E-01,0.5428E+02,0.6745E+02,0.2557E+02,0.3186E+02,0.2659E+02,0.4533E+01,0.1748E+02,0.8403E+02,0.2201E+02,0.6618E+02,
   95,1995,   4,0.7203E-02,0.5966E+01,0.1172E+02,0.8386E+01,0.9570E+00,0.1838E+01,0.1953E+00,0.1024E+01,0.1118E+02,0.1220E+01,0.2468E+02,
   90,1995,   4,0.0000E+00,0.0000E+00,0.0000E+00,0.0000E+00,0.0000E+00,0.0000E+00,0.0000E+00,0.0000E+00,0.0000E+00,0.0000E+00,0.0000E+00,
   15,1995,   4,0.0000E+00,0.0000E+00,0.0000E+00,0.0000E+00,0.0000E+00,0.0000E+00,0.0000E+00,0.0000E+00,0.0000E+00,0.0000E+00,0.0000E+00,
   14,1995,   4,0.4300E-01,0.1829E+02,0.2522E+02,0.3448E+02,0.3450E+03,0.3374E+02,0.2113E+02,0.5170E+02,0.4132E+03,0.7283E+02,0.2328E+02,
   31,1995,   4,0.5216E+00,0.2292E+03,0.7954E+03,0.2958E+03,0.2511E+02,0.6397E+02,0.1865E+02,0.3986E+02,0.3849E+03,0.5851E+02,0.1087E+04,
   12,1995,   4,0.1497E-01,0.7416E+01,0.2308E+02,0.1205E+02,0.1290E+02,0.3707E+01,0.1237E+01,0.3030E+01,0.2866E+02,0.4267E+01,0.5251E+02,
   23,1995,   4,0.1409E-01,0.5504E+01,0.5166E+01,0.1009E+01,0.1646E+01,0.3398E+00,0.1123E+00,0.2679E+00,0.2995E+01,0.3802E+00,0.6524E+02,
   25,1995,   4,0.9009E+01,0.7106E+04,0.1569E+05,0.1067E+05,0.2572E+04,0.2481E+04,0.2686E+03,0.5528E+03,0.1573E+05,0.8214E+03,0.2316E+05,
   18,1995,   4,0.2199E-01,0.1054E+02,0.2172E+02,0.1143E+02,0.1248E+02,0.3354E+01,0.1235E+01,0.2971E+01,0.2726E+02,0.4205E+01,0.4084E+02,
    4,1995,   4,0.4350E-01,0.1718E+02,0.5357E+01,0.1582E+01,0.4057E+01,0.6433E+00,0.3226E+00,0.8602E+00,0.6283E+01,0.1183E+01,0.1320E+03,
   74,1995,   4,0.8702E+00,0.3744E+03,0.1612E+04,0.4358E+02,0.7314E+01,0.5841E+03,0.3462E+02,0.7111E+02,0.6350E+03,0.1057E+03,0.2211E+04,
   73,1995,   4,0.1227E-03,0.4769E-01,0.3179E+00,0.4993E+00,0.6062E+01,0.5706E+00,0.2257E+00,0.5267E+00,0.7132E+01,0.7524E+00,0.9481E+00,
   69,1995,   4,0.1812E-01,0.7040E+01,0.7445E+01,0.2000E+01,0.2408E+02,0.2270E+01,0.9262E+00,0.2161E+01,0.2835E+02,0.3087E+01,0.7344E+01,
   20,1995,   4,0.8195E+00,0.4477E+03,0.1224E+04,0.1221E+04,0.7912E+03,0.3164E+03,0.1170E+03,0.2771E+03,0.2328E+04,0.3941E+03,0.1651E+04,
   36,1995,   4,0.0000E+00,0.0000E+00,0.0000E+00,0.0000E+00,0.0000E+00,0.0000E+00,0.0000E+00,0.0000E+00,0.0000E+00,0.0000E+00,0.0000E+00,
   16,1995,   4,0.3905E-03,0.1555E+00,0.1012E+01,0.1601E+01,0.1806E+02,0.1724E+01,0.6773E+00,0.1581E+01,0.2139E+02,0.2258E+01,0.2564E+01,
   26,1995,   4,0.3288E-01,0.1629E+02,0.2081E+02,0.1199E+02,0.3973E+02,0.5662E+01,0.8237E+00,0.1999E+01,0.5739E+02,0.2823E+01,0.5024E+02,
   30,1995,   4,0.4176E-02,0.1969E+01,0.9303E+01,0.4802E+01,0.4027E+01,0.1373E+01,0.3665E+00,0.8972E+00,0.1020E+02,0.1264E+01,0.9375E+01,
   66,1995,   4,0.0000E+00,0.0000E+00,0.0000E+00,0.0000E+00,0.0000E+00,0.0000E+00,0.0000E+00,0.0000E+00,0.0000E+00,0.0000E+00,0.0000E+00,
   24,1995,   4,0.1816E-02,0.7838E+00,0.4703E+01,0.2345E+01,0.8795E-01,0.4983E+00,0.1137E+00,0.2783E+00,0.2931E+01,0.3919E+00,0.3919E+01,
   10,1995,   4,0.3676E+01,0.1587E+04,0.9242E+03,0.3941E+03,0.1182E+03,0.9169E+02,0.3021E+02,0.6157E+02,0.6040E+03,0.9179E+02,0.9496E+04,
   19,1995,   4,0.3167E+01,0.1307E+04,0.4648E+04,0.3539E+04,0.4357E+03,0.7788E+03,0.1371E+03,0.2883E+03,0.4753E+04,0.4253E+03,0.6071E+04,
   11,1995,   4,0.8159E+00,0.3376E+03,0.1378E+04,0.1380E+04,0.5518E+02,0.2936E+03,0.3595E+02,0.7305E+02,0.1729E+04,0.1090E+03,0.1733E+04,
    0,1995,   4,0.5957E-02,0.2315E+01,0.6498E+01,0.2479E+00,0.3010E+01,0.2832E+00,0.1417E+00,0.3305E+00,0.3541E+01,0.4722E+00,0.1301E-02,
   62,1995,   4,0.0000E+00,0.0000E+00,0.0000E+00,0.0000E+00,0.0000E+00,0.0000E+00,0.0000E+00,0.0000E+00,0.0000E+00,0.0000E+00,0.0000E+00,
   92,1995,   5,0.2845E-01,0.1421E+02,0.9390E+02,0.2832E+02,0.6812E+01,0.6480E+01,0.1661E+01,0.6855E+01,0.4161E+02,0.8516E+01,0.1360E+03,
   61,1995,   5,0.8047E+00,0.5740E+03,0.5528E+03,0.1194E+04,0.1939E+03,0.1514E+03,0.9008E+01,0.5315E+02,0.1539E+04,0.6216E+02,0.6740E+03,
   86,1995,   5,0.1297E+00,0.1253E+04,0.3015E+03,0.1140E+03,0.3058E+03,0.5602E+02,0.6155E+01,0.4127E+02,0.4758E+03,0.4742E+02,0.1765E+04,
   34,1995,   5,0.2075E+02,0.1436E+05,0.3967E+04,0.6976E+04,0.1642E+05,0.2201E+04,0.6726E+02,0.1433E+03,0.2560E+05,0.2106E+03,0.1407E+05,
   64,1995,   5,0.1193E+02,0.8576E+04,0.1026E+05,0.5491E+04,0.5284E+04,0.1838E+04,0.2190E+03,0.3568E+03,0.1261E+05,0.5758E+03,0.1252E+05,
   63,1995,   5,0.0000E+00,0.0000E+00,0.0000E+00,0.0000E+00,0.0000E+00,0.0000E+00,0.0000E+00,0.0000E+00,0.0000E+00,0.0000E+00,0.0000E+00,
   59,1995,   5,0.2092E+00,0.1445E+03,0.1210E+03,0.8490E+01,0.3071E+02,0.3504E+02,0.1807E+01,0.3071E+02,0.7424E+02,0.3252E+02,0.9213E+02,
   55,1995,   5,0.5084E-01,0.4008E+02,0.8984E+01,0.1566E+01,0.2812E+02,0.6452E+01,0.1032E+01,0.4006E+01,0.3613E+02,0.5038E+01,0.7827E+01,
   65,1995,   5,0.1131E+00,0.8163E+02,0.1066E+03,0.6011E+02,0.9559E+02,0.2520E+02,0.3556E+01,0.1047E+02,0.1809E+03,0.1403E+02,0.1348E+03,
   32,1995,   5,0.7262E+00,0.5079E+03,0.8345E+02,0.2873E+02,0.8115E+02,0.4218E+02,0.9116E+01,0.5445E+02,0.1521E+03,0.6357E+02,0.1496E+03,
   53,1995,   5,0.1741E-01,0.1171E+02,0.2995E+01,0.3184E+01,0.4133E+01,0.6986E+00,0.1183E+01,0.1018E+01,0.8016E+01,0.2202E+01,0.5905E+01,
   47,1995,   5,0.0000E+00,0.0000E+00,0.0000E+00,0.0000E+00,0.0000E+00,0.0000E+00,0.0000E+00,0.0000E+00,0.0000E+00,0.0000E+00,0.0000E+00,
   81,1995,   5,0.0000E+00,0.0000E+00,0.0000E+00,0.0000E+00,0.0000E+00,0.0000E+00,0.0000E+00,0.0000E+00,0.0000E+00,0.0000E+00,0.0000E+00,
   82,1995,   5,0.4383E-01,0.3028E+02,0.0000E+00,0.0000E+00,0.0000E+00,0.1892E+01,0.0000E+00,0.1892E+02,0.1892E+01,0.1892E+02,0.3028E+02,
   79,1995,   5,0.3454E-02,0.1789E+01,0.8947E+01,0.2672E+01,0.1002E+00,0.5677E+00,0.5190E+00,0.1270E+01,0.3340E+01,0.1789E+01,0.4474E+01,
   77,1995,   5,0.2434E+00,0.1902E+03,0.2564E+03,0.7659E+02,0.2308E+03,0.5553E+02,0.2666E+02,0.3060E+02,0.3629E+03,0.5726E+02,0.3580E+03,
   85,1995,   5,0.2237E+00,0.1539E+03,0.3902E+03,0.2506E+03,0.4533E+02,0.5619E+02,0.8554E+01,0.2558E+02,0.3521E+03,0.3414E+02,0.3436E+03,
   52,1995,   5,0.0000E+00,0.0000E+00,0.0000E+00,0.0000E+00,0.0000E+00,0.0000E+00,0.0000E+00,0.0000E+00,0.0000E+00,0.0000E+00,0.0000E+00,
   56,1995,   5,0.0000E+00,0.0000E+00,0.0000E+00,0.0000E+00,0.0000E+00,0.0000E+00,0.0000E+00,0.0000E+00,0.0000E+00,0.0000E+00,0.0000E+00,
   87,1995,   5,0.0000E+00,0.0000E+00,0.0000E+00,0.0000E+00,0.0000E+00,0.0000E+00,0.0000E+00,0.0000E+00,0.0000E+00,0.0000E+00,0.0000E+00,
   44,1995,   5,0.0000E+00,0.0000E+00,0.0000E+00,0.0000E+00,0.0000E+00,0.0000E+00,0.0000E+00,0.0000E+00,0.0000E+00,0.0000E+00,0.0000E+00,
   41,1995,   5,0.0000E+00,0.0000E+00,0.0000E+00,0.0000E+00,0.0000E+00,0.0000E+00,0.0000E+00,0.0000E+00,0.0000E+00,0.0000E+00,0.0000E+00,
   49,1995,   5,0.1096E-02,0.8686E+00,0.3217E+00,0.1278E+01,0.1448E+00,0.2801E+00,0.4542E-01,0.2384E+00,0.1703E+01,0.2839E+00,0.1438E+01,
   91,1995,   5,0.4473E-01,0.2637E+02,0.2121E+02,0.2201E+02,0.3226E+02,0.7107E+01,0.1097E+01,0.4629E+01,0.6137E+02,0.5726E+01,0.4640E+02,
   51,1995,   5,0.2674E-02,0.2032E+01,0.3694E+01,0.3119E+01,0.3532E+00,0.6833E+00,0.1108E+00,0.5818E+00,0.4156E+01,0.6926E+00,0.7388E+01,
   68,1995,   5,0.0000E+00,0.0000E+00,0.0000E+00,0.0000E+00,0.0000E+00,0.0000E+00,0.0000E+00,0.0000E+00,0.0000E+00,0.0000E+00,0.0000E+00,
   54,1995,   5,0.1154E+00,0.7075E+02,0.2591E+03,0.5351E+02,0.5720E+02,0.3079E+02,0.6179E+01,0.3000E+02,0.1415E+03,0.3617E+02,0.2093E+03,
   33,1995,   5,0.0000E+00,0.0000E+00,0.0000E+00,0.0000E+00,0.0000E+00,0.0000E+00,0.0000E+00,0.0000E+00,0.0000E+00,0.0000E+00,0.0000E+00,
   80,1995,   5,0.0000E+00,0.0000E+00,0.0000E+00,0.0000E+00,0.0000E+00,0.0000E+00,0.0000E+00,0.0000E+00,0.0000E+00,0.0000E+00,0.0000E+00,
   50,1995,   5,0.0000E+00,0.0000E+00,0.0000E+00,0.0000E+00,0.0000E+00,0.0000E+00,0.0000E+00,0.0000E+00,0.0000E+00,0.0000E+00,0.0000E+00,
   58,1995,   5,0.6778E-01,0.4435E+02,0.1718E+02,0.1511E+02,0.3185E+02,0.9188E+01,0.8408E+00,0.1066E+01,0.5614E+02,0.1907E+01,0.2199E+02,
   17,1995,   5,0.5508E-01,0.3884E+02,0.5676E+02,0.1822E+02,0.2962E+02,0.1387E+02,0.2044E+01,0.8199E+01,0.6171E+02,0.1024E+02,0.1333E+03,
   95,1995,   5,0.8123E-02,0.5332E+01,0.7945E+01,0.9460E+01,0.1079E+01,0.2073E+01,0.2228E+00,0.1169E+01,0.1261E+02,0.1392E+01,0.2854E+02,
   90,1995,   5,0.0000E+00,0.0000E+00,0.0000E+00,0.0000E+00,0.0000E+00,0.0000E+00,0.0000E+00,0.0000E+00,0.0000E+00,0.0000E+00,0.0000E+00,
   15,1995,   5,0.0000E+00,0.0000E+00,0.0000E+00,0.0000E+00,0.0000E+00,0.0000E+00,0.0000E+00,0.0000E+00,0.0000E+00,0.0000E+00,0.0000E+00,
   14,1995,   5,0.4300E-01,0.1829E+02,0.2761E+02,0.3448E+02,0.3450E+03,0.3374E+02,0.2113E+02,0.5170E+02,0.4132E+03,0.7283E+02,0.3060E+02,
   31,1995,   5,0.5216E+00,0.2292E+03,0.7954E+03,0.2958E+03,0.2511E+02,0.6397E+02,0.1865E+02,0.3986E+02,0.3849E+03,0.5851E+02,0.1087E+04,
   12,1995,   5,0.1493E-01,0.7397E+01,0.2299E+02,0.1198E+02,0.1290E+02,0.3693E+01,0.1230E+01,0.3012E+01,0.2857E+02,0.4243E+01,0.5240E+02,
   23,1995,   5,0.1409E-01,0.5504E+01,0.5166E+01,0.1009E+01,0.1646E+01,0.3398E+00,0.1123E+00,0.2679E+00,0.2995E+01,0.3802E+00,0.6524E+02,
   25,1995,   5,0.9010E+01,0.7107E+04,0.1569E+05,0.1067E+05,0.2572E+04,0.2482E+04,0.2686E+03,0.5528E+03,0.1573E+05,0.8215E+03,0.2316E+05,
   18,1995,   5,0.2199E-01,0.1054E+02,0.2172E+02,0.1143E+02,0.1248E+02,0.3354E+01,0.1235E+01,0.2971E+01,0.2726E+02,0.4205E+01,0.4084E+02,
    4,1995,   5,0.4350E-01,0.1718E+02,0.5357E+01,0.1582E+01,0.4057E+01,0.6433E+00,0.3226E+00,0.8602E+00,0.6283E+01,0.1183E+01,0.1320E+03,
   74,1995,   5,0.8704E+00,0.3745E+03,0.1612E+04,0.4358E+02,0.7355E+01,0.5841E+03,0.3463E+02,0.7113E+02,0.6351E+03,0.1058E+03,0.2211E+04,
   73,1995,   5,0.1227E-03,0.4769E-01,0.3179E+00,0.4993E+00,0.6062E+01,0.5706E+00,0.2257E+00,0.5267E+00,0.7132E+01,0.7524E+00,0.9481E+00,
   69,1995,   5,0.1812E-01,0.7040E+01,0.7445E+01,0.2000E+01,0.2408E+02,0.2270E+01,0.9262E+00,0.2161E+01,0.2835E+02,0.3087E+01,0.7344E+01,
   20,1995,   5,0.8195E+00,0.4477E+03,0.1244E+04,0.1221E+04,0.7912E+03,0.3164E+03,0.1170E+03,0.2771E+03,0.2328E+04,0.3941E+03,0.1641E+04,
   36,1995,   5,0.0000E+00,0.0000E+00,0.0000E+00,0.0000E+00,0.0000E+00,0.0000E+00,0.0000E+00,0.0000E+00,0.0000E+00,0.0000E+00,0.0000E+00,
   16,1995,   5,0.3905E-03,0.1555E+00,0.1012E+01,0.1601E+01,0.1806E+02,0.1724E+01,0.6773E+00,0.1581E+01,0.2139E+02,0.2258E+01,0.2564E+01,
   26,1995,   5,0.3288E-01,0.1629E+02,0.2081E+02,0.1199E+02,0.3973E+02,0.5662E+01,0.8237E+00,0.1999E+01,0.5739E+02,0.2823E+01,0.5024E+02,
   30,1995,   5,0.4176E-02,0.1969E+01,0.9303E+01,0.4802E+01,0.4027E+01,0.1373E+01,0.3665E+00,0.8972E+00,0.1020E+02,0.1264E+01,0.9375E+01,
   66,1995,   5,0.0000E+00,0.0000E+00,0.0000E+00,0.0000E+00,0.0000E+00,0.0000E+00,0.0000E+00,0.0000E+00,0.0000E+00,0.0000E+00,0.0000E+00,
   24,1995,   5,0.1816E-02,0.7838E+00,0.4703E+01,0.2345E+01,0.8795E-01,0.4983E+00,0.1137E+00,0.2783E+00,0.2931E+01,0.3919E+00,0.3919E+01,
   10,1995,   5,0.3676E+01,0.1587E+04,0.9242E+03,0.3941E+03,0.1182E+03,0.9169E+02,0.3021E+02,0.6157E+02,0.6040E+03,0.9179E+02,0.9496E+04,
   19,1995,   5,0.3166E+01,0.1306E+04,0.4643E+04,0.3534E+04,0.4324E+03,0.7780E+03,0.1368E+03,0.2876E+03,0.4744E+04,0.4244E+03,0.6065E+04,
   11,1995,   5,0.8159E+00,0.3376E+03,0.1378E+04,0.1380E+04,0.5518E+02,0.2936E+03,0.3595E+02,0.7305E+02,0.1729E+04,0.1090E+03,0.1733E+04,
    0,1995,   5,0.5957E-02,0.2315E+01,0.6498E+01,0.2479E+00,0.3010E+01,0.2832E+00,0.1417E+00,0.3305E+00,0.3541E+01,0.4722E+00,0.1301E-02,
   62,1995,   5,0.0000E+00,0.0000E+00,0.0000E+00,0.0000E+00,0.0000E+00,0.0000E+00,0.0000E+00,0.0000E+00,0.0000E+00,0.0000E+00,0.0000E+00,
   92,1995,   6,0.2853E-01,0.1372E+02,0.7354E+02,0.2842E+02,0.6824E+01,0.6503E+01,0.1664E+01,0.6874E+01,0.4175E+02,0.8539E+01,0.1010E+03,
   61,1995,   6,0.7385E+00,0.5180E+03,0.7926E+03,0.1009E+04,0.2221E+03,0.2180E+03,0.2399E+02,0.3695E+02,0.1449E+04,0.6094E+02,0.5662E+03,
   86,1995,   6,0.1107E+00,0.1914E+04,0.4262E+03,0.1121E+03,0.4014E+03,0.3532E+02,0.6298E+01,0.4323E+02,0.5489E+03,0.4952E+02,0.2670E+04,
   34,1995,   6,0.2076E+02,0.1272E+05,0.3886E+04,0.7343E+04,0.1516E+05,0.2506E+04,0.7953E+02,0.1707E+03,0.2500E+05,0.2503E+03,0.1378E+05,
   64,1995,   6,0.1167E+02,0.7790E+04,0.1021E+05,0.6627E+04,0.4870E+04,0.1451E+04,0.2308E+03,0.3042E+03,0.1295E+05,0.5349E+03,0.1322E+05,
   63,1995,   6,0.0000E+00,0.0000E+00,0.0000E+00,0.0000E+00,0.0000E+00,0.0000E+00,0.0000E+00,0.0000E+00,0.0000E+00,0.0000E+00,0.0000E+00,
   59,1995,   6,0.2119E+00,0.1390E+03,0.2927E+02,0.2744E+01,0.2470E+02,0.7867E+01,0.7684E+01,0.2744E+02,0.3531E+02,0.3513E+02,0.4391E+02,
   55,1995,   6,0.4543E-01,0.3305E+02,0.5535E+01,0.1641E+01,0.1572E+02,0.5790E+01,0.1329E+01,0.3250E+01,0.2315E+02,0.4579E+01,0.5069E+01,
   65,1995,   6,0.1045E+00,0.7015E+02,0.8721E+02,0.7675E+02,0.7722E+02,0.2339E+02,0.2826E+01,0.1096E+02,0.1774E+03,0.1379E+02,0.1352E+03,
   32,1995,   6,0.7169E+00,0.4871E+03,0.2582E+02,0.2857E+02,0.1354E+03,0.4900E+02,0.2234E+01,0.5533E+02,0.2130E+03,0.5756E+02,0.1520E+03,
   53,1995,   6,0.1497E-01,0.9931E+01,0.4446E+01,0.2393E+01,0.5423E+01,0.5311E+00,0.1143E+01,0.9946E+00,0.8348E+01,0.2138E+01,0.6415E+01,
   47,1995,   6,0.0000E+00,0.0000E+00,0.0000E+00,0.0000E+00,0.0000E+00,0.0000E+00,0.0000E+00,0.0000E+00,0.0000E+00,0.0000E+00,0.0000E+00,
   81,1995,   6,0.0000E+00,0.0000E+00,0.0000E+00,0.0000E+00,0.0000E+00,0.0000E+00,0.0000E+00,0.0000E+00,0.0000E+00,0.0000E+00,0.0000E+00,
   82,1995,   6,0.4383E-01,0.3028E+02,0.0000E+00,0.0000E+00,0.0000E+00,0.1892E+01,0.0000E+00,0.1892E+02,0.1892E+01,0.1892E+02,0.3028E+02,
   79,1995,   6,0.3454E-02,0.1789E+01,0.8947E+01,0.2672E+01,0.1002E+00,0.5677E+00,0.5190E+00,0.1270E+01,0.3340E+01,0.1789E+01,0.4474E+01,
   77,1995,   6,0.1959E+00,0.1374E+03,0.1237E+03,0.3864E+02,0.1075E+03,0.2583E+02,0.3817E+01,0.4906E+02,0.1720E+03,0.5288E+02,0.2166E+03,
   85,1995,   6,0.2283E+00,0.1484E+03,0.3613E+03,0.2558E+03,0.4598E+02,0.5735E+02,0.8205E+01,0.2484E+02,0.3591E+03,0.3304E+02,0.2662E+03,
   52,1995,   6,0.0000E+00,0.0000E+00,0.0000E+00,0.0000E+00,0.0000E+00,0.0000E+00,0.0000E+00,0.0000E+00,0.0000E+00,0.0000E+00,0.0000E+00,
   56,1995,   6,0.0000E+00,0.0000E+00,0.0000E+00,0.0000E+00,0.0000E+00,0.0000E+00,0.0000E+00,0.0000E+00,0.0000E+00,0.0000E+00,0.0000E+00,
   87,1995,   6,0.0000E+00,0.0000E+00,0.0000E+00,0.0000E+00,0.0000E+00,0.0000E+00,0.0000E+00,0.0000E+00,0.0000E+00,0.0000E+00,0.0000E+00,
   44,1995,   6,0.0000E+00,0.0000E+00,0.0000E+00,0.0000E+00,0.0000E+00,0.0000E+00,0.0000E+00,0.0000E+00,0.0000E+00,0.0000E+00,0.0000E+00,
   41,1995,   6,0.0000E+00,0.0000E+00,0.0000E+00,0.0000E+00,0.0000E+00,0.0000E+00,0.0000E+00,0.0000E+00,0.0000E+00,0.0000E+00,0.0000E+00,
   49,1995,   6,0.1052E-02,0.7501E+00,0.2388E+01,0.1227E+01,0.1390E+00,0.2688E+00,0.4360E-01,0.2289E+00,0.1635E+01,0.2725E+00,0.5639E+00,
   91,1995,   6,0.4158E-01,0.2343E+02,0.2461E+02,0.1833E+02,0.3184E+02,0.6301E+01,0.9659E+00,0.3943E+01,0.5647E+02,0.4909E+01,0.5027E+02,
   51,1995,   6,0.3331E-02,0.2474E+01,0.6903E+01,0.3886E+01,0.4401E+00,0.8513E+00,0.1381E+00,0.7249E+00,0.5177E+01,0.8629E+00,0.7479E+01,
   68,1995,   6,0.0000E+00,0.0000E+00,0.0000E+00,0.0000E+00,0.0000E+00,0.0000E+00,0.0000E+00,0.0000E+00,0.0000E+00,0.0000E+00,0.0000E+00,
   54,1995,   6,0.1170E+00,0.6467E+02,0.2122E+03,0.5103E+02,0.4103E+02,0.1344E+02,0.4952E+01,0.2536E+02,0.1055E+03,0.3032E+02,0.1516E+03,
   33,1995,   6,0.0000E+00,0.0000E+00,0.0000E+00,0.0000E+00,0.0000E+00,0.0000E+00,0.0000E+00,0.0000E+00,0.0000E+00,0.0000E+00,0.0000E+00,
   80,1995,   6,0.0000E+00,0.0000E+00,0.0000E+00,0.0000E+00,0.0000E+00,0.0000E+00,0.0000E+00,0.0000E+00,0.0000E+00,0.0000E+00,0.0000E+00,
   50,1995,   6,0.0000E+00,0.0000E+00,0.0000E+00,0.0000E+00,0.0000E+00,0.0000E+00,0.0000E+00,0.0000E+00,0.0000E+00,0.0000E+00,0.0000E+00,
   58,1995,   6,0.6471E-01,0.3850E+02,0.2483E+02,0.3812E+01,0.4067E+02,0.5590E+01,0.4025E+00,0.9641E+00,0.5007E+02,0.1367E+01,0.1863E+02,
   17,1995,   6,0.7950E-01,0.5477E+02,0.8628E+02,0.2361E+02,0.3788E+02,0.2939E+02,0.2210E+01,0.2128E+02,0.9088E+02,0.2349E+02,0.2622E+03,
   95,1995,   6,0.6983E-02,0.4430E+01,0.5258E+01,0.8131E+01,0.9281E+00,0.1782E+01,0.1833E+00,0.9587E+00,0.1084E+02,0.1142E+01,0.2560E+02,
   90,1995,   6,0.0000E+00,0.0000E+00,0.0000E+00,0.0000E+00,0.0000E+00,0.0000E+00,0.0000E+00,0.0000E+00,0.0000E+00,0.0000E+00,0.0000E+00,
   15,1995,   6,0.0000E+00,0.0000E+00,0.0000E+00,0.0000E+00,0.0000E+00,0.0000E+00,0.0000E+00,0.0000E+00,0.0000E+00,0.0000E+00,0.0000E+00,
   14,1995,   6,0.4300E-01,0.1829E+02,0.2479E+02,0.3448E+02,0.3450E+03,0.3374E+02,0.2113E+02,0.5170E+02,0.4132E+03,0.7283E+02,0.2878E+02,
   31,1995,   6,0.5216E+00,0.2292E+03,0.7954E+03,0.2958E+03,0.2511E+02,0.6397E+02,0.1865E+02,0.3986E+02,0.3849E+03,0.5851E+02,0.1087E+04,
   12,1995,   6,0.1467E-01,0.7284E+01,0.2242E+02,0.1158E+02,0.1288E+02,0.3608E+01,0.1187E+01,0.2908E+01,0.2807E+02,0.4095E+01,0.5172E+02,
   23,1995,   6,0.1409E-01,0.5504E+01,0.5166E+01,0.1009E+01,0.1646E+01,0.3398E+00,0.1123E+00,0.2679E+00,0.2995E+01,0.3802E+00,0.6524E+02,
   25,1995,   6,0.9009E+01,0.7106E+04,0.1569E+05,0.1067E+05,0.2572E+04,0.2481E+04,0.2686E+03,0.5528E+03,0.1573E+05,0.8214E+03,0.2316E+05,
   18,1995,   6,0.2199E-01,0.7858E+02,0.3418E+03,0.1108E+03,0.6601E+02,0.3730E+02,0.3165E+01,0.8762E+01,0.2141E+03,0.1193E+02,0.2768E+03,
    4,1995,   6,0.4350E-01,0.1718E+02,0.5357E+01,0.1582E+01,0.4057E+01,0.6433E+00,0.3226E+00,0.8602E+00,0.6283E+01,0.1183E+01,0.1320E+03,
   74,1995,   6,0.8717E+00,0.3751E+03,0.1612E+04,0.4360E+02,0.7510E+01,0.5842E+03,0.3466E+02,0.7121E+02,0.6353E+03,0.1059E+03,0.2211E+04,
   73,1995,   6,0.1227E-03,0.4769E-01,0.3179E+00,0.4993E+00,0.6062E+01,0.5706E+00,0.2257E+00,0.5267E+00,0.7132E+01,0.7524E+00,0.9481E+00,
   69,1995,   6,0.1812E-01,0.7040E+01,0.7445E+01,0.2000E+01,0.2408E+02,0.2270E+01,0.9262E+00,0.2161E+01,0.2835E+02,0.3087E+01,0.7344E+01,
   20,1995,   6,0.8195E+00,0.4477E+03,0.1274E+04,0.1221E+04,0.7912E+03,0.3164E+03,0.1170E+03,0.2771E+03,0.2328E+04,0.3941E+03,0.1582E+04,
   36,1995,   6,0.0000E+00,0.0000E+00,0.0000E+00,0.0000E+00,0.0000E+00,0.0000E+00,0.0000E+00,0.0000E+00,0.0000E+00,0.0000E+00,0.0000E+00,
   16,1995,   6,0.3905E-03,0.1555E+00,0.1012E+01,0.1601E+01,0.1806E+02,0.1724E+01,0.6773E+00,0.1581E+01,0.2139E+02,0.2258E+01,0.2564E+01,
   26,1995,   6,0.3288E-01,0.1629E+02,0.2081E+02,0.1199E+02,0.3973E+02,0.5662E+01,0.8237E+00,0.1999E+01,0.5739E+02,0.2823E+01,0.5024E+02,
   30,1995,   6,0.4176E-02,0.1969E+01,0.9303E+01,0.4802E+01,0.4027E+01,0.1373E+01,0.3665E+00,0.8972E+00,0.1020E+02,0.1264E+01,0.9375E+01,
   66,1995,   6,0.0000E+00,0.0000E+00,0.0000E+00,0.0000E+00,0.0000E+00,0.0000E+00,0.0000E+00,0.0000E+00,0.0000E+00,0.0000E+00,0.0000E+00,
   24,1995,   6,0.1816E-02,0.7838E+00,0.4703E+01,0.2345E+01,0.8795E-01,0.4983E+00,0.1137E+00,0.2783E+00,0.2931E+01,0.3919E+00,0.3919E+01,
   10,1995,   6,0.3676E+01,0.1587E+04,0.9242E+03,0.3941E+03,0.1182E+03,0.9169E+02,0.3021E+02,0.6157E+02,0.6040E+03,0.9179E+02,0.9496E+04,
   19,1995,   6,0.3167E+01,0.1306E+04,0.4647E+04,0.3537E+04,0.4347E+03,0.7786E+03,0.1370E+03,0.2881E+03,0.4751E+04,0.4251E+03,0.6069E+04,
   11,1995,   6,0.8159E+00,0.3376E+03,0.1378E+04,0.1380E+04,0.5518E+02,0.2936E+03,0.3595E+02,0.7305E+02,0.1729E+04,0.1090E+03,0.1733E+04,
    0,1995,   6,0.5957E-02,0.2315E+01,0.6498E+01,0.2479E+00,0.3010E+01,0.2832E+00,0.1417E+00,0.3305E+00,0.3541E+01,0.4722E+00,0.1301E-02,
   62,1995,   6,0.0000E+00,0.0000E+00,0.0000E+00,0.0000E+00,0.0000E+00,0.0000E+00,0.0000E+00,0.0000E+00,0.0000E+00,0.0000E+00,0.0000E+00,
   92,1995,   7,0.2726E-01,0.1319E+02,0.8753E+02,0.2694E+02,0.6656E+01,0.6178E+01,0.1612E+01,0.6598E+01,0.3977E+02,0.8209E+01,0.1104E+03,
   61,1995,   7,0.7522E+00,0.5057E+03,0.6558E+03,0.1138E+04,0.6192E+03,0.2372E+03,0.7871E+01,0.4580E+02,0.1994E+04,0.5367E+02,0.6672E+03,
   86,1995,   7,0.1012E+00,0.2201E+04,0.4510E+03,0.1149E+03,0.4580E+03,0.3620E+02,0.5280E+01,0.4445E+02,0.6091E+03,0.4973E+02,0.3043E+04,
   34,1995,   7,0.2123E+02,0.1197E+05,0.4548E+04,0.6596E+04,0.1634E+05,0.2270E+04,0.1033E+03,0.2300E+03,0.2520E+05,0.3332E+03,0.1702E+05,
   64,1995,   7,0.1163E+02,0.6954E+04,0.6275E+04,0.5577E+04,0.5488E+04,0.9790E+03,0.2236E+03,0.2950E+03,0.1204E+05,0.5186E+03,0.1097E+05,
   63,1995,   7,0.0000E+00,0.0000E+00,0.0000E+00,0.0000E+00,0.0000E+00,0.0000E+00,0.0000E+00,0.0000E+00,0.0000E+00,0.0000E+00,0.0000E+00,
   59,1995,   7,0.2116E+00,0.1334E+03,0.2558E+02,0.9867E+01,0.4385E+01,0.1316E+02,0.1462E+01,0.3015E+02,0.2741E+02,0.3161E+02,0.5482E+02,
   55,1995,   7,0.4668E-01,0.3228E+02,0.6471E+01,0.2121E+01,0.1854E+02,0.5104E+01,0.2152E+01,0.5749E+01,0.2576E+02,0.7901E+01,0.9786E+01,
   65,1995,   7,0.1013E+00,0.6375E+02,0.8453E+02,0.7582E+02,0.8763E+02,0.2287E+02,0.3449E+01,0.9272E+01,0.1863E+03,0.1272E+02,0.1233E+03,
   32,1995,   7,0.7370E+00,0.4885E+03,0.2197E+02,0.4238E+02,0.4770E+02,0.4914E+02,0.2284E+01,0.4481E+02,0.1392E+03,0.4710E+02,0.1539E+03,
   53,1995,   7,0.1644E-01,0.1036E+02,0.2858E+01,0.2194E+01,0.5842E+01,0.4780E+00,0.1190E+01,0.1283E+01,0.8514E+01,0.2473E+01,0.5588E+01,
   47,1995,   7,0.0000E+00,0.0000E+00,0.0000E+00,0.0000E+00,0.0000E+00,0.0000E+00,0.0000E+00,0.0000E+00,0.0000E+00,0.0000E+00,0.0000E+00,
   81,1995,   7,0.0000E+00,0.0000E+00,0.0000E+00,0.0000E+00,0.0000E+00,0.0000E+00,0.0000E+00,0.0000E+00,0.0000E+00,0.0000E+00,0.0000E+00,
   82,1995,   7,0.4383E-01,0.3028E+02,0.0000E+00,0.0000E+00,0.0000E+00,0.1892E+01,0.0000E+00,0.1892E+02,0.1892E+01,0.1892E+02,0.3028E+02,
   79,1995,   7,0.3454E-02,0.1789E+01,0.8947E+01,0.2672E+01,0.1002E+00,0.5677E+00,0.5190E+00,0.1270E+01,0.3340E+01,0.1789E+01,0.4474E+01,
   77,1995,   7,0.1939E+00,0.1397E+03,0.1441E+03,0.2514E+02,0.1374E+03,0.3345E+02,0.5840E+01,0.5231E+02,0.1960E+03,0.5815E+02,0.2258E+03,
   85,1995,   7,0.2244E+00,0.1412E+03,0.3644E+03,0.2513E+03,0.4546E+02,0.5635E+02,0.9751E+01,0.2934E+02,0.3531E+03,0.3909E+02,0.2597E+03,
   52,1995,   7,0.0000E+00,0.0000E+00,0.0000E+00,0.0000E+00,0.0000E+00,0.0000E+00,0.0000E+00,0.0000E+00,0.0000E+00,0.0000E+00,0.0000E+00,
   56,1995,   7,0.0000E+00,0.0000E+00,0.0000E+00,0.0000E+00,0.0000E+00,0.0000E+00,0.0000E+00,0.0000E+00,0.0000E+00,0.0000E+00,0.0000E+00,
   87,1995,   7,0.0000E+00,0.0000E+00,0.0000E+00,0.0000E+00,0.0000E+00,0.0000E+00,0.0000E+00,0.0000E+00,0.0000E+00,0.0000E+00,0.0000E+00,
   44,1995,   7,0.0000E+00,0.0000E+00,0.0000E+00,0.0000E+00,0.0000E+00,0.0000E+00,0.0000E+00,0.0000E+00,0.0000E+00,0.0000E+00,0.0000E+00,
   41,1995,   7,0.0000E+00,0.0000E+00,0.0000E+00,0.0000E+00,0.0000E+00,0.0000E+00,0.0000E+00,0.0000E+00,0.0000E+00,0.0000E+00,0.0000E+00,
   49,1995,   7,0.1183E-02,0.8209E+00,0.1374E+01,0.1381E+01,0.1563E+00,0.3025E+00,0.4905E-01,0.2575E+00,0.1839E+01,0.3066E+00,0.1113E+01,
   91,1995,   7,0.4105E-01,0.2220E+02,0.2488E+02,0.1771E+02,0.3177E+02,0.6166E+01,0.9441E+00,0.3828E+01,0.5565E+02,0.4772E+01,0.4414E+02,
   51,1995,   7,0.3200E-02,0.2459E+01,0.2487E+01,0.3733E+01,0.4227E+00,0.8178E+00,0.1326E+00,0.6962E+00,0.4973E+01,0.8289E+00,0.4973E+01,
   68,1995,   7,0.0000E+00,0.0000E+00,0.0000E+00,0.0000E+00,0.0000E+00,0.0000E+00,0.0000E+00,0.0000E+00,0.0000E+00,0.0000E+00,0.0000E+00,
   54,1995,   7,0.1195E+00,0.6706E+02,0.2270E+03,0.1341E+03,0.4333E+02,0.2579E+02,0.5881E+01,0.3209E+02,0.2032E+03,0.3797E+02,0.1341E+03,
   33,1995,   7,0.0000E+00,0.0000E+00,0.0000E+00,0.0000E+00,0.0000E+00,0.0000E+00,0.0000E+00,0.0000E+00,0.0000E+00,0.0000E+00,0.0000E+00,
   80,1995,   7,0.0000E+00,0.0000E+00,0.0000E+00,0.0000E+00,0.0000E+00,0.0000E+00,0.0000E+00,0.0000E+00,0.0000E+00,0.0000E+00,0.0000E+00,
   50,1995,   7,0.0000E+00,0.0000E+00,0.0000E+00,0.0000E+00,0.0000E+00,0.0000E+00,0.0000E+00,0.0000E+00,0.0000E+00,0.0000E+00,0.0000E+00,
   58,1995,   7,0.6743E-01,0.4029E+02,0.2572E+02,0.1910E+01,0.4340E+02,0.6082E+01,0.3243E+00,0.1038E+01,0.5139E+02,0.1362E+01,0.2129E+02,
   17,1995,   7,0.7332E-01,0.5197E+02,0.6914E+02,0.3169E+02,0.3745E+02,0.2356E+02,0.4042E+01,0.1978E+02,0.9270E+02,0.2382E+02,0.1688E+03,
   95,1995,   7,0.7334E-02,0.4130E+01,0.1137E+02,0.8540E+01,0.9744E+00,0.1871E+01,0.2056E+00,0.1082E+01,0.1139E+02,0.1288E+01,0.4833E+02,
   90,1995,   7,0.0000E+00,0.0000E+00,0.0000E+00,0.0000E+00,0.0000E+00,0.0000E+00,0.0000E+00,0.0000E+00,0.0000E+00,0.0000E+00,0.0000E+00,
   15,1995,   7,0.0000E+00,0.0000E+00,0.0000E+00,0.0000E+00,0.0000E+00,0.0000E+00,0.0000E+00,0.0000E+00,0.0000E+00,0.0000E+00,0.0000E+00,
   14,1995,   7,0.4300E-01,0.1829E+02,0.2489E+02,0.3448E+02,0.3450E+03,0.3374E+02,0.2113E+02,0.5170E+02,0.4132E+03,0.7283E+02,0.3271E+02,
   31,1995,   7,0.5216E+00,0.2292E+03,0.7954E+03,0.2958E+03,0.2511E+02,0.6397E+02,0.1865E+02,0.3986E+02,0.3849E+03,0.5851E+02,0.1087E+04,
   12,1995,   7,0.1454E-01,0.7227E+01,0.2214E+02,0.1138E+02,0.1288E+02,0.3566E+01,0.1166E+01,0.2855E+01,0.2782E+02,0.4021E+01,0.5138E+02,
   23,1995,   7,0.1409E-01,0.5504E+01,0.5166E+01,0.1009E+01,0.1646E+01,0.3398E+00,0.1123E+00,0.2679E+00,0.2995E+01,0.3802E+00,0.6524E+02,
   25,1995,   7,0.9239E+01,0.7218E+04,0.1668E+05,0.1070E+05,0.2594E+04,0.2591E+04,0.2845E+03,0.5568E+03,0.1588E+05,0.8413E+03,0.2574E+05,
   18,1995,   7,0.2199E-01,0.7858E+02,0.3418E+03,0.1108E+03,0.6601E+02,0.3730E+02,0.3165E+01,0.8762E+01,0.2141E+03,0.1193E+02,0.2768E+03,
    4,1995,   7,0.4350E-01,0.1718E+02,0.5357E+01,0.1582E+01,0.4057E+01,0.6433E+00,0.3226E+00,0.8602E+00,0.6283E+01,0.1183E+01,0.1320E+03,
   74,1995,   7,0.8731E+00,0.3757E+03,0.1612E+04,0.4405E+02,0.1272E+02,0.5850E+03,0.3473E+02,0.7135E+02,0.6418E+03,0.1061E+03,0.2211E+04,
   73,1995,   7,0.1227E-03,0.4769E-01,0.3179E+00,0.4993E+00,0.6062E+01,0.5706E+00,0.2257E+00,0.5267E+00,0.7132E+01,0.7524E+00,0.9481E+00,
   69,1995,   7,0.1812E-01,0.7040E+01,0.7445E+01,0.2000E+01,0.2408E+02,0.2270E+01,0.9262E+00,0.2161E+01,0.2835E+02,0.3087E+01,0.7344E+01,
   20,1995,   7,0.8195E+00,0.4477E+03,0.1251E+04,0.1221E+04,0.7912E+03,0.3164E+03,0.1170E+03,0.2771E+03,0.2328E+04,0.3941E+03,0.1579E+04,
   36,1995,   7,0.0000E+00,0.0000E+00,0.0000E+00,0.0000E+00,0.0000E+00,0.0000E+00,0.0000E+00,0.0000E+00,0.0000E+00,0.0000E+00,0.0000E+00,
   16,1995,   7,0.3905E-03,0.1555E+00,0.1012E+01,0.1601E+01,0.1806E+02,0.1724E+01,0.6773E+00,0.1581E+01,0.2139E+02,0.2258E+01,0.2564E+01,
   26,1995,   7,0.3288E-01,0.1629E+02,0.2081E+02,0.1199E+02,0.3973E+02,0.5662E+01,0.8237E+00,0.1999E+01,0.5739E+02,0.2823E+01,0.5024E+02,
   30,1995,   7,0.4176E-02,0.1969E+01,0.9303E+01,0.4802E+01,0.4027E+01,0.1373E+01,0.3665E+00,0.8972E+00,0.1020E+02,0.1264E+01,0.9375E+01,
   66,1995,   7,0.0000E+00,0.0000E+00,0.0000E+00,0.0000E+00,0.0000E+00,0.0000E+00,0.0000E+00,0.0000E+00,0.0000E+00,0.0000E+00,0.0000E+00,
   24,1995,   7,0.1816E-02,0.7838E+00,0.4703E+01,0.2345E+01,0.8795E-01,0.4983E+00,0.1137E+00,0.2783E+00,0.2931E+01,0.3919E+00,0.3919E+01,
   10,1995,   7,0.3676E+01,0.1587E+04,0.9242E+03,0.3941E+03,0.1182E+03,0.9169E+02,0.3021E+02,0.6157E+02,0.6040E+03,0.9179E+02,0.9496E+04,
   19,1995,   7,0.3166E+01,0.1306E+04,0.4635E+04,0.3526E+04,0.4271E+03,0.7765E+03,0.1364E+03,0.2866E+03,0.4730E+04,0.4230E+03,0.6055E+04,
   11,1995,   7,0.8159E+00,0.3376E+03,0.1378E+04,0.1380E+04,0.5518E+02,0.2936E+03,0.3595E+02,0.7305E+02,0.1729E+04,0.1090E+03,0.1733E+04,
    0,1995,   7,0.5957E-02,0.2315E+01,0.6498E+01,0.2479E+00,0.3010E+01,0.2832E+00,0.1417E+00,0.3305E+00,0.3541E+01,0.4722E+00,0.1301E-02,
   62,1995,   7,0.0000E+00,0.0000E+00,0.0000E+00,0.0000E+00,0.0000E+00,0.0000E+00,0.0000E+00,0.0000E+00,0.0000E+00,0.0000E+00,0.0000E+00,
   92,1995,   8,0.2573E-01,0.1221E+02,0.6576E+02,0.2515E+02,0.6453E+01,0.5786E+01,0.1548E+01,0.6264E+01,0.3739E+02,0.7812E+01,0.1113E+03,
   61,1995,   8,0.7249E+00,0.4690E+03,0.6969E+03,0.1009E+04,0.2073E+03,0.1639E+03,0.9052E+01,0.4622E+02,0.1380E+04,0.5527E+02,0.6179E+03,
   86,1995,   8,0.1129E+00,0.2111E+04,0.4220E+03,0.9543E+02,0.4646E+03,0.3581E+02,0.4645E+01,0.4808E+02,0.5959E+03,0.5273E+02,0.2913E+04,
   34,1995,   8,0.2050E+02,0.1214E+05,0.3588E+04,0.6701E+04,0.1718E+05,0.2314E+04,0.7903E+02,0.3044E+03,0.2620E+05,0.3834E+03,0.1476E+05,
   64,1995,   8,0.1215E+02,0.7450E+04,0.8842E+04,0.5440E+04,0.5024E+04,0.1480E+04,0.1646E+03,0.3534E+03,0.1194E+05,0.5181E+03,0.1183E+05,
   63,1995,   8,0.0000E+00,0.0000E+00,0.0000E+00,0.0000E+00,0.0000E+00,0.0000E+00,0.0000E+00,0.0000E+00,0.0000E+00,0.0000E+00,0.0000E+00,
   59,1995,   8,0.2212E+00,0.1375E+03,0.2674E+02,0.1337E+01,0.7832E+01,0.2139E+02,0.5922E+01,0.2502E+02,0.3056E+02,0.3094E+02,0.4584E+02,
   55,1995,   8,0.3912E-01,0.2454E+02,0.6042E+01,0.1040E+01,0.1571E+02,0.2769E+01,0.1788E+01,0.1103E+02,0.1952E+02,0.1282E+02,0.5665E+01,
   65,1995,   8,0.1076E+00,0.6363E+02,0.7139E+02,0.6560E+02,0.7517E+02,0.2750E+02,0.4786E+01,0.9114E+01,0.1683E+03,0.1390E+02,0.1472E+03,
   32,1995,   8,0.6542E+00,0.4437E+03,0.2378E+02,0.2182E+02,0.7823E+02,0.4387E+02,0.2196E+01,0.5619E+02,0.1439E+03,0.5839E+02,0.1374E+03,
   53,1995,   8,0.1708E-01,0.1052E+02,0.2680E+01,0.2717E+01,0.6303E+01,0.5994E+00,0.1441E+01,0.1431E+01,0.9619E+01,0.2872E+01,0.7718E+01,
   47,1995,   8,0.0000E+00,0.0000E+00,0.0000E+00,0.0000E+00,0.0000E+00,0.0000E+00,0.0000E+00,0.0000E+00,0.0000E+00,0.0000E+00,0.0000E+00,
   81,1995,   8,0.0000E+00,0.0000E+00,0.0000E+00,0.0000E+00,0.0000E+00,0.0000E+00,0.0000E+00,0.0000E+00,0.0000E+00,0.0000E+00,0.0000E+00,
   82,1995,   8,0.4383E-01,0.3028E+02,0.0000E+00,0.0000E+00,0.0000E+00,0.1892E+01,0.0000E+00,0.1892E+02,0.1892E+01,0.1892E+02,0.3028E+02,
   79,1995,   8,0.3454E-02,0.1789E+01,0.8947E+01,0.2672E+01,0.1002E+00,0.5677E+00,0.5190E+00,0.1270E+01,0.3340E+01,0.1789E+01,0.4474E+01,
   77,1995,   8,0.2308E+00,0.1801E+03,0.1243E+03,0.1929E+02,0.9000E+02,0.2155E+02,0.5939E+01,0.6378E+02,0.1308E+03,0.6972E+02,0.3301E+03,
   85,1995,   8,0.2403E+00,0.1523E+03,0.4454E+03,0.2698E+03,0.4756E+02,0.6042E+02,0.9507E+01,0.2841E+02,0.3778E+03,0.3792E+02,0.3887E+03,
   52,1995,   8,0.0000E+00,0.0000E+00,0.0000E+00,0.0000E+00,0.0000E+00,0.0000E+00,0.0000E+00,0.0000E+00,0.0000E+00,0.0000E+00,0.0000E+00,
   56,1995,   8,0.0000E+00,0.0000E+00,0.0000E+00,0.0000E+00,0.0000E+00,0.0000E+00,0.0000E+00,0.0000E+00,0.0000E+00,0.0000E+00,0.0000E+00,
   87,1995,   8,0.0000E+00,0.0000E+00,0.0000E+00,0.0000E+00,0.0000E+00,0.0000E+00,0.0000E+00,0.0000E+00,0.0000E+00,0.0000E+00,0.0000E+00,
   44,1995,   8,0.0000E+00,0.0000E+00,0.0000E+00,0.0000E+00,0.0000E+00,0.0000E+00,0.0000E+00,0.0000E+00,0.0000E+00,0.0000E+00,0.0000E+00,
   41,1995,   8,0.0000E+00,0.0000E+00,0.0000E+00,0.0000E+00,0.0000E+00,0.0000E+00,0.0000E+00,0.0000E+00,0.0000E+00,0.0000E+00,0.0000E+00,
   49,1995,   8,0.1797E-02,0.1226E+01,0.1836E+01,0.2096E+01,0.2374E+00,0.4593E+00,0.7449E-01,0.3910E+00,0.2793E+01,0.4655E+00,0.2362E+01,
   91,1995,   8,0.4052E-01,0.2273E+02,0.1648E+02,0.1710E+02,0.3170E+02,0.6032E+01,0.9223E+00,0.3714E+01,0.5483E+02,0.4636E+01,0.4276E+02,
   51,1995,   8,0.3024E-02,0.2298E+01,0.4178E+01,0.3528E+01,0.3996E+00,0.7729E+00,0.1254E+00,0.6581E+00,0.4701E+01,0.7835E+00,0.6006E+01,
   68,1995,   8,0.0000E+00,0.0000E+00,0.0000E+00,0.0000E+00,0.0000E+00,0.0000E+00,0.0000E+00,0.0000E+00,0.0000E+00,0.0000E+00,0.0000E+00,
   54,1995,   8,0.1112E+00,0.6431E+02,0.1920E+03,0.1161E+03,0.2873E+03,0.6148E+03,0.1344E+01,0.3071E+02,0.1018E+04,0.3206E+02,0.1152E+03,
   33,1995,   8,0.0000E+00,0.0000E+00,0.0000E+00,0.0000E+00,0.0000E+00,0.0000E+00,0.0000E+00,0.0000E+00,0.0000E+00,0.0000E+00,0.0000E+00,
   80,1995,   8,0.0000E+00,0.0000E+00,0.0000E+00,0.0000E+00,0.0000E+00,0.0000E+00,0.0000E+00,0.0000E+00,0.0000E+00,0.0000E+00,0.0000E+00,
   50,1995,   8,0.0000E+00,0.0000E+00,0.0000E+00,0.0000E+00,0.0000E+00,0.0000E+00,0.0000E+00,0.0000E+00,0.0000E+00,0.0000E+00,0.0000E+00,
   58,1995,   8,0.6344E-01,0.3650E+02,0.2472E+02,0.3173E+01,0.5208E+02,0.4954E+01,0.5027E+00,0.8422E+00,0.6020E+02,0.1345E+01,0.1947E+02,
   17,1995,   8,0.7998E-01,0.4835E+02,0.4757E+02,0.2455E+02,0.4167E+02,0.2558E+02,0.1074E+01,0.1825E+02,0.9180E+02,0.1932E+02,0.1705E+03,
   95,1995,   8,0.6414E-02,0.4071E+01,0.1065E+02,0.7466E+01,0.8528E+00,0.1636E+01,0.1792E+00,0.9344E+00,0.9955E+01,0.1114E+01,0.2928E+02,
   90,1995,   8,0.0000E+00,0.0000E+00,0.0000E+00,0.0000E+00,0.0000E+00,0.0000E+00,0.0000E+00,0.0000E+00,0.0000E+00,0.0000E+00,0.0000E+00,
   15,1995,   8,0.0000E+00,0.0000E+00,0.0000E+00,0.0000E+00,0.0000E+00,0.0000E+00,0.0000E+00,0.0000E+00,0.0000E+00,0.0000E+00,0.0000E+00,
   14,1995,   8,0.4300E-01,0.1829E+02,0.2889E+02,0.3448E+02,0.3450E+03,0.3374E+02,0.2113E+02,0.5170E+02,0.4132E+03,0.7283E+02,0.4417E+02,
   31,1995,   8,0.5216E+00,0.2292E+03,0.7954E+03,0.2958E+03,0.2511E+02,0.6397E+02,0.1865E+02,0.3986E+02,0.3849E+03,0.5851E+02,0.1087E+04,
   12,1995,   8,0.1480E-01,0.7341E+01,0.2270E+02,0.1178E+02,0.1289E+02,0.3651E+01,0.1209E+01,0.2960E+01,0.2832E+02,0.4169E+01,0.5206E+02,
   23,1995,   8,0.1409E-01,0.5504E+01,0.5166E+01,0.1009E+01,0.1646E+01,0.3398E+00,0.1123E+00,0.2679E+00,0.2995E+01,0.3802E+00,0.6524E+02,
   25,1995,   8,0.9009E+01,0.7106E+04,0.1569E+05,0.1067E+05,0.2572E+04,0.2481E+04,0.2686E+03,0.5528E+03,0.1573E+05,0.8214E+03,0.2316E+05,
   18,1995,   8,0.2199E-01,0.7858E+02,0.3418E+03,0.1108E+03,0.6601E+02,0.3730E+02,0.3165E+01,0.8762E+01,0.2141E+03,0.1193E+02,0.2768E+03,
    4,1995,   8,0.4350E-01,0.1718E+02,0.5357E+01,0.1582E+01,0.4057E+01,0.6433E+00,0.3226E+00,0.8602E+00,0.6283E+01,0.1183E+01,0.1320E+03,
   74,1995,   8,0.8729E+00,0.3756E+03,0.1612E+04,0.4379E+02,0.9749E+01,0.5845E+03,0.3472E+02,0.7131E+02,0.6381E+03,0.1060E+03,0.2211E+04,
   73,1995,   8,0.1227E-03,0.4769E-01,0.3179E+00,0.4993E+00,0.6062E+01,0.5706E+00,0.2257E+00,0.5267E+00,0.7132E+01,0.7524E+00,0.9481E+00,
   69,1995,   8,0.1812E-01,0.7040E+01,0.7445E+01,0.2000E+01,0.2408E+02,0.2270E+01,0.9262E+00,0.2161E+01,0.2835E+02,0.3087E+01,0.7344E+01,
   20,1995,   8,0.8195E+00,0.4477E+03,0.1244E+04,0.1221E+04,0.7912E+03,0.3164E+03,0.1170E+03,0.2771E+03,0.2328E+04,0.3941E+03,0.1541E+04,
   36,1995,   8,0.0000E+00,0.0000E+00,0.0000E+00,0.0000E+00,0.0000E+00,0.0000E+00,0.0000E+00,0.0000E+00,0.0000E+00,0.0000E+00,0.0000E+00,
   16,1995,   8,0.3905E-03,0.1555E+00,0.1012E+01,0.1601E+01,0.1806E+02,0.1724E+01,0.6773E+00,0.1581E+01,0.2139E+02,0.2258E+01,0.2564E+01,
   26,1995,   8,0.3288E-01,0.1629E+02,0.2081E+02,0.1199E+02,0.3973E+02,0.5662E+01,0.8237E+00,0.1999E+01,0.5739E+02,0.2823E+01,0.5024E+02,
   30,1995,   8,0.4176E-02,0.1969E+01,0.9303E+01,0.4802E+01,0.4027E+01,0.1373E+01,0.3665E+00,0.8972E+00,0.1020E+02,0.1264E+01,0.9375E+01,
   66,1995,   8,0.0000E+00,0.0000E+00,0.0000E+00,0.0000E+00,0.0000E+00,0.0000E+00,0.0000E+00,0.0000E+00,0.0000E+00,0.0000E+00,0.0000E+00,
   24,1995,   8,0.1816E-02,0.7838E+00,0.4703E+01,0.2345E+01,0.8795E-01,0.4983E+00,0.1137E+00,0.2783E+00,0.2931E+01,0.3919E+00,0.3919E+01,
   10,1995,   8,0.3676E+01,0.1587E+04,0.9242E+03,0.3941E+03,0.1182E+03,0.9169E+02,0.3021E+02,0.6157E+02,0.6040E+03,0.9179E+02,0.9496E+04,
   19,1995,   8,0.3165E+01,0.1306E+04,0.4635E+04,0.3526E+04,0.4268E+03,0.7765E+03,0.1364E+03,0.2866E+03,0.4729E+04,0.4229E+03,0.6055E+04,
   11,1995,   8,0.8159E+00,0.3376E+03,0.1378E+04,0.1380E+04,0.5518E+02,0.2936E+03,0.3595E+02,0.7305E+02,0.1729E+04,0.1090E+03,0.1733E+04,
    0,1995,   8,0.5957E-02,0.2315E+01,0.6498E+01,0.2479E+00,0.3010E+01,0.2832E+00,0.1417E+00,0.3305E+00,0.3541E+01,0.4722E+00,0.1301E-02,
   62,1995,   8,0.0000E+00,0.0000E+00,0.0000E+00,0.0000E+00,0.0000E+00,0.0000E+00,0.0000E+00,0.0000E+00,0.0000E+00,0.0000E+00,0.0000E+00,
   92,1995,   9,0.2428E-01,0.1160E+02,0.6476E+02,0.2346E+02,0.6262E+01,0.5416E+01,0.1488E+01,0.5949E+01,0.3514E+02,0.7437E+01,0.1569E+03,
   61,1995,   9,0.7205E+00,0.5008E+03,0.7114E+03,0.1032E+04,0.5277E+03,0.1098E+03,0.9474E+01,0.5541E+02,0.1669E+04,0.6488E+02,0.5884E+03,
   86,1995,   9,0.1380E+00,0.1920E+04,0.4197E+03,0.1267E+03,0.4495E+03,0.4881E+02,0.6565E+01,0.5043E+02,0.6250E+03,0.5699E+02,0.2709E+04,
   34,1995,   9,0.2029E+02,0.1293E+05,0.3526E+04,0.6439E+04,0.1810E+05,0.2250E+04,0.5460E+02,0.1673E+03,0.2679E+05,0.2219E+03,0.1378E+05,
   64,1995,   9,0.1152E+02,0.7022E+04,0.7762E+04,0.4852E+04,0.5930E+04,0.1518E+04,0.2146E+03,0.3647E+03,0.1230E+05,0.5793E+03,0.1552E+05,
   63,1995,   9,0.0000E+00,0.0000E+00,0.0000E+00,0.0000E+00,0.0000E+00,0.0000E+00,0.0000E+00,0.0000E+00,0.0000E+00,0.0000E+00,0.0000E+00,
   59,1995,   9,0.2110E+00,0.1384E+03,0.3097E+02,0.2915E+01,0.6558E+01,0.2587E+02,0.3279E+01,0.3497E+02,0.3534E+02,0.3825E+02,0.4008E+02,
   55,1995,   9,0.3625E-01,0.2379E+02,0.6556E+01,0.1197E+01,0.1715E+02,0.7787E+00,0.1602E+01,0.1238E+02,0.1912E+02,0.1398E+02,0.8199E+01,
   65,1995,   9,0.9872E-01,0.6009E+02,0.4993E+02,0.7441E+02,0.7067E+02,0.1824E+02,0.6287E+01,0.1054E+02,0.1633E+03,0.1683E+02,0.1427E+03,
   32,1995,   9,0.6643E+00,0.4511E+03,0.2044E+02,0.2319E+02,0.6267E+02,0.3941E+02,0.2147E+01,0.5681E+02,0.1253E+03,0.5896E+02,0.1378E+03,
   53,1995,   9,0.1526E-01,0.9219E+01,0.3922E+01,0.1983E+01,0.2617E+01,0.4319E+00,0.9139E+00,0.8632E+00,0.5032E+01,0.1777E+01,0.3933E+01,
   47,1995,   9,0.0000E+00,0.0000E+00,0.0000E+00,0.0000E+00,0.0000E+00,0.0000E+00,0.0000E+00,0.0000E+00,0.0000E+00,0.0000E+00,0.0000E+00,
   81,1995,   9,0.0000E+00,0.0000E+00,0.0000E+00,0.0000E+00,0.0000E+00,0.0000E+00,0.0000E+00,0.0000E+00,0.0000E+00,0.0000E+00,0.0000E+00,
   82,1995,   9,0.4383E-01,0.3028E+02,0.0000E+00,0.0000E+00,0.0000E+00,0.1892E+01,0.0000E+00,0.1892E+02,0.1892E+01,0.1892E+02,0.3028E+02,
   79,1995,   9,0.3454E-02,0.1789E+01,0.8947E+01,0.2672E+01,0.1002E+00,0.5677E+00,0.5190E+00,0.1270E+01,0.3340E+01,0.1789E+01,0.4474E+01,
   77,1995,   9,0.1654E+00,0.1383E+03,0.2686E+02,0.4390E+02,0.8602E+02,0.2394E+02,0.9950E+00,0.5278E+02,0.1539E+03,0.5377E+02,0.2152E+03,
   85,1995,   9,0.2303E+00,0.1440E+03,0.4620E+03,0.2581E+03,0.4624E+02,0.5785E+02,0.1192E+02,0.3504E+02,0.3622E+03,0.4696E+02,0.4556E+03,
   52,1995,   9,0.0000E+00,0.0000E+00,0.0000E+00,0.0000E+00,0.0000E+00,0.0000E+00,0.0000E+00,0.0000E+00,0.0000E+00,0.0000E+00,0.0000E+00,
   56,1995,   9,0.0000E+00,0.0000E+00,0.0000E+00,0.0000E+00,0.0000E+00,0.0000E+00,0.0000E+00,0.0000E+00,0.0000E+00,0.0000E+00,0.0000E+00,
   87,1995,   9,0.0000E+00,0.0000E+00,0.0000E+00,0.0000E+00,0.0000E+00,0.0000E+00,0.0000E+00,0.0000E+00,0.0000E+00,0.0000E+00,0.0000E+00,
   44,1995,   9,0.0000E+00,0.0000E+00,0.0000E+00,0.0000E+00,0.0000E+00,0.0000E+00,0.0000E+00,0.0000E+00,0.0000E+00,0.0000E+00,0.0000E+00,
   41,1995,   9,0.0000E+00,0.0000E+00,0.0000E+00,0.0000E+00,0.0000E+00,0.0000E+00,0.0000E+00,0.0000E+00,0.0000E+00,0.0000E+00,0.0000E+00,
   49,1995,   9,0.1140E-02,0.8190E+00,0.1162E+01,0.1329E+01,0.1506E+00,0.2913E+00,0.4724E-01,0.2480E+00,0.1771E+01,0.2952E+00,0.1287E+01,
   91,1995,   9,0.3715E-01,0.2000E+02,0.8657E+01,0.1316E+02,0.3126E+02,0.5169E+01,0.7824E+00,0.2979E+01,0.4959E+02,0.3762E+01,0.4020E+02,
   51,1995,   9,0.2805E-02,0.2422E+01,0.3633E+01,0.3272E+01,0.3706E+00,0.7169E+00,0.1163E+00,0.6104E+00,0.4360E+01,0.7267E+00,0.7509E+01,
   68,1995,   9,0.0000E+00,0.0000E+00,0.0000E+00,0.0000E+00,0.0000E+00,0.0000E+00,0.0000E+00,0.0000E+00,0.0000E+00,0.0000E+00,0.0000E+00,
   54,1995,   9,0.1143E+00,0.6315E+02,0.2171E+03,0.1539E+03,0.3019E+02,0.1559E+02,0.4638E+01,0.3355E+02,0.1997E+03,0.3819E+02,0.1480E+03,
   33,1995,   9,0.0000E+00,0.0000E+00,0.0000E+00,0.0000E+00,0.0000E+00,0.0000E+00,0.0000E+00,0.0000E+00,0.0000E+00,0.0000E+00,0.0000E+00,
   80,1995,   9,0.0000E+00,0.0000E+00,0.0000E+00,0.0000E+00,0.0000E+00,0.0000E+00,0.0000E+00,0.0000E+00,0.0000E+00,0.0000E+00,0.0000E+00,
   50,1995,   9,0.0000E+00,0.0000E+00,0.0000E+00,0.0000E+00,0.0000E+00,0.0000E+00,0.0000E+00,0.0000E+00,0.0000E+00,0.0000E+00,0.0000E+00,
   58,1995,   9,0.6160E-01,0.3575E+02,0.2222E+02,0.2631E+01,0.4965E+02,0.3999E+01,0.5352E+00,0.7889E+00,0.5628E+02,0.1324E+01,0.1887E+02,
   17,1995,   9,0.7889E-01,0.5148E+02,0.5814E+02,0.2980E+02,0.3859E+02,0.3322E+02,0.4825E+01,0.2994E+02,0.1016E+03,0.3477E+02,0.1489E+03,
   95,1995,   9,0.7509E-02,0.4958E+01,0.6794E+01,0.8744E+01,0.9975E+00,0.1916E+01,0.1885E+00,0.9963E+00,0.1166E+02,0.1185E+01,0.2096E+02,
   90,1995,   9,0.0000E+00,0.0000E+00,0.0000E+00,0.0000E+00,0.0000E+00,0.0000E+00,0.0000E+00,0.0000E+00,0.0000E+00,0.0000E+00,0.0000E+00,
   15,1995,   9,0.0000E+00,0.0000E+00,0.0000E+00,0.0000E+00,0.0000E+00,0.0000E+00,0.0000E+00,0.0000E+00,0.0000E+00,0.0000E+00,0.0000E+00,
   14,1995,   9,0.4300E-01,0.1829E+02,0.2441E+02,0.3448E+02,0.3450E+03,0.3374E+02,0.2113E+02,0.5170E+02,0.4132E+03,0.7283E+02,0.3638E+02,
   31,1995,   9,0.5216E+00,0.2292E+03,0.7954E+03,0.2958E+03,0.2511E+02,0.6397E+02,0.1865E+02,0.3986E+02,0.3849E+03,0.5851E+02,0.1087E+04,
   12,1995,   9,0.1475E-01,0.7322E+01,0.2261E+02,0.1171E+02,0.1289E+02,0.3636E+01,0.1202E+01,0.2942E+01,0.2824E+02,0.4144E+01,0.5195E+02,
   23,1995,   9,0.1409E-01,0.5504E+01,0.5166E+01,0.1009E+01,0.1646E+01,0.3398E+00,0.1123E+00,0.2679E+00,0.2995E+01,0.3802E+00,0.6524E+02,
   25,1995,   9,0.1652E+02,0.1074E+05,0.4812E+05,0.1158E+05,0.3286E+04,0.6049E+04,0.7877E+03,0.6826E+03,0.2092E+05,0.1470E+04,0.1075E+06,
   18,1995,   9,0.2199E-01,0.7858E+02,0.3418E+03,0.1108E+03,0.6601E+02,0.3730E+02,0.3165E+01,0.8762E+01,0.2141E+03,0.1193E+02,0.2768E+03,
    4,1995,   9,0.4350E-01,0.1718E+02,0.5357E+01,0.1582E+01,0.4057E+01,0.6433E+00,0.3226E+00,0.8602E+00,0.6283E+01,0.1183E+01,0.1320E+03,
   74,1995,   9,0.8744E+00,0.3763E+03,0.1613E+04,0.4381E+02,0.9954E+01,0.5846E+03,0.3488E+02,0.7165E+02,0.6383E+03,0.1065E+03,0.2213E+04,
   73,1995,   9,0.1227E-03,0.4769E-01,0.3179E+00,0.4993E+00,0.6062E+01,0.5706E+00,0.2257E+00,0.5267E+00,0.7132E+01,0.7524E+00,0.9481E+00,
   69,1995,   9,0.1812E-01,0.7040E+01,0.7445E+01,0.2000E+01,0.2408E+02,0.2270E+01,0.9262E+00,0.2161E+01,0.2835E+02,0.3087E+01,0.7344E+01,
   20,1995,   9,0.8195E+00,0.4477E+03,0.1254E+04,0.1221E+04,0.7912E+03,0.3164E+03,0.1170E+03,0.2771E+03,0.2328E+04,0.3941E+03,0.1559E+04,
   36,1995,   9,0.0000E+00,0.0000E+00,0.0000E+00,0.0000E+00,0.0000E+00,0.0000E+00,0.0000E+00,0.0000E+00,0.0000E+00,0.0000E+00,0.0000E+00,
   16,1995,   9,0.3905E-03,0.1555E+00,0.1012E+01,0.1601E+01,0.1806E+02,0.1724E+01,0.6773E+00,0.1581E+01,0.2139E+02,0.2258E+01,0.2564E+01,
   26,1995,   9,0.3288E-01,0.1629E+02,0.2081E+02,0.1199E+02,0.3973E+02,0.5662E+01,0.8237E+00,0.1999E+01,0.5739E+02,0.2823E+01,0.5024E+02,
   30,1995,   9,0.4176E-02,0.1969E+01,0.9303E+01,0.4802E+01,0.4027E+01,0.1373E+01,0.3665E+00,0.8972E+00,0.1020E+02,0.1264E+01,0.9375E+01,
   66,1995,   9,0.0000E+00,0.0000E+00,0.0000E+00,0.0000E+00,0.0000E+00,0.0000E+00,0.0000E+00,0.0000E+00,0.0000E+00,0.0000E+00,0.0000E+00,
   24,1995,   9,0.1816E-02,0.7838E+00,0.4703E+01,0.2345E+01,0.8795E-01,0.4983E+00,0.1137E+00,0.2783E+00,0.2931E+01,0.3919E+00,0.3919E+01,
   10,1995,   9,0.3676E+01,0.1587E+04,0.9242E+03,0.3941E+03,0.1182E+03,0.9169E+02,0.3021E+02,0.6157E+02,0.6040E+03,0.9179E+02,0.9496E+04,
   19,1995,   9,0.3165E+01,0.1306E+04,0.4632E+04,0.3524E+04,0.4253E+03,0.7761E+03,0.1363E+03,0.2863E+03,0.4725E+04,0.4225E+03,0.6052E+04,
   11,1995,   9,0.8159E+00,0.3376E+03,0.1378E+04,0.1380E+04,0.5518E+02,0.2936E+03,0.3595E+02,0.7305E+02,0.1729E+04,0.1090E+03,0.1733E+04,
    0,1995,   9,0.5957E-02,0.2315E+01,0.6498E+01,0.2479E+00,0.3010E+01,0.2832E+00,0.1417E+00,0.3305E+00,0.3541E+01,0.4722E+00,0.1301E-02,
   62,1995,   9,0.0000E+00,0.0000E+00,0.0000E+00,0.0000E+00,0.0000E+00,0.0000E+00,0.0000E+00,0.0000E+00,0.0000E+00,0.0000E+00,0.0000E+00,
   92,1995,  10,0.3116E-01,0.1466E+02,0.9623E+02,0.3149E+02,0.7171E+01,0.7175E+01,0.1773E+01,0.7446E+01,0.4584E+02,0.9220E+01,0.1605E+03,
   61,1995,  10,0.7855E+00,0.5723E+03,0.2055E+03,0.5596E+03,0.8949E+03,0.2129E+03,0.7270E+01,0.7367E+02,0.1667E+04,0.8094E+02,0.6203E+03,
   86,1995,  10,0.1379E+00,0.1602E+04,0.3250E+03,0.9275E+02,0.3975E+03,0.5985E+02,0.4509E+01,0.5070E+02,0.5501E+03,0.5521E+02,0.2346E+04,
   34,1995,  10,0.2147E+02,0.1406E+05,0.4773E+04,0.6702E+04,0.1767E+05,0.2325E+04,0.9593E+02,0.1433E+03,0.2670E+05,0.2393E+03,0.1600E+05,
   64,1995,  10,0.1237E+02,0.7804E+04,0.8625E+04,0.4077E+04,0.5899E+04,0.1660E+04,0.2327E+03,0.3849E+03,0.1164E+05,0.6176E+03,0.1508E+05,
   63,1995,  10,0.0000E+00,0.0000E+00,0.0000E+00,0.0000E+00,0.0000E+00,0.0000E+00,0.0000E+00,0.0000E+00,0.0000E+00,0.0000E+00,0.0000E+00,
   59,1995,  10,0.1852E+00,0.1215E+03,0.2718E+02,0.2878E+01,0.7356E+01,0.9274E+01,0.3678E+01,0.2063E+02,0.1951E+02,0.2431E+02,0.6716E+02,
   55,1995,  10,0.4449E-01,0.3068E+02,0.7985E+01,0.1254E+01,0.2386E+02,0.2831E+01,0.1638E+01,0.9749E+01,0.2794E+02,0.1139E+02,0.9188E+01,
   65,1995,  10,0.1202E+00,0.8405E+02,0.8127E+02,0.6530E+02,0.7543E+02,0.4051E+02,0.5512E+01,0.1402E+02,0.1812E+03,0.1954E+02,0.2068E+03,
   32,1995,  10,0.7341E+00,0.5108E+03,0.2174E+02,0.2316E+02,0.7174E+02,0.4290E+02,0.2136E+01,0.4408E+02,0.1378E+03,0.4621E+02,0.1497E+03,
   53,1995,  10,0.1814E-01,0.1115E+02,0.7688E+01,0.3108E+01,0.7675E+01,0.6820E+00,0.1239E+01,0.1027E+01,0.1147E+02,0.2266E+01,0.7688E+01,
   47,1995,  10,0.0000E+00,0.0000E+00,0.0000E+00,0.0000E+00,0.0000E+00,0.0000E+00,0.0000E+00,0.0000E+00,0.0000E+00,0.0000E+00,0.0000E+00,
   81,1995,  10,0.0000E+00,0.0000E+00,0.0000E+00,0.0000E+00,0.0000E+00,0.0000E+00,0.0000E+00,0.0000E+00,0.0000E+00,0.0000E+00,0.0000E+00,
   82,1995,  10,0.4383E-01,0.3028E+02,0.0000E+00,0.0000E+00,0.0000E+00,0.1892E+01,0.0000E+00,0.1892E+02,0.1892E+01,0.1892E+02,0.3028E+02,
   79,1995,  10,0.3454E-02,0.1789E+01,0.8947E+01,0.2672E+01,0.1002E+00,0.5677E+00,0.5190E+00,0.1270E+01,0.3340E+01,0.1789E+01,0.4474E+01,
   77,1995,  10,0.2183E+00,0.1796E+03,0.5499E+02,0.5887E+02,0.6838E+02,0.3045E+02,0.1651E+01,0.5314E+02,0.1577E+03,0.5479E+02,0.1907E+03,
   85,1995,  10,0.2141E+00,0.1424E+03,0.4361E+03,0.2393E+03,0.4410E+02,0.5372E+02,0.9803E+01,0.2901E+02,0.3371E+03,0.3881E+02,0.4454E+03,
   52,1995,  10,0.0000E+00,0.0000E+00,0.0000E+00,0.0000E+00,0.0000E+00,0.0000E+00,0.0000E+00,0.0000E+00,0.0000E+00,0.0000E+00,0.0000E+00,
   56,1995,  10,0.0000E+00,0.0000E+00,0.0000E+00,0.0000E+00,0.0000E+00,0.0000E+00,0.0000E+00,0.0000E+00,0.0000E+00,0.0000E+00,0.0000E+00,
   87,1995,  10,0.0000E+00,0.0000E+00,0.0000E+00,0.0000E+00,0.0000E+00,0.0000E+00,0.0000E+00,0.0000E+00,0.0000E+00,0.0000E+00,0.0000E+00,
   44,1995,  10,0.0000E+00,0.0000E+00,0.0000E+00,0.0000E+00,0.0000E+00,0.0000E+00,0.0000E+00,0.0000E+00,0.0000E+00,0.0000E+00,0.0000E+00,
   41,1995,  10,0.0000E+00,0.0000E+00,0.0000E+00,0.0000E+00,0.0000E+00,0.0000E+00,0.0000E+00,0.0000E+00,0.0000E+00,0.0000E+00,0.0000E+00,
   49,1995,  10,0.1140E-02,0.8463E+00,0.1166E+01,0.1329E+01,0.1506E+00,0.2913E+00,0.4724E-01,0.2480E+00,0.1771E+01,0.2952E+00,0.1381E+01,
   91,1995,  10,0.4057E-01,0.2596E+02,0.1319E+02,0.1715E+02,0.3171E+02,0.6043E+01,0.9241E+00,0.3723E+01,0.5490E+02,0.4647E+01,0.4062E+02,
   51,1995,  10,0.3156E-02,0.2671E+01,0.2180E+01,0.3682E+01,0.4169E+00,0.8066E+00,0.1308E+00,0.6867E+00,0.4905E+01,0.8175E+00,0.2453E+01,
   68,1995,  10,0.0000E+00,0.0000E+00,0.0000E+00,0.0000E+00,0.0000E+00,0.0000E+00,0.0000E+00,0.0000E+00,0.0000E+00,0.0000E+00,0.0000E+00,
   54,1995,  10,0.1247E+00,0.7432E+02,0.2477E+03,0.1454E+03,0.4158E+02,0.3231E+02,0.8510E+01,0.3662E+02,0.2193E+03,0.4513E+02,0.1400E+03,
   33,1995,  10,0.0000E+00,0.0000E+00,0.0000E+00,0.0000E+00,0.0000E+00,0.0000E+00,0.0000E+00,0.0000E+00,0.0000E+00,0.0000E+00,0.0000E+00,
   80,1995,  10,0.0000E+00,0.0000E+00,0.0000E+00,0.0000E+00,0.0000E+00,0.0000E+00,0.0000E+00,0.0000E+00,0.0000E+00,0.0000E+00,0.0000E+00,
   50,1995,  10,0.0000E+00,0.0000E+00,0.0000E+00,0.0000E+00,0.0000E+00,0.0000E+00,0.0000E+00,0.0000E+00,0.0000E+00,0.0000E+00,0.0000E+00,
   58,1995,  10,0.7045E-01,0.4006E+02,0.2937E+02,0.1303E+02,0.4909E+02,0.6620E+01,0.8877E+00,0.2449E+01,0.6874E+02,0.3337E+01,0.2703E+02,
   17,1995,  10,0.7634E-01,0.5454E+02,0.6038E+02,0.2453E+02,0.3629E+02,0.2986E+02,0.2497E+01,0.1985E+02,0.9068E+02,0.2235E+02,0.1909E+03,
   95,1995,  10,0.8430E-02,0.5951E+01,0.8486E+01,0.9818E+01,0.1119E+01,0.2152E+01,0.2254E+00,0.1174E+01,0.1309E+02,0.1400E+01,0.2457E+02,
   90,1995,  10,0.0000E+00,0.0000E+00,0.0000E+00,0.0000E+00,0.0000E+00,0.0000E+00,0.0000E+00,0.0000E+00,0.0000E+00,0.0000E+00,0.0000E+00,
   15,1995,  10,0.0000E+00,0.0000E+00,0.0000E+00,0.0000E+00,0.0000E+00,0.0000E+00,0.0000E+00,0.0000E+00,0.0000E+00,0.0000E+00,0.0000E+00,
   14,1995,  10,0.4300E-01,0.1829E+02,0.2540E+02,0.3448E+02,0.3450E+03,0.3374E+02,0.2113E+02,0.5170E+02,0.4132E+03,0.7283E+02,0.3739E+02,
   31,1995,  10,0.5216E+00,0.2292E+03,0.7954E+03,0.2958E+03,0.2511E+02,0.6397E+02,0.1865E+02,0.3986E+02,0.3849E+03,0.5851E+02,0.1087E+04,
   12,1995,  10,0.1524E-01,0.7530E+01,0.2365E+02,0.1245E+02,0.1292E+02,0.3792E+01,0.1280E+01,0.3135E+01,0.2916E+02,0.4415E+01,0.5319E+02,
   23,1995,  10,0.1409E-01,0.5504E+01,0.5166E+01,0.1009E+01,0.1646E+01,0.3398E+00,0.1123E+00,0.2679E+00,0.2995E+01,0.3802E+00,0.6524E+02,
   25,1995,  10,0.9009E+01,0.7106E+04,0.1569E+05,0.1067E+05,0.2572E+04,0.2481E+04,0.2686E+03,0.5528E+03,0.1573E+05,0.8214E+03,0.2316E+05,
   18,1995,  10,0.2199E-01,0.1054E+02,0.2172E+02,0.1143E+02,0.1248E+02,0.3354E+01,0.1235E+01,0.2971E+01,0.2726E+02,0.4205E+01,0.4084E+02,
    4,1995,  10,0.4350E-01,0.1718E+02,0.5357E+01,0.1582E+01,0.4057E+01,0.6433E+00,0.3226E+00,0.8602E+00,0.6283E+01,0.1183E+01,0.1320E+03,
   74,1995,  10,0.8736E+00,0.3759E+03,0.1612E+04,0.4382E+02,0.1010E+02,0.5846E+03,0.3462E+02,0.7112E+02,0.6385E+03,0.1057E+03,0.2213E+04,
   73,1995,  10,0.1227E-03,0.4769E-01,0.3179E+00,0.4993E+00,0.6062E+01,0.5706E+00,0.2257E+00,0.5267E+00,0.7132E+01,0.7524E+00,0.9481E+00,
   69,1995,  10,0.1812E-01,0.7040E+01,0.7445E+01,0.2000E+01,0.2408E+02,0.2270E+01,0.9262E+00,0.2161E+01,0.2835E+02,0.3087E+01,0.7344E+01,
   20,1995,  10,0.8195E+00,0.4477E+03,0.1236E+04,0.1221E+04,0.7912E+03,0.3164E+03,0.1170E+03,0.2771E+03,0.2328E+04,0.3941E+03,0.1583E+04,
   36,1995,  10,0.0000E+00,0.0000E+00,0.0000E+00,0.0000E+00,0.0000E+00,0.0000E+00,0.0000E+00,0.0000E+00,0.0000E+00,0.0000E+00,0.0000E+00,
   16,1995,  10,0.3905E-03,0.1555E+00,0.1012E+01,0.1601E+01,0.1806E+02,0.1724E+01,0.6773E+00,0.1581E+01,0.2139E+02,0.2258E+01,0.2564E+01,
   26,1995,  10,0.3288E-01,0.1629E+02,0.2081E+02,0.1199E+02,0.3973E+02,0.5662E+01,0.8237E+00,0.1999E+01,0.5739E+02,0.2823E+01,0.5024E+02,
   30,1995,  10,0.4176E-02,0.1969E+01,0.9303E+01,0.4802E+01,0.4027E+01,0.1373E+01,0.3665E+00,0.8972E+00,0.1020E+02,0.1264E+01,0.9375E+01,
   66,1995,  10,0.0000E+00,0.0000E+00,0.0000E+00,0.0000E+00,0.0000E+00,0.0000E+00,0.0000E+00,0.0000E+00,0.0000E+00,0.0000E+00,0.0000E+00,
   24,1995,  10,0.1816E-02,0.7838E+00,0.4703E+01,0.2345E+01,0.8795E-01,0.4983E+00,0.1137E+00,0.2783E+00,0.2931E+01,0.3919E+00,0.3919E+01,
   10,1995,  10,0.3676E+01,0.1587E+04,0.9242E+03,0.3941E+03,0.1182E+03,0.9169E+02,0.3021E+02,0.6157E+02,0.6040E+03,0.9179E+02,0.9496E+04,
   19,1995,  10,0.3164E+01,0.1305E+04,0.4621E+04,0.3513E+04,0.4177E+03,0.7740E+03,0.1357E+03,0.2848E+03,0.4705E+04,0.4204E+03,0.6038E+04,
   11,1995,  10,0.8159E+00,0.3376E+03,0.1378E+04,0.1380E+04,0.5518E+02,0.2936E+03,0.3595E+02,0.7305E+02,0.1729E+04,0.1090E+03,0.1733E+04,
    0,1995,  10,0.5957E-02,0.2315E+01,0.6498E+01,0.2479E+00,0.3010E+01,0.2832E+00,0.1417E+00,0.3305E+00,0.3541E+01,0.4722E+00,0.1301E-02,
   62,1995,  10,0.0000E+00,0.0000E+00,0.0000E+00,0.0000E+00,0.0000E+00,0.0000E+00,0.0000E+00,0.0000E+00,0.0000E+00,0.0000E+00,0.0000E+00,
   92,1995,  11,0.3226E-01,0.1597E+02,0.9083E+02,0.3277E+02,0.7316E+01,0.7455E+01,0.1819E+01,0.7685E+01,0.4754E+02,0.9504E+01,0.9288E+02,
   61,1995,  11,0.8367E+00,0.6515E+03,0.5382E+03,0.9813E+03,0.3214E+03,0.2217E+03,0.1049E+02,0.6402E+02,0.1524E+04,0.7451E+02,0.6718E+03,
   86,1995,  11,0.2158E+00,0.8904E+03,0.4507E+03,0.7106E+02,0.3262E+03,0.7855E+02,0.1271E+02,0.5094E+02,0.4758E+03,0.6365E+02,0.1848E+04,
   34,1995,  11,0.2159E+02,0.1486E+05,0.4070E+04,0.6692E+04,0.1827E+05,0.2325E+04,0.7208E+02,0.1225E+03,0.2729E+05,0.1946E+03,0.1505E+05,
   64,1995,  11,0.1226E+02,0.8360E+04,0.7571E+04,0.4026E+04,0.5625E+04,0.1883E+04,0.1806E+03,0.3333E+03,0.1153E+05,0.5139E+03,0.1223E+05,
   63,1995,  11,0.0000E+00,0.0000E+00,0.0000E+00,0.0000E+00,0.0000E+00,0.0000E+00,0.0000E+00,0.0000E+00,0.0000E+00,0.0000E+00,0.0000E+00,
   59,1995,  11,0.1903E+00,0.1364E+03,0.4601E+02,0.2103E+02,0.8381E+01,0.1216E+02,0.1643E+01,0.1594E+02,0.4158E+02,0.1758E+02,0.6245E+02,
   55,1995,  11,0.5112E-01,0.3811E+02,0.1376E+02,0.3026E+01,0.3739E+02,0.1759E+01,0.9667E+00,0.8229E+01,0.4217E+02,0.9196E+01,0.1807E+02,
   65,1995,  11,0.1554E+00,0.1324E+03,0.1187E+03,0.6483E+02,0.1053E+03,0.4700E+02,0.5070E+01,0.1926E+02,0.2171E+03,0.2433E+02,0.2327E+03,
   32,1995,  11,0.8014E+00,0.6060E+03,0.2109E+02,0.2344E+02,0.9824E+03,0.5955E+02,0.2142E+01,0.5420E+02,0.1065E+04,0.5635E+02,0.1628E+03,
   53,1995,  11,0.1870E-01,0.1311E+02,0.3204E+01,0.4684E+01,0.3200E+01,0.1028E+01,0.8062E+00,0.6273E+00,0.8911E+01,0.1433E+01,0.9406E+01,
   47,1995,  11,0.0000E+00,0.0000E+00,0.0000E+00,0.0000E+00,0.0000E+00,0.0000E+00,0.0000E+00,0.0000E+00,0.0000E+00,0.0000E+00,0.0000E+00,
   81,1995,  11,0.0000E+00,0.0000E+00,0.0000E+00,0.0000E+00,0.0000E+00,0.0000E+00,0.0000E+00,0.0000E+00,0.0000E+00,0.0000E+00,0.0000E+00,
   82,1995,  11,0.4383E-01,0.3028E+02,0.0000E+00,0.0000E+00,0.0000E+00,0.1892E+01,0.0000E+00,0.1892E+02,0.1892E+01,0.1892E+02,0.3028E+02,
   79,1995,  11,0.3454E-02,0.1789E+01,0.8947E+01,0.2672E+01,0.1002E+00,0.5677E+00,0.5190E+00,0.1270E+01,0.3340E+01,0.1789E+01,0.4474E+01,
   77,1995,  11,0.3425E+00,0.2630E+03,0.5844E+03,0.1586E+03,0.8248E+02,0.1409E+03,0.3189E+02,0.6640E+02,0.3820E+03,0.9829E+02,0.1268E+04,
   85,1995,  11,0.2403E+00,0.1649E+03,0.5621E+03,0.2308E+03,0.4618E+02,0.6860E+02,0.9908E+01,0.2269E+02,0.3456E+03,0.3260E+02,0.6514E+03,
   52,1995,  11,0.0000E+00,0.0000E+00,0.0000E+00,0.0000E+00,0.0000E+00,0.0000E+00,0.0000E+00,0.0000E+00,0.0000E+00,0.0000E+00,0.0000E+00,
   56,1995,  11,0.4819E-02,0.1873E+01,0.1789E+02,0.5826E+00,0.4578E+00,0.2289E+01,0.3329E+00,0.8323E-01,0.3329E+01,0.4162E+00,0.5410E+02,
   87,1995,  11,0.0000E+00,0.0000E+00,0.0000E+00,0.0000E+00,0.0000E+00,0.0000E+00,0.0000E+00,0.0000E+00,0.0000E+00,0.0000E+00,0.0000E+00,
   44,1995,  11,0.0000E+00,0.0000E+00,0.0000E+00,0.0000E+00,0.0000E+00,0.0000E+00,0.0000E+00,0.0000E+00,0.0000E+00,0.0000E+00,0.0000E+00,
   41,1995,  11,0.0000E+00,0.0000E+00,0.0000E+00,0.0000E+00,0.0000E+00,0.0000E+00,0.0000E+00,0.0000E+00,0.0000E+00,0.0000E+00,0.0000E+00,
   49,1995,  11,0.1008E-02,0.8633E+00,0.1158E+01,0.1176E+01,0.1332E+00,0.2576E+00,0.4179E-01,0.2194E+00,0.1567E+01,0.2612E+00,0.9386E+00,
   91,1995,  11,0.4276E-01,0.2501E+02,0.1627E+02,0.1971E+02,0.3200E+02,0.6603E+01,0.1015E+01,0.4200E+01,0.5831E+02,0.5215E+01,0.4213E+02,
   51,1995,  11,0.3463E-02,0.3349E+01,0.1196E+01,0.4039E+01,0.4575E+00,0.8850E+00,0.1435E+00,0.7535E+00,0.5382E+01,0.8970E+00,0.1196E+01,
   68,1995,  11,0.0000E+00,0.0000E+00,0.0000E+00,0.0000E+00,0.0000E+00,0.0000E+00,0.0000E+00,0.0000E+00,0.0000E+00,0.0000E+00,0.0000E+00,
   54,1995,  11,0.1266E+00,0.7542E+02,0.2514E+03,0.1257E+03,0.4055E+02,0.2295E+02,0.3498E+01,0.2973E+02,0.1892E+03,0.3323E+02,0.1640E+03,
   33,1995,  11,0.0000E+00,0.0000E+00,0.0000E+00,0.0000E+00,0.0000E+00,0.0000E+00,0.0000E+00,0.0000E+00,0.0000E+00,0.0000E+00,0.0000E+00,
   80,1995,  11,0.0000E+00,0.0000E+00,0.0000E+00,0.0000E+00,0.0000E+00,0.0000E+00,0.0000E+00,0.0000E+00,0.0000E+00,0.0000E+00,0.0000E+00,
   50,1995,  11,0.0000E+00,0.0000E+00,0.0000E+00,0.0000E+00,0.0000E+00,0.0000E+00,0.0000E+00,0.0000E+00,0.0000E+00,0.0000E+00,0.0000E+00,
   58,1995,  11,0.6124E-01,0.3762E+02,0.2504E+02,0.4705E+01,0.3452E+02,0.8479E+01,0.2402E+00,0.9614E+00,0.4770E+02,0.1202E+01,0.2102E+02,
   17,1995,  11,0.1380E+00,0.7948E+02,0.3080E+03,0.3752E+02,0.3909E+02,0.6787E+02,0.8846E+01,0.2608E+02,0.1445E+03,0.3493E+02,0.9173E+03,
   95,1995,  11,0.8211E-02,0.6441E+01,0.1283E+02,0.9562E+01,0.1090E+01,0.2095E+01,0.2097E+00,0.1108E+01,0.1275E+02,0.1317E+01,0.2588E+02,
   90,1995,  11,0.0000E+00,0.0000E+00,0.0000E+00,0.0000E+00,0.0000E+00,0.0000E+00,0.0000E+00,0.0000E+00,0.0000E+00,0.0000E+00,0.0000E+00,
   15,1995,  11,0.0000E+00,0.0000E+00,0.0000E+00,0.0000E+00,0.0000E+00,0.0000E+00,0.0000E+00,0.0000E+00,0.0000E+00,0.0000E+00,0.0000E+00,
   14,1995,  11,0.4300E-01,0.1829E+02,0.2327E+02,0.3448E+02,0.3450E+03,0.3374E+02,0.2113E+02,0.5170E+02,0.4132E+03,0.7283E+02,0.2833E+02,
   31,1995,  11,0.5216E+00,0.2292E+03,0.7954E+03,0.2958E+03,0.2511E+02,0.6397E+02,0.1865E+02,0.3986E+02,0.3849E+03,0.5851E+02,0.1087E+04,
   12,1995,  11,0.1480E-01,0.7341E+01,0.2270E+02,0.1178E+02,0.1289E+02,0.3651E+01,0.1209E+01,0.2960E+01,0.2832E+02,0.4169E+01,0.5206E+02,
   23,1995,  11,0.1409E-01,0.5504E+01,0.5166E+01,0.1009E+01,0.1646E+01,0.3398E+00,0.1123E+00,0.2679E+00,0.2995E+01,0.3802E+00,0.6524E+02,
   25,1995,  11,0.9010E+01,0.7107E+04,0.1569E+05,0.1067E+05,0.2572E+04,0.2482E+04,0.2686E+03,0.5528E+03,0.1573E+05,0.8215E+03,0.2316E+05,
   18,1995,  11,0.2199E-01,0.1054E+02,0.2172E+02,0.1143E+02,0.1248E+02,0.3354E+01,0.1235E+01,0.2971E+01,0.2726E+02,0.4205E+01,0.4084E+02,
    4,1995,  11,0.4350E-01,0.1718E+02,0.5357E+01,0.1582E+01,0.4057E+01,0.6433E+00,0.3226E+00,0.8602E+00,0.6283E+01,0.1183E+01,0.1320E+03,
   74,1995,  11,0.8736E+00,0.3759E+03,0.1612E+04,0.4403E+02,0.1249E+02,0.5850E+03,0.3464E+02,0.7115E+02,0.6415E+03,0.1058E+03,0.2212E+04,
   73,1995,  11,0.1227E-03,0.4769E-01,0.3179E+00,0.4993E+00,0.6062E+01,0.5706E+00,0.2257E+00,0.5267E+00,0.7132E+01,0.7524E+00,0.9481E+00,
   69,1995,  11,0.1812E-01,0.7040E+01,0.7445E+01,0.2000E+01,0.2408E+02,0.2270E+01,0.9262E+00,0.2161E+01,0.2835E+02,0.3087E+01,0.7344E+01,
   20,1995,  11,0.8195E+00,0.4477E+03,0.1260E+04,0.1221E+04,0.7912E+03,0.3164E+03,0.1170E+03,0.2771E+03,0.2328E+04,0.3941E+03,0.1616E+04,
   36,1995,  11,0.0000E+00,0.0000E+00,0.0000E+00,0.0000E+00,0.0000E+00,0.0000E+00,0.0000E+00,0.0000E+00,0.0000E+00,0.0000E+00,0.0000E+00,
   16,1995,  11,0.3905E-03,0.1555E+00,0.1012E+01,0.1601E+01,0.1806E+02,0.1724E+01,0.6773E+00,0.1581E+01,0.2139E+02,0.2258E+01,0.2564E+01,
   26,1995,  11,0.3288E-01,0.1629E+02,0.2081E+02,0.1199E+02,0.3973E+02,0.5662E+01,0.8237E+00,0.1999E+01,0.5739E+02,0.2823E+01,0.5024E+02,
   30,1995,  11,0.4176E-02,0.1969E+01,0.9303E+01,0.4802E+01,0.4027E+01,0.1373E+01,0.3665E+00,0.8972E+00,0.1020E+02,0.1264E+01,0.9375E+01,
   66,1995,  11,0.0000E+00,0.0000E+00,0.0000E+00,0.0000E+00,0.0000E+00,0.0000E+00,0.0000E+00,0.0000E+00,0.0000E+00,0.0000E+00,0.0000E+00,
   24,1995,  11,0.1816E-02,0.7838E+00,0.4703E+01,0.2345E+01,0.8795E-01,0.4983E+00,0.1137E+00,0.2783E+00,0.2931E+01,0.3919E+00,0.3919E+01,
   10,1995,  11,0.3676E+01,0.1587E+04,0.9242E+03,0.3941E+03,0.1182E+03,0.9169E+02,0.3021E+02,0.6157E+02,0.6040E+03,0.9179E+02,0.9496E+04,
   19,1995,  11,0.3164E+01,0.1305E+04,0.4624E+04,0.3516E+04,0.4200E+03,0.7746E+03,0.1358E+03,0.2852E+03,0.4711E+04,0.4211E+03,0.6042E+04,
   11,1995,  11,0.8159E+00,0.3376E+03,0.1378E+04,0.1380E+04,0.5518E+02,0.2936E+03,0.3595E+02,0.7305E+02,0.1729E+04,0.1090E+03,0.1733E+04,
    0,1995,  11,0.5957E-02,0.2315E+01,0.6498E+01,0.2479E+00,0.3010E+01,0.2832E+00,0.1417E+00,0.3305E+00,0.3541E+01,0.4722E+00,0.1301E-02,
   62,1995,  11,0.0000E+00,0.0000E+00,0.0000E+00,0.0000E+00,0.0000E+00,0.0000E+00,0.0000E+00,0.0000E+00,0.0000E+00,0.0000E+00,0.0000E+00,
   92,1995,  12,0.3182E-01,0.1603E+02,0.6622E+02,0.3226E+02,0.7258E+01,0.7343E+01,0.1801E+01,0.7589E+01,0.4686E+02,0.9390E+01,0.7520E+02,
   61,1995,  12,0.8179E+00,0.6543E+03,0.2598E+03,0.7347E+03,0.6468E+03,0.2335E+03,0.7575E+01,0.7182E+02,0.1615E+04,0.7939E+02,0.6889E+03,
   86,1995,  12,0.1685E+00,0.1111E+04,0.4165E+03,0.1499E+03,0.2744E+03,0.6820E+02,0.8488E+01,0.4806E+02,0.4925E+03,0.5654E+02,0.1684E+04,
   34,1995,  12,0.2099E+02,0.1494E+05,0.3997E+04,0.6671E+04,0.1825E+05,0.2129E+04,0.8360E+02,0.1969E+03,0.2705E+05,0.2805E+03,0.1507E+05,
   64,1995,  12,0.1174E+02,0.8138E+04,0.9251E+04,0.4839E+04,0.7016E+04,0.1704E+04,0.2277E+03,0.2374E+03,0.1356E+05,0.4651E+03,0.1423E+05,
   63,1995,  12,0.0000E+00,0.0000E+00,0.0000E+00,0.0000E+00,0.0000E+00,0.0000E+00,0.0000E+00,0.0000E+00,0.0000E+00,0.0000E+00,0.0000E+00,
   59,1995,  12,0.1915E+00,0.1472E+03,0.1455E+03,0.8119E+02,0.1951E+02,0.2331E+02,0.3307E+01,0.1207E+02,0.1240E+03,0.1538E+02,0.6614E+02,
   55,1995,  12,0.4917E-01,0.4013E+02,0.8655E+01,0.1385E+01,0.4272E+02,0.3167E+01,0.2267E+00,0.4214E+01,0.4727E+02,0.4441E+01,0.7951E+01,
   65,1995,  12,0.1286E+00,0.1213E+03,0.9015E+02,0.6357E+02,0.1040E+03,0.4356E+02,0.3299E+01,0.1089E+02,0.2112E+03,0.1419E+02,0.1319E+03,
   32,1995,  12,0.7729E+00,0.6098E+03,0.1499E+03,0.2970E+02,0.1055E+04,0.5756E+02,0.1491E+02,0.3986E+02,0.1142E+04,0.5477E+02,0.2209E+03,
   53,1995,  12,0.1811E-01,0.1238E+02,0.3157E+01,0.3149E+01,0.6134E+01,0.6909E+00,0.7810E+00,0.5784E+00,0.9974E+01,0.1359E+01,0.9177E+01,
   47,1995,  12,0.0000E+00,0.0000E+00,0.0000E+00,0.0000E+00,0.0000E+00,0.0000E+00,0.0000E+00,0.0000E+00,0.0000E+00,0.0000E+00,0.0000E+00,
   81,1995,  12,0.0000E+00,0.0000E+00,0.0000E+00,0.0000E+00,0.0000E+00,0.0000E+00,0.0000E+00,0.0000E+00,0.0000E+00,0.0000E+00,0.0000E+00,
   82,1995,  12,0.4383E-01,0.3028E+02,0.0000E+00,0.0000E+00,0.0000E+00,0.1892E+01,0.0000E+00,0.1892E+02,0.1892E+01,0.1892E+02,0.3028E+02,
   79,1995,  12,0.3454E-02,0.1789E+01,0.8947E+01,0.2672E+01,0.1002E+00,0.5677E+00,0.5190E+00,0.1270E+01,0.3340E+01,0.1789E+01,0.4474E+01,
   77,1995,  12,0.2411E+00,0.1786E+03,0.2396E+03,0.1050E+03,0.3840E+02,0.3277E+02,0.1872E+02,0.3424E+02,0.1762E+03,0.5296E+02,0.1633E+03,
   85,1995,  12,0.1925E+00,0.1518E+03,0.4519E+03,0.2140E+03,0.4125E+02,0.4819E+02,0.7411E+01,0.2219E+02,0.3035E+03,0.2960E+02,0.2946E+03,
   52,1995,  12,0.0000E+00,0.0000E+00,0.0000E+00,0.0000E+00,0.0000E+00,0.0000E+00,0.0000E+00,0.0000E+00,0.0000E+00,0.0000E+00,0.0000E+00,
   56,1995,  12,0.0000E+00,0.0000E+00,0.0000E+00,0.0000E+00,0.0000E+00,0.0000E+00,0.0000E+00,0.0000E+00,0.0000E+00,0.0000E+00,0.0000E+00,
   87,1995,  12,0.0000E+00,0.0000E+00,0.0000E+00,0.0000E+00,0.0000E+00,0.0000E+00,0.0000E+00,0.0000E+00,0.0000E+00,0.0000E+00,0.0000E+00,
   44,1995,  12,0.0000E+00,0.0000E+00,0.0000E+00,0.0000E+00,0.0000E+00,0.0000E+00,0.0000E+00,0.0000E+00,0.0000E+00,0.0000E+00,0.0000E+00,
   41,1995,  12,0.0000E+00,0.0000E+00,0.0000E+00,0.0000E+00,0.0000E+00,0.0000E+00,0.0000E+00,0.0000E+00,0.0000E+00,0.0000E+00,0.0000E+00,
   49,1995,  12,0.1183E-02,0.1005E+01,0.2617E+01,0.1381E+01,0.1563E+00,0.3024E+00,0.4906E-01,0.2575E+00,0.1839E+01,0.3066E+00,0.1662E+01,
   91,1995,  12,0.4245E-01,0.2656E+02,0.2090E+02,0.1935E+02,0.3196E+02,0.6525E+01,0.1002E+01,0.4133E+01,0.5783E+02,0.5136E+01,0.4283E+02,
   51,1995,  12,0.3156E-02,0.2943E+01,0.2453E+01,0.3682E+01,0.4169E+00,0.8066E+00,0.1308E+00,0.6867E+00,0.4905E+01,0.8175E+00,0.2998E+01,
   68,1995,  12,0.0000E+00,0.0000E+00,0.0000E+00,0.0000E+00,0.0000E+00,0.0000E+00,0.0000E+00,0.0000E+00,0.0000E+00,0.0000E+00,0.0000E+00,
   54,1995,  12,0.1250E+00,0.7772E+02,0.2914E+03,0.1500E+03,0.5030E+02,0.3346E+02,0.4210E+01,0.2893E+02,0.2338E+03,0.3314E+02,0.2159E+03,
   33,1995,  12,0.0000E+00,0.0000E+00,0.0000E+00,0.0000E+00,0.0000E+00,0.0000E+00,0.0000E+00,0.0000E+00,0.0000E+00,0.0000E+00,0.0000E+00,
   80,1995,  12,0.0000E+00,0.0000E+00,0.0000E+00,0.0000E+00,0.0000E+00,0.0000E+00,0.0000E+00,0.0000E+00,0.0000E+00,0.0000E+00,0.0000E+00,
   50,1995,  12,0.0000E+00,0.0000E+00,0.0000E+00,0.0000E+00,0.0000E+00,0.0000E+00,0.0000E+00,0.0000E+00,0.0000E+00,0.0000E+00,0.0000E+00,
   58,1995,  12,0.6199E-01,0.3846E+02,0.2650E+02,0.4864E+01,0.2822E+02,0.6892E+01,0.5523E+00,0.7132E+00,0.3998E+02,0.1266E+01,0.2228E+02,
   17,1995,  12,0.4702E-01,0.3339E+02,0.4768E+02,0.1874E+02,0.3385E+02,0.1591E+02,0.3024E+01,0.9069E+01,0.6851E+02,0.1209E+02,0.8979E+02,
   95,1995,  12,0.8255E-02,0.7126E+01,0.9236E+01,0.9613E+01,0.1096E+01,0.2107E+01,0.2019E+00,0.1068E+01,0.1282E+02,0.1270E+01,0.2694E+02,
   90,1995,  12,0.0000E+00,0.0000E+00,0.0000E+00,0.0000E+00,0.0000E+00,0.0000E+00,0.0000E+00,0.0000E+00,0.0000E+00,0.0000E+00,0.0000E+00,
   15,1995,  12,0.0000E+00,0.0000E+00,0.0000E+00,0.0000E+00,0.0000E+00,0.0000E+00,0.0000E+00,0.0000E+00,0.0000E+00,0.0000E+00,0.0000E+00,
   14,1995,  12,0.4300E-01,0.1829E+02,0.2966E+02,0.3448E+02,0.3450E+03,0.3374E+02,0.2113E+02,0.5170E+02,0.4132E+03,0.7283E+02,0.2835E+02,
   31,1995,  12,0.5216E+00,0.2292E+03,0.7954E+03,0.2958E+03,0.2511E+02,0.6397E+02,0.1865E+02,0.3986E+02,0.3849E+03,0.5851E+02,0.1087E+04,
   12,1995,  12,0.1497E-01,0.7416E+01,0.2308E+02,0.1205E+02,0.1290E+02,0.3707E+01,0.1237E+01,0.3030E+01,0.2866E+02,0.4267E+01,0.5251E+02,
   23,1995,  12,0.1413E-01,0.5527E+01,0.5279E+01,0.1043E+01,0.1647E+01,0.3470E+00,0.1189E+00,0.2841E+00,0.3037E+01,0.4029E+00,0.6529E+02,
   25,1995,  12,0.9009E+01,0.7106E+04,0.1569E+05,0.1067E+05,0.2572E+04,0.2481E+04,0.2686E+03,0.5528E+03,0.1573E+05,0.8214E+03,0.2316E+05,
   18,1995,  12,0.2199E-01,0.1054E+02,0.2172E+02,0.1143E+02,0.1248E+02,0.3354E+01,0.1235E+01,0.2971E+01,0.2726E+02,0.4205E+01,0.4084E+02,
    4,1995,  12,0.4350E-01,0.1718E+02,0.5357E+01,0.1582E+01,0.4057E+01,0.6433E+00,0.3226E+00,0.8602E+00,0.6283E+01,0.1183E+01,0.1320E+03,
   74,1995,  12,0.8712E+00,0.3749E+03,0.1612E+04,0.4385E+02,0.1041E+02,0.5846E+03,0.3462E+02,0.7111E+02,0.6389E+03,0.1057E+03,0.2211E+04,
   73,1995,  12,0.1227E-03,0.4769E-01,0.3179E+00,0.4993E+00,0.6062E+01,0.5706E+00,0.2257E+00,0.5267E+00,0.7132E+01,0.7524E+00,0.9481E+00,
   69,1995,  12,0.1812E-01,0.7040E+01,0.7445E+01,0.2000E+01,0.2408E+02,0.2270E+01,0.9262E+00,0.2161E+01,0.2835E+02,0.3087E+01,0.7344E+01,
   20,1995,  12,0.8195E+00,0.4477E+03,0.1267E+04,0.1221E+04,0.7912E+03,0.3164E+03,0.1170E+03,0.2771E+03,0.2328E+04,0.3941E+03,0.1597E+04,
   36,1995,  12,0.0000E+00,0.0000E+00,0.0000E+00,0.0000E+00,0.0000E+00,0.0000E+00,0.0000E+00,0.0000E+00,0.0000E+00,0.0000E+00,0.0000E+00,
   16,1995,  12,0.3905E-03,0.1555E+00,0.1012E+01,0.1601E+01,0.1806E+02,0.1724E+01,0.6773E+00,0.1581E+01,0.2139E+02,0.2258E+01,0.2564E+01,
   26,1995,  12,0.3288E-01,0.1629E+02,0.2081E+02,0.1199E+02,0.3973E+02,0.5662E+01,0.8237E+00,0.1999E+01,0.5739E+02,0.2823E+01,0.5024E+02,
   30,1995,  12,0.4176E-02,0.1969E+01,0.9303E+01,0.4802E+01,0.4027E+01,0.1373E+01,0.3665E+00,0.8972E+00,0.1020E+02,0.1264E+01,0.9375E+01,
   66,1995,  12,0.0000E+00,0.0000E+00,0.0000E+00,0.0000E+00,0.0000E+00,0.0000E+00,0.0000E+00,0.0000E+00,0.0000E+00,0.0000E+00,0.0000E+00,
   24,1995,  12,0.1816E-02,0.7838E+00,0.4703E+01,0.2345E+01,0.8795E-01,0.4983E+00,0.1137E+00,0.2783E+00,0.2931E+01,0.3919E+00,0.3919E+01,
   10,1995,  12,0.3676E+01,0.1587E+04,0.9242E+03,0.3941E+03,0.1182E+03,0.9169E+02,0.3021E+02,0.6157E+02,0.6040E+03,0.9179E+02,0.9496E+04,
   19,1995,  12,0.3165E+01,0.1306E+04,0.4634E+04,0.3526E+04,0.4266E+03,0.7764E+03,0.1364E+03,0.2865E+03,0.4729E+04,0.4229E+03,0.6054E+04,
   11,1995,  12,0.8159E+00,0.3376E+03,0.1378E+04,0.1380E+04,0.5518E+02,0.2936E+03,0.3595E+02,0.7305E+02,0.1729E+04,0.1090E+03,0.1733E+04,
    0,1995,  12,0.5957E-02,0.2315E+01,0.6498E+01,0.2479E+00,0.3010E+01,0.2832E+00,0.1417E+00,0.3305E+00,0.3541E+01,0.4722E+00,0.1301E-02,
   62,1995,  12,0.0000E+00,0.0000E+00,0.0000E+00,0.0000E+00,0.0000E+00,0.0000E+00,0.0000E+00,0.0000E+00,0.0000E+00,0.0000E+00,0.0000E+00,
